  67.689173  10
  75.352957  10
  156.318959  10
  237.843778  10
  355.164641  10
  502.359966  10
  679.389422  10
  886.112908  10
  1122.472776  10
  1388.440016  10
  0.000970  10.5
  109.948376  10.5
  148.357338  10.5
  238.427184  10.5
  355.146219  10.5
  502.360275  10.5
  679.389419  10.5
  886.112908  10.5
  1122.472776  10.5
  1388.440016  10.5
  58.627679  9
  68.532292  9
  142.859523  9
  226.843782  9
  344.368412  9
  491.747422  9
  668.878177  9
  875.665232  9
  1112.067609  9
  0.002558  9.5
  95.352434  9.5
  137.957132  9.5
  227.117490  9.5
  344.361788  9.5
  491.747505  9.5
  668.878177  9.5
  875.665232  9.5
  1112.067609  9.5
  49.705108  8
  62.095025  8
  131.313128  8
  217.070968  8
  334.785371  8
  482.300695  8
  659.508214  8
  866.343472  8
  0.006654  8.5
  82.077486  8.5
  128.524392  8.5
  217.186436  8.5
  334.783322  8.5
  482.300713  8.5
  659.508214  8.5
  866.343472  8.5
  41.114670  7
  56.110868  7
  121.554732  7
  208.512922  7
  326.388291  7
  474.003431  7
  651.267867  7
  0.016995  7.5
  70.263113  7.5
  120.115913  7.5
  208.555303  7.5
  326.387777  7.5
  474.003434  7.5
  651.267867  7.5
  33.064637  6
  50.651151  6
  113.431790  6
  201.151923  6
  319.154394  6
  466.841268  6
  0.042385  6.5
  60.021412  6.5
  112.777604  6.5
  201.164726  6.5
  319.154300  6.5
  466.841268  6.5
  25.748381  5
  45.787997  5
  106.793045  5
  194.967711  5
  313.064622  5
  0.102441  5.5
  51.435838  5.5
  106.543737  5.5
  194.970571  5.5
  313.064613  5.5
  19.321455  4
  41.594958  4
  101.508848  4
  189.939933  4
  0.237617  4.5
  44.554827  4.5
  101.436813  4.5
  189.940292  4.5
  13.888032  3
  38.149710  3
  97.480363  3
  0.522933  3.5
  39.380173  3.5
  97.468265  3.5
  9.493929  2
  35.539193  2
  1.079663  2.5
  35.855637  2.5
  6.122877  1
  2.073965  1.5
