  42.581248  10
  42.584926  10
  109.960103  10
  111.696040  10
  147.137503  10
  169.503732  10
  203.973286  10
  244.698359  10
  291.907107  10
  345.371447  10
  0.000000  10.5
  79.679413  10.5
  79.804736  10.5
  130.735402  10.5
  140.119595  10.5
  170.598745  10.5
  203.897312  10.5
  244.701128  10.5
  291.907055  10.5
  345.371447  10.5
  38.048113  9
  38.059832  9
  95.175920  9
  98.690832  9
  128.057405  9
  153.749179  9
  188.572343  9
  229.763515  9
  277.249930  9
  0.000000  9.5
  70.449559  9.5
  70.784795  9.5
  111.369909  9.5
  124.774635  9.5
  154.078159  9.5
  188.557206  9.5
  229.763853  9.5
  277.249927  9.5
  33.503349  8
  33.539470  8
  80.158237  8
  86.314644  8
  112.105042  8
  139.902330  8
  175.111261  8
  216.614044  8
  0.000000  8.5
  61.040019  8.5
  61.872819  8.5
  93.667284  8.5
  110.887233  8.5
  139.978670  8.5
  175.109154  8.5
  216.614065  8.5
  28.929854  7
  29.036355  7
  65.570739  7
  74.877540  7
  99.021069  7
  127.943652  7
  163.464249  7
  0.000000  7.5
  51.340055  7.5
  53.198018  7.5
  78.387670  7.5
  98.678341  7.5
  127.956038  7.5
  163.464094  7.5
  24.287891  6
  24.582816  6
  52.258582  6
  64.685557  6
  88.322867  6
  117.800373  6
  0.000001  6.5
  41.393881  6.5
  44.965240  6.5
  65.962314  6.5
  88.255860  6.5
  117.801442  6.5
  19.507701  5
  20.250483  5
  40.945965  5
  55.984860  5
  79.629035  5
  0.000011  5.5
  31.651458  5.5
  37.441602  5.5
  56.303481  5.5
  79.622033  5.5
  14.556580  4
  16.171290  4
  32.121384  4
  48.919853  4
  0.000148  4.5
  22.852375  4.5
  30.914735  4.5
  48.962282  4.5
  9.668887  3
  12.541201  3
  25.866968  3
  0.001775  3.5
  15.653140  3.5
  25.642466  3.5
  5.433728  2
  9.593940  2
  0.018498  2.5
  10.489387  2.5
  2.406724  1
  0.146832  1.5
