  49.010178  10
  49.155637  10
  115.515554  10
  129.570006  10
  171.813253  10
  220.592118  10
  281.054217  10
  352.100106  10
  433.591251  10
  525.442974  10
  0.000000  10.5
  88.788767  10.5
  91.342777  10.5
  137.778559  10.5
  170.706048  10.5
  220.658299  10.5
  281.052080  10.5
  352.100145  10.5
  433.591251  10.5
  525.442974  10.5
  43.618855  9
  43.924368  9
  98.893241  9
  116.917879  9
  157.885313  9
  207.652211  9
  268.417987  9
  339.664880  9
  421.288357  9
  0.000001  9.5
  77.171637  9.5
  81.458019  9.5
  121.382732  9.5
  157.463533  9.5
  207.670393  9.5
  268.417580  9.5
  339.664885  9.5
  421.288357  9.5
  38.140027  8
  38.757915  8
  83.636877  8
  105.420961  8
  145.899666  8
  196.250007  8
  257.243877  8
  328.636086  8
  0.000003  8.5
  65.419685  8.5
  72.040022  8.5
  107.520345  8.5
  145.763948  8.5
  196.253988  8.5
  257.243822  8.5
  328.636087  8.5
  32.523982  7
  33.710774  7
  70.186343  7
  95.219538  7
  135.632396  7
  186.330048  7
  247.486463  7
  0.000021  7.5
  53.895687  7.5
  63.262045  7.5
  96.048180  7.5
  135.597407  7.5
  186.330670  7.5
  247.486459  7.5
  26.743098  6
  28.865811  6
  58.865876  6
  86.405820  6
  126.932159  6
  177.839987  6
  0.000129  6.5
  43.084600  6.5
  55.303808  6.5
  86.667874  6.5
  126.925663  6.5
  177.840040  6.5
  20.877650  5
  24.335583  5
  49.820651  5
  79.020284  5
  119.698141  5
  0.000773  5.5
  33.446872  5.5
  48.334516  5.5
  79.080469  5.5
  119.697483  5.5
  15.198558  4
  20.256012  4
  42.952414  4
  73.058512  4
  0.004406  4.5
  25.343110  4.5
  42.498034  4.5
  73.066188  4.5
  10.114568  3
  16.774628  3
  37.980387  3
  0.023298  3.5
  19.029284  3.5
  37.901683  3.5
  5.999641  2
  14.042205  2
  0.108903  2.5
  14.656065  2.5
  3.059560  1
  0.421121  1.5
