  62.284130  10
  65.745717  10
  137.388962  10
  193.947621  10
  281.327983  10
  390.917083  10
  522.949567  10
  677.227052  10
  853.676501  10
  1052.261097  10
  0.000132  10.5
  102.773207  10.5
  125.816315  10.5
  195.206160  10.5
  281.272236  10.5
  390.918375  10.5
  522.949550  10.5
  677.227052  10.5
  853.676501  10.5
  1052.261097  10.5
  54.379343  9
  59.322606  9
  122.793969  9
  182.550678  9
  270.078783  9
  379.922424  9
  512.088107  9
  666.449144  9
  842.954401  9
  0.000421  9.5
  88.423466  9.5
  115.431021  9.5
  183.148912  9.5
  270.058638  9.5
  379.922770  9.5
  512.088104  9.5
  666.449144  9.5
  842.954401  9.5
  46.407756  8
  53.191796  8
  110.240048  8
  172.417305  8
  260.127793  8
  370.153580  8
  502.418897  8
  656.842450  8
  0.001323  8.5
  75.156088  8.5
  105.933594  8.5
  172.672011  8.5
  260.121539  8.5
  370.153654  8.5
  502.418897  8.5
  656.842450  8.5
  38.521336  7
  47.430804  7
  99.678325  7
  163.547280  7
  251.432494  7
  361.587534  7
  493.925512  7
  0.004081  7.5
  63.188069  7.5
  97.408234  7.5
  163.641363  7.5
  251.430920  7.5
  361.587546  7.5
  493.925512  7.5
  30.940148  6
  42.122585  6
  90.974161  6
  155.927721  6
  243.958817  6
  354.204069  6
  0.012289  6.5
  52.695026  6.5
  89.926269  6.5
  155.956265  6.5
  243.958529  6.5
  354.204070  6.5
  23.912580  5
  37.352705  5
  83.947328  5
  149.537620  5
  237.679101  5
  0.035824  5.5
  43.813877  5.5
  83.544005  5.5
  149.544013  5.5
  237.679072  5.5
  17.666918  4
  33.207859  4
  78.418671  4
  144.352400  4
  0.099835  4.5
  36.641359  4.5
  78.301416  4.5
  144.353204  4.5
  12.375157  3
  29.777160  3
  74.241793  3
  0.261657  3.5
  31.222899  3.5
  74.222028  3.5
  8.133652  2
  27.157527  2
  0.633029  2.5
  27.533133  2.5
  4.954121  1
  1.391613  1.5
