  285.602386  10
  1224.247886  10
  3307.135894  10
  6430.671179  10
  10596.421483  10
  15803.935641  10
  22053.089663  10
  29343.836910  10
  37676.156621  10
  47050.038406  10
  49.072158  10.5
  1232.283539  10.5
  3307.096752  10.5
  6430.671246  10.5
  10596.421483  10.5
  15803.935641  10.5
  22053.089663  10.5
  29343.836910  10.5
  37676.156621  10.5
  47050.038406  10.5
  266.104601  9
  1214.573445  9
  3297.180313  9
  6420.936128  9
  10586.771961  9
  15794.329023  9
  22043.507601  9
  29334.270210  9
  37666.600168  9
  54.586253  9.5
  1220.434320  9.5
  3297.157470  9.5
  6420.936159  9.5
  10586.771961  9.5
  15794.329023  9.5
  22043.507601  9.5
  29334.270210  9.5
  37666.600168  9.5
  247.527859  8
  1205.826456  8
  3288.280197  8
  6412.228694  8
  10578.139952  8
  15785.734826  8
  22034.935039  8
  29325.711180  8
  60.600252  8.5
  1209.939595  8.5
  3288.267732  8.5
  6412.228707  8.5
  10578.139952  8.5
  15785.734826  8.5
  22034.935039  8.5
  29325.711180  8.5
  229.859143  7
  1198.026618  7
  3280.432845  7
  6404.547920  7
  10570.524865  7
  15778.152650  7
  22027.371689  7
  67.143519  7.5
  1200.774916  7.5
  3280.426610  7.5
  6404.547924  7.5
  10570.524865  7.5
  15778.152650  7.5
  22027.371689  7.5
  213.083890  6
  1191.194293  6
  3273.635973  6
  6397.892959  6
  10563.926178  6
  15771.582144  6
  74.245416  6.5
  1192.915347  6.5
  3273.633201  6.5
  6397.892960  6.5
  10563.926178  6.5
  15771.582144  6.5
  197.186020  5
  1185.350501  5
  3267.887687  5
  6392.263078  5
  10558.343438  5
  81.935145  5.5
  1186.335590  5.5
  3267.886647  5.5
  6392.263079  5.5
  10558.343438  5.5
  182.147969  4
  1180.516915  4
  3263.186456  4
  6387.657659  4
  90.241593  4.5
  1181.010127  4.5
  3263.186159  4.5
  6387.657659  4.5
  167.950729  3
  1176.715844  3
  3259.531087  3
  99.193190  3.5
  1176.913336  3.5
  3259.531037  3.5
  154.573901  2
  1173.970210  2
  108.817761  2.5
  1174.019620  2.5
  141.995757  1
  119.142392  1.5
