  82.532991  10
  116.070061  10
  254.477999  10
  440.857906  10
  692.984301  10
  1008.655954  10
  1387.701365  10
  1830.039435  10
  2335.634071  10
  2904.467100  10
  0.047973  10.5
  143.558029  10.5
  251.814071  10.5
  440.938064  10.5
  692.983185  10.5
  1008.655962  10.5
  1387.701365  10.5
  1830.039435  10.5
  2335.634071  10.5
  2904.467100  10.5
  71.147765  9
  108.394358  9
  243.105618  9
  430.539908  9
  682.840185  9
  998.610660  9
  1377.712725  9
  1820.086391  9
  2325.704844  9
  0.088259  9.5
  129.170344  9.5
  241.528639  9.5
  430.577070  9.5
  682.839786  9.5
  998.610662  9.5
  1377.712725  9.5
  1820.086391  9.5
  2325.704844  9.5
  60.455742  8
  101.285842  8
  233.169706  8
  421.352163  8
  673.795498  8
  989.643826  8
  1368.790632  8
  1811.192405  8
  0.160139  8.5
  116.370754  8.5
  232.299438  8.5
  421.367703  8.5
  673.795375  8.5
  989.643826  8.5
  1368.790632  8.5
  1811.192405  8.5
  50.564590  7
  94.791658  7
  224.581932  7
  413.281524  7
  665.839543  7
  981.748408  7
  1360.930040  7
  0.285751  7.5
  105.196663  7.5
  224.142782  7.5
  413.287191  7.5
  665.839512  7.5
  981.748408  7.5
  1360.930040  7.5
  41.561254  6
  88.960154  6
  217.266596  6
  406.315336  6
  658.962990  6
  974.918206  6
  0.499831  6.5
  95.667306  6.5
  217.070012  6.5
  406.317040  6.5
  658.962984  6.5
  974.918206  6.5
  33.509085  5
  83.841973  5
  211.161962  5
  400.441926  5
  653.157819  5
  0.854031  5.5
  87.779812  5.5
  211.087834  5.5
  400.442305  5.5
  653.157819  5.5
  26.446048  4
  79.491655  4
  206.220128  4
  395.650988  4
  1.420407  4.5
  81.505747  4.5
  206.198860  4.5
  395.651036  4.5
  20.383526  3
  75.969665  3
  202.405946  3
  2.292339  3.5
  76.789830  3.5
  202.402390  3.5
  15.305503  2
  73.344646  2
  3.581431  2.5
  73.552333  2.5
  11.168292  1
  5.410099  1.5
