  69.909924  10
  80.061763  10
  166.565153  10
  260.254490  10
  392.664876  10
  558.742941  10
  758.394560  10
  991.494697  10
  1257.990554  10
  1557.855563  10
  0.002004  10.5
  113.577551  10.5
  159.807712  10.5
  260.679994  10.5
  392.653122  10.5
  558.743114  10.5
  758.394558  10.5
  991.494697  10.5
  1257.990554  10.5
  1557.855563  10.5
  60.403679  9
  73.090269  9
  153.534570  9
  249.394295  9
  382.012594  9
  548.254128  9
  747.997019  9
  981.154450  9
  1247.688632  9
  0.004940  9.5
  98.951271  9.5
  149.415426  9.5
  249.593265  9.5
  382.008373  9.5
  548.254175  9.5
  747.997018  9.5
  981.154450  9.5
  1247.688632  9.5
  51.136442  8
  66.536478  8
  142.338481  8
  239.744413  8
  372.547632  8
  538.911896  8
  738.724364  8
  971.925497  8
  0.012003  8.5
  85.714424  8.5
  140.014009  8.5
  239.828153  8.5
  372.546328  8.5
  538.911906  8.5
  738.724364  8.5
  971.925497  8.5
  42.299242  7
  60.466168  7
  132.843369  7
  231.290445  7
  364.246877  7
  530.701985  7
  730.566420  7
  0.028636  7.5
  73.983666  7.5
  131.651163  7.5
  231.321128  7.5
  364.246549  7.5
  530.701986  7.5
  730.566420  7.5
  34.083041  6
  54.946053  6
  124.904544  6
  224.014557  6
  357.090761  6
  523.611870  6
  0.066730  6.5
  63.851611  6.5
  124.364708  6.5
  224.023814  6.5
  357.090702  6.5
  523.611870  6.5
  26.656079  5
  50.043585  5
  118.387347  5
  217.897651  5
  351.062789  5
  0.150825  5.5
  55.384125  5.5
  118.182175  5.5
  217.899717  5.5
  351.062783  5.5
  20.148220  4
  45.828088  4
  113.180130  4
  212.921221  4
  0.327803  4.5
  48.613165  4.5
  113.120950  4.5
  212.921480  4.5
  14.642063  3
  42.373626  3
  109.199046  3
  0.678521  3.5
  43.526400  3.5
  109.189118  3.5
  10.168214  2
  39.763747  2
  1.325609  2.5
  40.059222  2.5
  6.702622  1
  2.429057  1.5
