  122.846583  10
  288.689425  10
  719.372795  10
  1357.332311  10
  2209.404869  10
  3274.875071  10
  4553.600532  10
  6045.526634  10
  7750.628962  10
  9668.895264  10
  2.359639  10.5
  305.633770  10.5
  718.946527  10.5
  1357.335914  10.5
  2209.404854  10.5
  3274.875072  10.5
  4553.600532  10.5
  6045.526634  10.5
  7750.628962  10.5
  9668.895264  10.5
  108.944547  9
  279.966571  9
  709.129449  9
  1347.451702  9
  2199.634428  9
  3265.160744  9
  4543.918442  9
  6035.864759  9
  7740.980593  9
  3.130365  9.5
  292.459669  9.5
  708.880124  9.5
  1347.453366  9.5
  2199.634423  9.5
  3265.160744  9.5
  4543.918442  9.5
  6035.864759  9.5
  7740.980593  9.5
  96.010797  8
  271.999907  8
  700.015151  8
  1338.625210  8
  2190.901286  8
  3256.474928  8
  4535.259798  8
  6027.223145  8
  4.119928  8.5
  280.854171  8.5
  699.878842  8.5
  1338.625904  8.5
  2190.901285  8.5
  3256.474928  8.5
  4535.259798  8.5
  6027.223145  8.5
  84.052642  7
  264.820893  7
  692.010784  7
  1330.848213  7
  2183.202492  7
  3248.815638  7
  4527.623172  7
  5.376662  7.5
  270.789215  7.5
  691.942496  7.5
  1330.848466  7.5
  2183.202491  7.5
  3248.815638  7.5
  4527.623172  7.5
  73.069670  6
  258.463112  6
  685.100551  6
  1324.116588  6
  2176.535445  6
  3242.181123  6
  6.954593  6.5
  262.229348  6.5
  685.070151  6.5
  1324.116664  6.5
  2176.535445  6.5
  3242.181123  6.5
  63.053653  5
  252.962618  5
  679.271708  5
  1318.426735  5
  2170.897897  5
  8.912646  5.5
  255.132385  5.5
  679.260293  5.5
  1318.426752  5.5
  2170.897897  5.5
  53.988489  4
  248.358261  4
  674.514280  4
  1313.775591  4
  11.313483  4.5
  249.450419  4.5
  674.511015  4.5
  1313.775594  4.5
  45.850226  3
  244.691950  3
  670.820768  3
  14.222048  3.5
  245.131090  3.5
  670.820224  3.5
  38.607180  2
  242.008820  2
  17.703931  2.5
  242.119013  2.5
  32.220211  1
  21.823683  1.5
