  69.570677  10
  79.310842  10
  164.898404  10
  256.650290  10
  386.640376  10
  549.691112  10
  745.715153  10
  974.585386  10
  1236.248319  10
  1530.677035  10
  0.001799  10.5
  112.993294  10.5
  157.967629  10.5
  257.096759  10.5
  386.627791  10.5
  549.691302  10.5
  745.715152  10.5
  974.585386  10.5
  1236.248319  10.5
  1530.677035  10.5
  60.130540  9
  72.361904  9
  151.804539  9
  245.769638  9
  375.967439  9
  539.184485  9
  735.301232  9
  964.229655  9
  1225.931512  9
  0.004481  9.5
  98.369552  9.5
  147.573737  9.5
  245.978505  9.5
  375.962918  9.5
  539.184536  9.5
  735.301231  9.5
  964.229655  9.5
  1225.931512  9.5
  50.914011  8
  65.825570  8
  140.557584  8
  236.101881  8
  366.485502  8
  529.827202  8
  726.014554  8
  954.987324  8
  0.010997  8.5
  85.125676  8.5
  138.167442  8.5
  236.189814  8.5
  366.484105  8.5
  529.827213  8.5
  726.014554  8.5
  954.987324  8.5
  42.113020  7
  59.768225  7
  131.024646  7
  227.632842  7
  358.170883  7
  521.604704  7
  717.844731  7
  0.026503  7.5
  73.381562  7.5
  129.797757  7.5
  227.665070  7.5
  358.170533  7.5
  521.604706  7.5
  717.844731  7.5
  33.921415  6
  54.257269  6
  123.059511  6
  220.344661  6
  351.003564  6
  514.504204  6
  0.062382  6.5
  63.232620  6.5
  122.503655  6.5
  220.354387  6.5
  351.003501  6.5
  514.504204  6.5
  26.511229  5
  49.360832  5
  116.524962  5
  214.218047  5
  344.966685  5
  0.142397  5.5
  54.747276  5.5
  116.313622  5.5
  214.220217  5.5
  344.966679  5.5
  20.016058  4
  45.148844  4
  111.306734  4
  209.234213  4
  0.312463  4.5
  47.959889  4.5
  111.245760  4.5
  209.234485  4.5
  14.521579  3
  41.695887  3
  107.318846  3
  0.652613  3.5
  42.860145  3.5
  107.308615  3.5
  10.060546  2
  39.086008  2
  1.285358  2.5
  39.384570  2.5
  6.609981  1
  2.371668  1.5
