  39.279535  10
  39.279549  10
  104.604145  10
  104.635352  10
  148.674300  10
  152.580603  10
  175.322956  10
  196.316877  10
  223.148172  10
  254.043872  10
  0.000000  10.5
  74.194208  10.5
  74.195180  10.5
  130.015679  10.5
  130.529972  10.5
  161.170664  10.5
  173.383302  10.5
  196.490925  10.5
  223.141149  10.5
  254.043982  10.5
  35.133348  9
  35.133430  9
  92.038123  9
  92.167222  9
  126.073978  9
  133.508719  9
  154.040070  9
  176.939978  9
  204.343350  9
  0.000000  9.5
  65.886797  9.5
  65.891731  9.5
  112.587827  9.5
  114.152038  9.5
  137.343575  9.5
  153.561447  9.5
  176.963607  9.5
  204.342923  9.5
  30.986285  8
  30.986755  8
  79.299450  8
  79.774990  8
  104.753889  8
  116.069444  8
  136.221889  8
  160.057932  8
  0.000000  8.5
  57.564609  8.5
  57.588175  8.5
  94.601975  8.5
  98.359670  8.5
  117.254322  8.5
  136.146081  8.5
  160.059561  8.5
  26.837187  7
  26.839786  7
  66.179082  7
  67.640864  7
  86.190929  7
  100.733875  7
  121.194270  7
  0.000000  7.5
  49.198108  7.5
  49.301553  7.5
  76.790795  7.5
  83.671571  7.5
  100.961532  7.5
  121.188224  7.5
  22.681581  6
  22.695136  6
  52.694464  6
  56.126034  6
  71.259713  6
  87.730750  6
  0.000000  6.5
  40.697226  6.5
  41.097136  6.5
  60.568590  6.5
  70.640187  6.5
  87.752357  6.5
  18.501426  5
  18.566443  5
  39.724168  5
  45.738972  5
  59.748058  5
  0.000000  5.5
  31.902159  5.5
  33.155920  5.5
  47.185928  5.5
  59.674911  5.5
  14.235418  4
  14.507472  4
  28.570748  4
  36.989909  4
  0.000001  4.5
  22.966252  4.5
  25.831817  4.5
  37.217358  4.5
  9.786713  3
  10.674625  3
  20.213160  3
  0.000040  3.5
  14.855804  3.5
  19.602563  3.5
  5.427962  2
  7.377340  2
  0.001447  2.5
  8.659795  2.5
  2.109342  1
  0.037312  1.5
