  43.975647  10
  43.987077  10
  111.471012  10
  115.032222  10
  150.157052  10
  179.023075  10
  219.050716  10
  266.378794  10
  320.985873  10
  382.709197  10
  0.000000  10.5
  81.867669  10.5
  82.194471  10.5
  131.097103  10.5
  145.558413  10.5
  179.554198  10.5
  219.021302  10.5
  266.379675  10.5
  320.985859  10.5
  382.709197  10.5
  39.271392  9
  39.303462  9
  95.871732  9
  102.019521  9
  132.738465  9
  164.154194  9
  204.580500  9
  252.269020  9
  307.102009  9
  0.000000  9.5
  72.164489  9.5
  72.926694  9.5
  112.147576  9.5
  130.755551  9.5
  164.307605  9.5
  204.574745  9.5
  252.269126  9.5
  307.102008  9.5
  34.544938  8
  34.631899  8
  80.452966  8
  89.814882  8
  118.193826  8
  151.101036  8
  191.878115  8
  239.816463  8
  0.000000  8.5
  62.203288  8.5
  63.843766  8.5
  95.333371  8.5
  117.501913  8.5
  151.135771  8.5
  191.877324  8.5
  239.816470  8.5
  29.768618  7
  29.993851  7
  65.953536  7
  78.693444  7
  106.114140  7
  139.811839  7
  180.852928  7
  0.000000  7.5
  51.946435  7.5
  55.103704  7.5
  81.159370  7.5
  105.926645  7.5
  139.817387  7.5
  180.852870  7.5
  24.889705  6
  25.436143  6
  53.080002  6
  68.898116  6
  96.103560  6
  130.211663  6
  0.000004  6.5
  41.629190  6.5
  46.921753  6.5
  69.746750  6.5
  96.067687  6.5
  130.212137  6.5
  19.845209  5
  21.047313  5
  42.381180  5
  60.602604  5
  87.896517  5
  0.000042  5.5
  31.824607  5.5
  39.546756  5.5
  60.807215  5.5
  87.892814  5.5
  14.675388  4
  16.968678  4
  34.160753  4
  53.890638  4
  0.000417  4.5
  23.191932  4.5
  33.224587  4.5
  53.917410  4.5
  9.713620  3
  13.387317  3
  28.332355  3
  0.003881  3.5
  16.245687  3.5
  28.162891  3.5
  5.521236  2
  10.511292  2
  0.031511  2.5
  11.320462  2.5
  2.539364  1
  0.199086  1.5
