  3620.166593  10
  27336.572666  10
  75833.071702  10
  148581.768492  10
  245581.004946  10
  366830.363602  10
  512329.725202  10
  682079.045018  10
  876078.303169  10
  1094327.489714  10
  2517.280127  10.5
  27338.257550  10.5
  75833.071355  10.5
  148581.768492  10.5
  245581.004946  10.5
  366830.363602  10.5
  512329.725202  10.5
  682079.045018  10.5
  876078.303169  10.5
  1094327.489714  10.5
  3557.757861  9
  27326.111376  9
  75823.173595  9
  148572.068984  9
  245571.384877  9
  366820.783259  9
  512320.167561  9
  682069.501566  9
  876068.769177  9
  2565.450807  9.5
  27327.336897  9.5
  75823.173393  9.5
  148572.068984  9.5
  245571.384877  9.5
  366820.783259  9.5
  512320.167561  9.5
  682069.501566  9.5
  876068.769177  9.5
  3496.143196  8
  27316.729991  8
  75814.317642  8
  148563.390600  8
  245562.777522  8
  366812.211424  8
  512311.616024  8
  682060.962715  8
  2614.323805  8.5
  27317.587949  8.5
  75814.317531  8.5
  148563.390600  8.5
  245562.777522  8.5
  366812.211424  8.5
  512311.616024  8.5
  682060.962715  8.5
  3435.317913  7
  27308.433449  7
  75806.503757  7
  148555.733299  7
  245555.182858  7
  366804.648080  7
  512304.070579  7
  2663.904591  7.5
  27309.005476  7.5
  75806.503701  7.5
  148555.733299  7.5
  245555.182858  7.5
  366804.648080  7.5
  512304.070579  7.5
  3375.277274  6
  27301.226711  6
  75799.731868  6
  148549.097045  6
  245548.600860  6
  366798.093212  6
  2714.198594  6.5
  27301.584258  6.5
  75799.731843  6.5
  148549.097045  6.5
  245548.600860  6.5
  366798.093212  6.5
  3316.016488  5
  27295.114762  5
  75794.001911  5
  148543.481805  5
  245543.031510  5
  2765.211206  5.5
  27295.319089  5.5
  75794.001902  5.5
  148543.481805  5.5
  245543.031510  5.5
  3257.530716  4
  27290.102603  4
  75789.313836  4
  148538.887555  4
  2816.947778  4.5
  27290.204773  4.5
  75789.313833  4.5
  148538.887555  4.5
  3199.815066  3
  27286.195261  3
  75785.667598  3
  2869.413618  3.5
  27286.236131  3.5
  75785.667597  3.5
  3142.864595  2
  27283.397779  2
  2922.613992  2.5
  27283.407997  2.5
  3086.674315  1
  2976.554122  1.5
