  41.944625  10
  41.946555  10
  109.129336  10
  110.257167  10
  146.399800  10
  165.525159  10
  197.450707  10
  235.044857  10
  278.782196  10
  328.380839  10
  0.000000  10.5
  78.650058  10.5
  78.722277  10.5
  130.727538  10.5
  137.891872  10.5
  167.095770  10.5
  197.326721  10.5
  235.049884  10.5
  278.782092  10.5
  328.380840  10.5
  37.487748  9
  37.494360  9
  94.787678  9
  97.287892  9
  126.469982  9
  149.280526  9
  181.487726  9
  219.623727  9
  263.670766  9
  0.000000  9.5
  69.619047  9.5
  69.827503  9.5
  111.315393  9.5
  122.293490  9.5
  149.766393  9.5
  181.462704  9.5
  219.624345  9.5
  263.670760  9.5
  33.022761  8
  33.044670  8
  80.075686  8
  84.850019  8
  109.692144  8
  134.977790  8
  167.576379  8
  206.064768  8
  0.000000  8.5
  60.449022  8.5
  61.009495  8.5
  93.250834  8.5
  108.077292  8.5
  135.092549  8.5
  167.572866  8.5
  206.064808  8.5
  28.536945  7
  28.606442  7
  65.532566  7
  73.262662  7
  95.985524  7
  122.627949  7
  155.563402  7
  0.000000  7.5
  51.020744  7.5
  52.379195  7.5
  77.423157  7.5
  95.518548  7.5
  122.646771  7.5
  155.563142  7.5
  23.997922  6
  24.205219  6
  52.039532  6
  62.862356  6
  84.865966  6
  112.166047  6
  0.000000  6.5
  41.296966  6.5
  44.129432  6.5
  64.429194  6.5
  84.773255  6.5
  112.167682  6.5
  19.339608  5
  19.903028  5
  40.420438  5
  53.936846  5
  75.881773  5
  0.000006  5.5
  31.624077  5.5
  36.531338  5.5
  54.337174  5.5
  75.872004  5.5
  14.503121  4
  15.824160  4
  31.265486  4
  46.669490  4
  0.000083  4.5
  22.751687  4.5
  29.893364  4.5
  46.723449  4.5
  9.662683  3
  12.166680  3
  24.762191  3
  0.001141  3.5
  15.417794  3.5
  24.502362  3.5
  5.404339  2
  9.178058  2
  0.013713  2.5
  10.121846  2.5
  2.347607  1
  0.124188  1.5
