  67.472021  10
  74.918174  10
  155.399631  10
  235.799186  10
  351.738119  10
  497.202828  10
  672.159582  10
  876.466602  10
  1110.065723  10
  1372.927678  10
  0.000901  10.5
  109.617414  10.5
  147.311435  10.5
  236.400916  10.5
  351.718866  10.5
  497.203155  10.5
  672.159578  10.5
  876.466602  10.5
  1110.065723  10.5
  1372.927678  10.5
  58.455395  9
  68.112654  9
  141.896574  9
  224.784778  9
  340.926660  9
  486.577251  9
  661.636369  9
  866.007624  9
  1099.649700  9
  0.002393  9.5
  95.026298  9.5
  136.910812  9.5
  225.067189  9.5
  340.919736  9.5
  486.577338  9.5
  661.636369  9.5
  866.007624  9.5
  1099.649700  9.5
  49.568109  8
  61.687065  8
  130.313766  8
  214.999184  8
  331.331154  8
  477.119522  8
  652.256168  8
  856.676104  8
  0.006267  8.5
  81.748699  8.5
  127.475106  8.5
  215.118356  8.5
  331.329012  8.5
  477.119541  8.5
  652.256168  8.5
  856.676104  8.5
  41.003066  7
  55.711495  7
  120.527604  7
  206.430258  7
  322.923923  7
  468.813066  7
  644.007155  7
  0.016119  7.5
  69.926675  7.5
  119.062065  7.5
  206.474006  7.5
  322.923385  7.5
  468.813069  7.5
  644.007155  7.5
  32.969981  6
  50.257738  6
  112.385099  6
  199.060331  6
  315.681837  6
  461.643325  6
  0.040479  6.5
  59.674394  6.5
  111.718460  6.5
  199.073548  6.5
  315.681739  6.5
  461.643325  6.5
  25.664694  5
  45.398402  5
  105.733416  5
  192.869047  5
  309.585564  5
  0.098507  5.5
  51.077139  5.5
  105.479286  5.5
  192.871999  5.5
  309.585554  5.5
  19.245427  4
  41.207488  4
  100.441044  4
  187.835870  4
  0.230022  4.5
  44.185055  4.5
  100.367601  4.5
  187.836240  4.5
  13.818646  3
  37.763054  3
  96.407546  3
  0.509420  3.5
  39.001434  3.5
  96.395210  3.5
  9.431811  2
  35.152390  2
  1.057764  2.5
  35.470982  2.5
  6.069511  1
  2.041784  1.5
