  42.699244  10
  42.703346  10
  110.103525  10
  111.968222  10
  147.321820  10
  170.268412  10
  205.209267  10
  246.503922  10
  294.347390  10
  348.519297  10
  0.000000  10.5
  79.868273  10.5
  80.005801  10.5
  130.745467  10.5
  140.550734  10.5
  171.294866  10.5
  205.139580  10.5
  246.506416  10.5
  294.347344  10.5
  348.519297  10.5
  38.151857  9
  38.164769  9
  95.241190  9
  98.958912  9
  128.394309  9
  154.598167  9
  189.901057  9
  231.650257  9
  279.766149  9
  0.000000  9.5
  70.600342  9.5
  70.963476  9.5
  111.401054  9.5
  125.252696  9.5
  154.905190  9.5
  189.887200  9.5
  231.650561  9.5
  279.766147  9.5
  33.592102  8
  33.631413  8
  80.176026  8
  86.595617  8
  112.581222  8
  140.828393  8
  176.514884  8
  218.569232  8
  0.000000  8.5
  61.145284  8.5
  62.035237  8.5
  93.769954  8.5
  111.423426  8.5
  140.899445  8.5
  176.512958  8.5
  218.569252  8.5
  29.002018  7
  29.116495  7
  65.587505  7
  75.186057  7
  99.599188  7
  128.935299  7
  164.928995  7
  0.000000  7.5
  51.395752  7.5
  53.353329  7.5
  78.589441  7.5
  99.274707  7.5
  128.946807  7.5
  164.928853  7.5
  24.340574  6
  24.653603  6
  52.310836  6
  65.030652  6
  88.970124  6
  118.845322  6
  0.000001  6.5
  41.412172  6.5
  45.124239  6.5
  66.261552  6.5
  88.906833  6.5
  118.846314  6.5
  19.537791  5
  20.316018  5
  41.053201  5
  56.368500  5
  80.324490  5
  0.000013  5.5
  31.660289  5.5
  37.613938  5.5
  56.674541  5.5
  80.317886  5.5
  14.566468  4
  16.236824  4
  32.285682  4
  49.337694  4
  0.000164  4.5
  22.875176  4.5
  31.106290  4.5
  49.378371  4.5
  9.671111  3
  12.611414  3
  26.073031  3
  0.001913  3.5
  15.699420  3.5
  25.854223  3.5
  5.440000  2
  9.671111  2
  0.019464  2.5
  10.558313  2.5
  2.417778  1
  0.151111  1.5
