  58.633184  10
  60.445056  10
  128.574072  10
  171.287132  10
  242.900564  10
  332.450669  10
  440.580708  10
  567.019027  10
  711.678472  10
  874.514826  10
  0.000028  10.5
  98.843149  10.5
  114.039823  10.5
  173.397699  10.5
  242.780987  10.5
  332.454144  10.5
  440.580651  10.5
  567.019027  10.5
  711.678472  10.5
  874.514826  10.5
  51.506825  9
  54.315890  9
  113.218012  9
  159.578505  9
  231.229411  9
  321.111975  9
  429.404970  9
  555.945630  9
  700.673335  9
  0.000102  9.5
  84.861300  9.5
  103.705068  9.5
  160.597881  9.5
  231.185954  9.5
  321.112909  9.5
  429.404959  9.5
  555.945631  9.5
  700.673335  9.5
  44.237892  8
  48.413710  8
  99.894536  8
  149.146693  8
  220.941504  8
  311.053787  8
  419.467834  8
  546.084423  8
  0.000372  8.5
  71.718996  8.5
  94.181401  8.5
  149.585484  8.5
  220.927958  8.5
  311.053989  8.5
  419.467833  8.5
  546.084423  8.5
  36.913779  7
  42.817841  7
  88.655035  7
  140.009176  7
  211.976195  7
  302.246914  7
  410.748365  7
  0.001334  7.5
  59.707136  7.5
  85.575865  7.5
  140.172450  7.5
  211.972776  7.5
  302.246946  7.5
  410.748365  7.5
  29.720647  6
  37.617870  6
  79.427319  6
  132.162987  6
  204.286967  6
  294.665651  6
  0.004667  6.5
  49.064709  6.5
  77.982364  6.5
  132.212763  6.5
  204.286341  6.5
  294.665654  6.5
  22.921812  5
  32.909483  5
  72.040041  5
  125.590270  5
  197.837296  5
  0.015803  5.5
  39.979147  5.5
  71.477811  5.5
  125.601454  5.5
  197.837233  5.5
  16.796308  4
  28.790806  4
  66.283904  4
  120.264779  4
  0.051073  4.5
  32.589199  4.5
  66.119376  4.5
  120.266187  4.5
  11.575614  3
  25.361584  3
  61.971045  3
  0.154417  3.5
  26.978147  3.5
  61.943208  3.5
  7.404657  2
  22.727692  2
  0.425935  2.5
  23.151434  2.5
  4.324231  1
  1.046741  1.5
