  38.008622  10
  38.008622  10
  102.017998  10
  102.017998  10
  150.007521  10
  150.007548  10
  181.879232  10
  181.952887  10
  196.220008  10
  200.525859  10
  0.000000  10.5
  72.014867  10.5
  72.014867  10.5
  128.016588  10.5
  128.016588  10.5
  167.981906  10.5
  167.983905  10.5
  191.207387  10.5
  192.256954  10.5
  201.148394  10.5
  34.007641  9
  34.007641  9
  90.014622  9
  90.014622  9
  129.996384  9
  129.997198  9
  153.469177  9
  154.176967  9
  162.787034  9
  -0.000000  9.5
  64.012827  9.5
  64.012827  9.5
  112.010996  9.5
  112.011005  9.5
  143.935479  9.5
  143.974021  9.5
  158.502555  9.5
  162.007221  9.5
  30.006656  8
  30.006656  8
  78.011007  8
  78.011009  8
  109.970559  8
  109.989044  8
  124.779882  8
  127.556323  8
  -0.000000  8.5
  56.010745  8.5
  56.010745  8.5
  96.004091  8.5
  96.004383  8.5
  119.668108  8.5
  120.117518  8.5
  128.511673  8.5
  26.005663  7
  26.005663  7
  66.006871  7
  66.006959  7
  89.809926  7
  90.074637  7
  98.312248  7
  0.000000  7.5
  48.008591  7.5
  48.008591  7.5
  79.990521  7.5
  79.998434  7.5
  95.042848  7.5
  97.169595  7.5
  22.004659  6
  22.004659  6
  54.000164  6
  54.003062  6
  69.283926  6
  70.843440  6
  0.000000  6.5
  40.006281  6.5
  40.006301  6.5
  63.903333  6.5
  64.044770  6.5
  72.176321  6.5
  18.003629  5
  18.003632  5
  41.958770  5
  42.024805  5
  50.090255  5
  0.000000  5.5
  32.003207  5.5
  32.004045  5.5
  47.497044  5.5
  48.574373  5.5
  14.002462  4
  14.002620  4
  29.677409  4
  30.359143  4
  0.000000  4.5
  23.987016  4.5
  24.012094  4.5
  32.040588  4.5
  9.997968  3
  10.004458  3
  18.015244  3
  0.000000  3.5
  15.821369  3.5
  16.194849  3.5
  5.926423  2
  6.078902  2
  0.000000  2.5
  8.004357  2.5
  2.000726  1
  0.000242  1.5
