  92.669442  10
  153.803900  10
  353.456895  10
  637.593681  10
  1018.888153  10
  1495.962079  10
  2068.651388  10
  2736.888294  10
  3500.642465  10
  4359.898643  10
  0.229795  10.5
  177.454278  10.5
  352.023750  10.5
  637.621434  10.5
  1018.887901  10.5
  1495.962080  10.5
  2068.651388  10.5
  2736.888294  10.5
  3500.642465  10.5
  4359.898643  10.5
  80.402139  9
  145.739727  9
  342.665074  9
  627.485688  9
  1008.926087  9
  1486.077633  9
  2058.811576  9
  2727.076515  9
  3490.849436  9
  0.368025  9.5
  163.428204  9.5
  341.822540  9.5
  627.498529  9.5
  1008.925997  9.5
  1486.077633  9.5
  2058.811576  9.5
  2727.076515  9.5
  3490.849436  9.5
  68.989420  8
  138.315895  8
  333.151328  8
  618.472281  8
  1000.032975  8
  1477.247277  8
  2050.017318  8
  2718.304921  8
  0.582141  8.5
  151.024419  8.5
  332.688821  8.5
  618.477643  8.5
  1000.032947  8.5
  1477.247277  8.5
  2050.017318  8.5
  2718.304921  8.5
  58.489545  7
  131.572071  7
  324.861828  7
  610.543798  7
  992.201993  7
  1469.466459  7
  2042.265348  7
  0.907818  7.5
  140.247874  7.5
  324.629368  7.5
  610.545750  7.5
  992.201986  7.5
  1469.466459  7.5
  2042.265348  7.5
  48.944796  6
  125.549905  6
  317.751871  6
  603.691345  6
  985.427158  6
  1462.731173  6
  1.393053  6.5
  131.087866  6.5
  317.648120  6.5
  603.691932  6.5
  985.427156  6.5
  1462.731173  6.5
  40.380707  5
  120.293975  5
  311.785554  5
  597.906982  5
  979.703302  5
  2.099594  5.5
  123.516539  5.5
  311.746517  5.5
  597.907113  5.5
  979.703302  5.5
  32.805487  4
  115.852899  4
  306.935119  4
  593.183845  4
  3.103017  4.5
  117.488570  4.5
  306.923937  4.5
  593.183862  4.5
  26.209601  3
  112.280528  3
  303.180094  3
  4.490999  3.5
  112.942523  3.5
  303.178227  3.5
  20.565554  2
  109.637076  2
  6.359678  2.5
  109.803970  2.5
  15.828059  1
  8.808568  1.5
