  46.741594  10
  46.797916  10
  113.740132  10
  122.505045  10
  160.418083  10
  200.574360  10
  251.669753  10
  311.865418  10
  381.026378  10
  459.045517  10
  0.000000  10.5
  85.874244  10.5
  87.085876  10.5
  133.699384  10.5
  158.370612  10.5
  200.730575  10.5
  251.663522  10.5
  311.865555  10.5
  381.026376  10.5
  459.045517  10.5
  41.675668  9
  41.807585  9
  97.278313  9
  109.648254  9
  145.314158  9
  186.939520  9
  238.390369  9
  298.837412  9
  368.161995  9
  0.000000  9.5
  75.123732  9.5
  77.430599  9.5
  116.100515  9.5
  144.506506  9.5
  186.983046  9.5
  238.389172  9.5
  298.837429  9.5
  368.161995  9.5
  36.555620  8
  36.853672  8
  81.764709  8
  97.835167  8
  132.486345  8
  174.950147  8
  226.676455  8
  287.303132  8
  0.000001  8.5
  64.093847  8.5
  68.120966  8.5
  101.032617  8.5
  132.220593  8.5
  174.959771  8.5
  226.676293  8.5
  287.303133  8.5
  31.335602  7
  31.976735  7
  67.779913  7
  87.261241  7
  121.609961  7
  164.544878  7
  216.469244  7
  0.000005  7.5
  52.996632  7.5
  59.335185  7.5
  88.573882  7.5
  121.540473  7.5
  164.546391  7.5
  216.469232  7.5
  25.960860  6
  27.247087  6
  55.789717  6
  78.072611  6
  112.456629  6
  155.660802  6
  0.000035  6.5
  42.296185  6.5
  51.275271  6.5
  78.498151  6.5
  112.443615  6.5
  155.660930  6.5
  20.433138  5
  22.772126  5
  46.095785  5
  70.352265  5
  104.879788  5
  0.000258  5.5
  32.547295  5.5
  44.144433  5.5
  70.451388  5.5
  104.878461  5.5
  14.940248  4
  18.694448  4
  38.736273  4
  64.120248  4
  0.001814  4.5
  24.223000  4.5
  38.124403  4.5
  64.132988  4.5
  9.896092  3
  15.178747  3
  33.464671  3
  0.011844  3.5
  17.663679  3.5
  33.357227  3.5
  5.759028  2
  12.396405  2
  0.067908  2.5
  13.083018  2.5
  2.816445  1
  0.314191  1.5
