  96.387037  10
  168.917076  10
  393.839862  10
  717.339909  10
  1150.875989  10
  1693.236275  10
  2344.260421  10
  3103.883606  10
  3972.076815  10
  4948.825459  10
  0.352597  10.5
  191.415809  10.5
  392.658757  10.5
  717.359909  10.5
  1150.875830  10.5
  1693.236275  10.5
  2344.260421  10.5
  3103.883606  10.5
  3972.076815  10.5
  4948.825459  10.5
  83.866966  9
  160.739739  9
  383.175832  9
  707.281519  9
  1140.956129  9
  1683.389231  9
  2334.455258  9
  3094.104741  9
  3962.315538  9
  0.544370  9.5
  177.519323  9.5
  382.482377  9.5
  707.290769  9.5
  1140.956072  9.5
  1683.389231  9.5
  2334.455258  9.5
  3094.104741  9.5
  3962.315538  9.5
  72.233943  8
  153.223097  8
  373.754795  8
  698.309025  8
  1132.098214  8
  1674.590636  8
  2325.690779  8
  3085.361677  8
  0.830603  8.5
  165.245299  8.5
  373.374514  8.5
  698.312886  8.5
  1132.098197  8.5
  1674.590636  8.5
  2325.690779  8.5
  3085.361677  8.5
  61.534520  7
  146.405100  7
  365.531030  7
  690.413766  7
  1124.296294  7
  1666.836509  7
  2317.964128  7
  1.250570  7.5
  154.590751  7.5
  365.340050  7.5
  690.415172  7.5
  1124.296289  7.5
  1666.836509  7.5
  2317.964128  7.5
  51.800892  6
  140.325827  6
  358.466707  6
  683.587840  6
  1117.545138  6
  1660.123344  6
  1.855085  6.5
  145.538216  6.5
  358.381521  6.5
  683.588262  6.5
  1117.545137  6.5
  1660.123344  6.5
  43.050352  5
  135.028336  5
  352.531474  5
  677.824229  5
  1111.840231  5
  2.707230  5.5
  138.054916  5.5
  352.499437  5.5
  677.824323  5.5
  1111.840231  5.5
  35.284873  4
  130.559611  4
  347.701843  4
  673.116896  4
  3.881841  4.5
  132.093018  4.5
  347.692669  4.5
  673.116908  4.5
  28.490811  3
  126.971551  3
  343.960446  3
  5.463536  3.5
  127.591267  3.5
  343.958914  3.5
  22.638791  2
  124.321838  2
  7.543324  2.5
  124.477912  2.5
  17.683942  1
  10.214245  1.5
