  66.932702  10
  73.857430  10
  153.177986  10
  230.830545  10
  343.406980  10
  484.659524  10
  654.572062  10
  852.998461  10
  1079.879243  10
  1335.184477  10
  0.000748  10.5
  108.812842  10.5
  144.768629  10.5
  231.480322  10.5
  343.385493  10.5
  484.659901  10.5
  654.572058  10.5
  852.998461  10.5
  1079.879243  10.5
  1335.184477  10.5
  58.028404  9
  67.089825  9
  139.565492  9
  219.779779  9
  332.556744  9
  474.000818  9
  644.018436  9
  842.510769  9
  1069.435637  9
  0.002023  9.5
  94.235278  9.5
  134.367282  9.5
  220.085035  9.5
  332.549013  9.5
  474.000919  9.5
  644.018436  9.5
  842.510769  9.5
  1069.435637  9.5
  49.229925  8
  60.693461  8
  127.890636  8
  209.961849  8
  322.929531  8
  464.515131  8
  634.612222  8
  833.154454  8
  0.005392  8.5
  80.952007  8.5
  124.924304  8.5
  210.090749  8.5
  322.927139  8.5
  464.515153  8.5
  634.612222  8.5
  833.154454  8.5
  40.728964  7
  54.739344  7
  118.033921  7
  201.365338  7
  314.496491  7
  456.185318  7
  626.341192  7
  0.014112  7.5
  69.111436  7.5
  116.499869  7.5
  201.412681  7.5
  314.495890  7.5
  456.185322  7.5
  626.341192  7.5
  32.738560  6
  49.300427  6
  109.841564  6
  193.972750  6
  307.233595  6
  448.996325  6
  0.036061  6.5
  58.833012  6.5
  109.142937  6.5
  193.987058  6.5
  307.233485  6.5
  448.996325  6.5
  25.460667  5
  44.450552  5
  103.156887  5
  187.763505  5
  301.120804  5
  0.089285  5.5
  50.206660  5.5
  102.890356  5.5
  187.766701  5.5
  301.120794  5.5
  19.060244  4
  40.264854  4
  97.843680  4
  182.716615  4
  0.212023  4.5
  43.286843  4.5
  97.766616  4.5
  182.717016  4.5
  13.649601  3
  36.822369  3
  93.797425  3
  0.477083  3.5
  38.080664  3.5
  93.784477  3.5
  9.280401  2
  34.211269  2
  1.004950  2.5
  34.535272  2.5
  5.939456  1
  1.963733  1.5
