  53.528068  10
  54.111526  10
  120.188905  10
  146.494082  10
  200.545525  10
  266.981442  10
  347.760694  10
  442.383702  10
  550.736912  10
  672.760556  10
  0.000002  10.5
  93.756843  10.5
  100.845306  10.5
  150.842890  10.5
  200.178214  10.5
  266.996530  10.5
  347.760350  10.5
  442.383706  10.5
  550.736912  10.5
  672.760556  10.5
  47.393858  9
  48.434114  9
  103.938949  9
  134.297002  9
  187.998651  9
  254.972842  9
  335.974680  9
  430.738890  9
  539.185909  9
  0.000009  9.5
  80.728322  9.5
  90.670955  9.5
  136.489037  9.5
  187.863135  9.5
  254.976930  9.5
  335.974615  9.5
  430.738890  9.5
  539.185909  9.5
  41.112813  8
  42.892812  8
  89.517553  8
  123.356795  8
  177.032086  8
  244.352451  8
  325.518977  8
  420.386694  8
  0.000043  8.5
  68.052556  8.5
  81.156417  8.5
  124.328685  8.5
  176.989397  8.5
  244.353337  8.5
  325.518968  8.5
  420.386694  8.5
  34.674498  7
  37.560490  7
  77.160485  7
  113.737719  7
  167.533824  7
  235.079079  7
  316.363196  7
  0.000201  7.5
  56.130741  7.5
  72.445466  7.5
  114.106430  7.5
  167.522971  7.5
  235.079216  7.5
  316.363195  7.5
  28.155977  6
  32.529984  6
  66.969108  6
  105.468826  6
  159.424438  6
  227.115915  6
  0.000908  6.5
  45.331546  6.5
  64.672747  6.5
  105.582617  6.5
  159.422442  6.5
  227.115927  6.5
  21.770246  5
  27.909927  5
  58.872342  5
  98.548572  5
  152.645987  5
  0.003976  5.5
  35.952631  5.5
  57.955296  5.5
  98.574334  5.5
  152.645786  5.5
  15.839597  4
  23.817889  4
  52.658477  4
  92.953827  4
  0.016606  4.5
  28.218189  4.5
  52.385868  4.5
  92.957086  4.5
  10.695000  3
  20.374457  3
  48.074963  3
  0.064514  3.5
  22.282432  3.5
  48.028443  3.5
  6.579333  2
  17.703650  2
  0.224820  2.5
  18.212142  2.5
  3.597502  1
  0.674492  1.5
