  121.626520  10
  282.803076  10
  703.251047  10
  1325.687642  10
  2157.079319  10
  3196.700053  10
  4444.406923  10
  5900.145055  10
  7563.889919  10
  9435.629203  10
  2.221390  10.5
  299.931925  10.5
  702.808690  10.5
  1325.691476  10.5
  2157.079303  10.5
  3196.700053  10.5
  4444.406923  10.5
  5900.145055  10.5
  7563.889919  10.5
  9435.629203  10.5
  107.779637  9
  274.098625  9
  692.997714  9
  1315.802461  9
  2147.305065  9
  3186.982334  9
  4434.721684  9
  5890.480185  9
  7554.238659  9
  2.960098  9.5
  286.731816  9.5
  692.738958  9.5
  1315.804232  9.5
  2147.305060  9.5
  3186.982334  9.5
  4434.721684  9.5
  5890.480185  9.5
  7554.238659  9.5
  94.899996  8
  266.147158  8
  683.876081  8
  1306.972225  8
  2138.568736  8
  3178.293633  8
  4426.060332  8
  5881.835975  8
  3.912661  8.5
  275.103376  8.5
  683.734605  8.5
  1306.972963  8.5
  2138.568734  8.5
  3178.293633  8.5
  4426.060332  8.5
  5881.835975  8.5
  82.995816  7
  258.980333  7
  675.866414  7
  1299.192200  7
  2130.867305  7
  3170.631917  7
  4418.421401  7
  5.127381  7.5
  265.019005  7.5
  675.795533  7.5
  1299.192468  7.5
  2130.867305  7.5
  3170.631917  7.5
  4418.421401  7.5
  72.067415  6
  252.631942  6
  668.952414  6
  1292.458161  6
  2124.198107  6
  3163.995388  6
  6.658461  6.5
  256.443479  6.5
  668.920858  6.5
  1292.458242  6.5
  2124.198107  6.5
  3163.995388  6.5
  62.107102  5
  247.138285  5
  663.120937  5
  1286.766421  5
  2118.558835  5
  8.565211  5.5
  249.334597  5.5
  663.109087  5.5
  1286.766439  5.5
  2118.558835  5.5
  53.099117  4
  242.538500  4
  658.361699  4
  1282.113839  4
  10.910870  4.5
  243.644206  4.5
  658.358310  4.5
  1282.113841  4.5
  45.019644  3
  238.874852  3
  654.666973  3
  13.761118  3.5
  239.319497  3.5
  654.666408  3.5
  37.836933  2
  236.192905  2
  17.182384  2.5
  236.304490  2.5
  31.511577  1
  21.240095  1.5
