  70.480671  10
  81.351378  10
  169.453575  10
  266.468449  10
  403.046549  10
  574.336713  10
  780.234413  10
  1020.617944  10
  1295.435639  10
  1604.661496  10
  0.002395  10.5
  114.585761  10.5
  162.979177  10.5
  266.860936  10.5
  403.036068  10.5
  574.336863  10.5
  780.234412  10.5
  1020.617944  10.5
  1295.435639  10.5
  1604.661496  10.5
  60.864861  9
  74.342339  9
  156.527456  9
  255.641936  9
  392.427991  9
  563.877027  9
  769.863661  9
  1010.303022  9
  1285.158065  9
  0.005807  9.5
  99.956772  9.5
  152.589878  9.5
  255.825335  9.5
  392.424229  9.5
  563.877067  9.5
  769.863661  9.5
  1010.303022  9.5
  1285.158065  9.5
  51.513918  8
  67.759461  8
  145.414758  8
  246.021404  8
  382.990763  8
  554.559407  8
  760.613942  8
  1001.095956  8
  0.013876  8.5
  86.732643  8.5
  143.196718  8.5
  246.098550  8.5
  382.989600  8.5
  554.559415  8.5
  760.613942  8.5
  1001.095956  8.5
  42.616964  7
  61.667500  7
  135.981388  7
  237.592135  7
  374.712670  7
  546.370083  7
  752.475430  7
  0.032559  7.5
  75.024772  7.5
  134.845259  7.5
  237.620392  7.5
  374.712379  7.5
  546.370084  7.5
  752.475430  7.5
  34.359968  6
  56.132034  6
  128.085419  6
  230.336372  6
  367.574877  6
  539.296957  6
  0.074623  6.5
  64.921205  6.5
  127.571442  6.5
  230.344895  6.5
  367.574824  6.5
  539.296957  6.5
  26.904854  5
  51.219406  5
  121.596478  5
  224.235352  5
  361.561475  5
  0.165930  5.5
  56.483592  5.5
  121.401252  5.5
  224.237254  5.5
  361.561469  5.5
  20.375372  4
  46.997951  4
  116.407211  4
  219.271035  4
  0.354975  4.5
  49.739944  4.5
  116.350922  4.5
  219.271274  4.5
  14.849108  3
  43.540886  3
  112.437236  3
  0.723944  3.5
  44.674650  3.5
  112.427795  3.5
  10.353194  2
  40.930937  2
  1.395594  2.5
  41.221310  2.5
  6.861858  1
  2.528245  1.5
