  49.341054  10
  49.505179  10
  115.795325  10
  130.675703  10
  173.655187  10
  223.685865  10
  285.550500  10
  358.221821  10
  441.562526  10
  535.490424  10
  0.000000  10.5
  89.186661  10.5
  91.987862  10.5
  138.515617  10.5
  172.639101  10.5
  223.744721  10.5
  285.548652  10.5
  358.221853  10.5
  441.562525  10.5
  535.490424  10.5
  43.899761  9
  44.239686  9
  99.175811  9
  118.055928  9
  159.862975  9
  210.831283  9
  272.992531  9
  345.859049  9
  429.328401  9
  0.000001  9.5
  77.449048  9.5
  82.075133  9.5
  122.289344  9.5
  159.477288  9.5
  210.847429  9.5
  272.992179  9.5
  345.859053  9.5
  429.328401  9.5
  38.365918  8
  39.043662  8
  83.969967  8
  106.603333  8
  147.975397  8
  199.500859  8
  261.884334  8
  334.892153  8
  0.000004  8.5
  65.606933  8.5
  72.645513  8.5
  108.581830  8.5
  147.851581  8.5
  199.504391  8.5
  261.884286  8.5
  334.892154  8.5
  32.690483  7
  33.973397  7
  70.599955  7
  96.451178  7
  137.780495  7
  189.640211  7
  252.181978  7
  0.000025  7.5
  54.036546  7.5
  63.870674  7.5
  97.228777  7.5
  137.748621  7.5
  189.640763  7.5
  252.181975  7.5
  26.851747  6
  29.113103  6
  59.371627  6
  87.685313  6
  129.134990  6
  181.198380  6
  0.000153  6.5
  43.218336  6.5
  55.926889  6.5
  87.930577  6.5
  129.129079  6.5
  181.198426  6.5
  20.941645  5
  24.575564  5
  50.409951  5
  80.341575  5
  121.942793  5
  0.000890  5.5
  33.598684  5.5
  48.978859  5.5
  80.397819  5.5
  121.942194  5.5
  15.239643  4
  20.495470  4
  43.602057  4
  74.413147  4
  0.004937  4.5
  25.524843  4.5
  43.165757  4.5
  74.420314  4.5
  10.150771  3
  17.018050  3
  38.666222  3
  0.025416  3.5
  19.243013  3.5
  38.590765  3.5
  6.037649  2
  14.291573  2
  0.115777  2.5
  14.896211  2.5
  3.096369  1
  0.437752  1.5
