  153.063271  10
  442.451915  10
  1142.319425  10
  2186.993723  10
  3581.119627  10
  5324.130677  10
  7415.893225  10
  9856.356597  10
  12645.498178  10
  15783.306636  10
  7.107313  10.5
  456.007391  10.5
  1142.116423  10.5
  2186.994764  10.5
  3581.119624  10.5
  5324.130677  10.5
  7415.893225  10.5
  9856.356597  10.5
  12645.498178  10.5
  15783.306636  10.5
  137.910049  9
  433.383583  9
  1132.225079  9
  2177.184441  9
  3571.408537  9
  5314.469185  9
  7406.260186  9
  9846.741382  9
  12635.894866  9
  8.743133  9.5
  443.326416  9.5
  1132.106483  9.5
  2177.184922  9.5
  3571.408536  9.5
  5314.469185  9.5
  7406.260186  9.5
  9846.741382  9.5
  12635.894866  9.5
  123.728225  8
  425.132098  8
  1123.220845  8
  2168.416323  8
  3562.725018  8
  5305.828301  8
  7397.643747  8
  9838.140251  8
  10.697401  8.5
  432.145541  8.5
  1123.156071  8.5
  2168.416524  8.5
  3562.725018  8.5
  5305.828301  8.5
  7397.643747  8.5
  9838.140251  8.5
  110.512242  7
  417.725210  7
  1115.296495  7
  2160.686516  7
  3555.067283  7
  5298.206822  7
  7390.043042  7
  13.015491  7.5
  422.432601  7.5
  1115.264071  7.5
  2160.686589  7.5
  3555.067283  7.5
  5298.206822  7.5
  7390.043042  7.5
  98.251769  6
  411.192324  6
  1108.443525  6
  2153.992489  6
  3548.433758  6
  5291.603686  6
  15.745246  6.5
  414.151783  6.5
  1108.429100  6.5
  2153.992511  6.5
  3548.433758  6.5
  5291.603686  6.5
  86.931694  5
  405.564634  5
  1102.655016  5
  2148.332044  5
  3542.823080  5
  18.936328  5.5
  407.264186  5.5
  1102.649602  5.5
  2148.332049  5.5
  3542.823080  5.5
  76.532152  4
  400.875234  4
  1097.925495  4
  2143.703316  4
  22.639481  4.5
  401.728475  4.5
  1097.923947  4.5
  2143.703317  4.5
  67.028594  3
  397.159187  3
  1094.250797  3
  26.905742  3.5
  397.501564  3.5
  1094.250539  3.5
  58.391914  2
  394.453534  2
  31.785637  2.5
  394.539322  2.5
  50.588643  1
  37.328398  1.5
