  46.971776  10
  47.034496  10
  113.914093  10
  123.182016  10
  161.468594  10
  202.511265  10
  254.540539  10
  315.817975  10
  386.206662  10
  465.602324  10
  0.000000  10.5
  86.185352  10.5
  87.505966  10.5
  134.034435  10.5
  159.549020  10.5
  202.653737  10.5
  254.534987  10.5
  315.818095  10.5
  386.206661  10.5
  465.602324  10.5
  41.874130  9
  42.019238  9
  97.418505  9
  110.344035  9
  146.507517  9
  188.957190  9
  241.336572  9
  302.859216  9
  373.407765  9
  0.000000  9.5
  75.345132  9.5
  77.824125  9.5
  116.558552  9.5
  145.753796  9.5
  188.996814  9.5
  241.335506  9.5
  302.859231  9.5
  373.407765  9.5
  36.719171  8
  37.042971  8
  81.921817  8
  98.563799  8
  133.781842  8
  177.036355  8
  229.685771  8
  291.383901  8
  0.000001  8.5
  64.234082  8.5
  68.500868  8.5
  101.624149  8.5
  133.534563  8.5
  177.045105  8.5
  229.685626  8.5
  291.383901  8.5
  31.460066  7
  32.147777  7
  67.988882  7
  88.030622  7
  122.978286  7
  166.687772  7
  219.531043  7
  0.000005  7.5
  53.083806  7.5
  59.714523  7.5
  89.280772  7.5
  122.913746  7.5
  166.689147  7.5
  219.531033  7.5
  26.043643  6
  27.405518  6
  56.069469  6
  78.884246  6
  113.878410  6
  157.849669  6
  0.000040  6.5
  42.366004  6.5
  51.665059  6.5
  79.288233  6.5
  113.866337  6.5
  157.849785  6.5
  20.479113  5
  22.924462  5
  46.447894  5
  71.202329  5
  106.341688  5
  0.000292  5.5
  32.626894  5.5
  44.552000  5.5
  71.296262  5.5
  106.340459  5.5
  14.964649  4
  18.846723  4
  39.145361  4
  65.001636  4
  0.002005  4.5
  24.326281  4.5
  38.552721  4.5
  65.013696  4.5
  9.915742  3
  15.335155  3
  33.909035  3
  0.012781  3.5
  17.794256  3.5
  33.805145  3.5
  5.781771  2
  12.558733  2
  0.071595  2.5
  13.237077  2.5
  2.840417  1
  0.324501  1.5
