  54.258110  10
  54.959280  10
  121.156196  10
  149.631507  10
  205.916903  10
  275.395295  10
  359.747679  10
  458.523232  10
  571.612660  10
  698.958968  10
  0.000003  10.5
  94.492472  10.5
  102.546725  10.5
  153.553044  10.5
  205.605978  10.5
  275.407409  10.5
  359.747416  10.5
  458.523235  10.5
  571.612660  10.5
  698.958968  10.5
  47.991390  9
  49.214019  9
  105.013567  9
  137.507372  9
  193.525564  9
  263.501070  9
  348.065791  9
  446.975687  9
  560.154438  9
  0.000014  9.5
  81.288158  9.5
  92.340853  9.5
  139.467739  9.5
  193.411192  9.5
  263.504347  9.5
  348.065741  9.5
  446.975687  9.5
  560.154438  9.5
  41.572245  8
  43.617509  8
  90.745186  8
  126.647264  8
  182.677468  8
  252.976600  8
  337.698402  8
  436.706958  8
  0.000061  8.5
  68.516220  8.5
  82.820272  8.5
  127.511367  8.5
  182.641514  8.5
  252.977310  8.5
  337.698395  8.5
  436.706958  8.5
  35.002113  7
  38.244377  7
  78.558328  7
  117.106656  7
  173.271088  7
  243.782703  7
  328.616808  7
  0.000272  7.5
  56.565323  7.5
  74.123329  7.5
  117.433226  7.5
  173.261960  7.5
  243.782813  7.5
  328.616808  7.5
  28.376583  6
  33.187689  6
  68.523792  6
  108.908126  6
  165.233576  6
  235.884490  6
  0.001180  6.5
  45.782735  6.5
  66.378120  6.5
  109.008673  6.5
  165.231899  6.5
  235.884499  6.5
  21.922509  5
  28.554514  5
  60.547647  5
  102.046438  5
  158.511111  5
  0.004957  5.5
  36.446276  5.5
  59.694915  5.5
  102.069169  5.5
  158.510942  5.5
  15.960231  4
  24.459434  4
  54.413014  4
  96.497318  4
  0.019861  4.5
  28.764904  4.5
  54.160272  4.5
  96.500191  4.5
  10.805873  3
  21.019518  3
  49.876236  3
  0.074083  3.5
  22.880792  3.5
  49.833175  3.5
  6.685535  2
  18.355611  2
  0.248471  2.5
  18.850291  2.5
  3.692591  1
  0.721399  1.5
