  41.295858  10
  41.296744  10
  108.179444  10
  108.837995  10
  146.130714  10
  161.754484  10
  191.098833  10
  225.356429  10
  265.440352  10
  310.979452  10
  0.000000  10.5
  77.584758  10.5
  77.621684  10.5
  130.759122  10.5
  135.799804  10.5
  164.070887  10.5
  190.884368  10.5
  225.366285  10.5
  265.440123  10.5
  310.979454  10.5
  36.915723  9
  36.919033  9
  94.308683  9
  95.933109  9
  125.316190  9
  144.942287  9
  174.421591  9
  209.333477  9
  249.768029  9
  0.000000  9.5
  68.745065  9.5
  68.861773  9.5
  111.454090  9.5
  119.949157  9.5
  145.690381  9.5
  174.377502  9.5
  209.334701  9.5
  249.768015  9.5
  32.530264  8
  32.542232  8
  79.996243  8
  83.450619  8
  107.562638  8
  130.091492  8
  159.948391  8
  195.268843  8
  0.000000  8.5
  59.806232  8.5
  60.150827  8.5
  93.087142  8.5
  105.371600  8.5
  130.272816  8.5
  159.942126  8.5
  195.268923  8.5
  28.130710  7
  28.172163  7
  65.585468  7
  71.709553  7
  93.064568  7
  117.262473  7
  147.482643  7
  0.000000  7.5
  50.656642  7.5
  51.578128  7.5
  76.687230  7.5
  92.406054  7.5
  117.292675  7.5
  147.482175  7.5
  23.692460  6
  23.827638  6
  51.938037  6
  61.076080  6
  81.405984  6
  106.407956  6
  0.000000  6.5
  41.195020  6.5
  43.317799  6.5
  63.034099  6.5
  81.272340  6.5
  106.410604  6.5
  19.157217  5
  19.559747  5
  39.990228  5
  51.886719  5
  72.058010  5
  0.000002  5.5
  31.633341  5.5
  35.639563  5.5
  52.403344  5.5
  72.043761  5.5
  14.447327  4
  15.482062  4
  30.453894  4
  44.375065  4
  0.000041  4.5
  22.693666  4.5
  28.873225  4.5
  44.445888  4.5
  9.667712  3
  11.792352  3
  23.646835  3
  0.000670  3.5
  15.206540  3.5
  23.340543  3.5
  5.383613  2
  8.753434  2
  0.009576  2.5
  9.754707  2.5
  2.288257  1
  0.101876  1.5
