  118.727428  10
  268.935246  10
  665.301444  10
  1251.187304  10
  2033.887306  10
  3012.647620  10
  4187.323963  10
  5557.860808  10
  7124.233325  10
  8886.429051  10
  1.910543  10.5
  286.523322  10.5
  664.816938  10.5
  1251.191771  10.5
  2033.887287  10.5
  3012.647620  10.5
  4187.323963  10.5
  5557.860808  10.5
  7124.233325  10.5
  8886.429051  10.5
  105.013708  9
  260.276455  9
  655.022285  9
  1241.290402  9
  2024.103270  9
  3002.921199  9
  4177.630650  9
  5548.188259  9
  7114.574651  9
  2.574640  9.5
  273.258956  9.5
  654.738814  9.5
  1241.292465  9.5
  2024.103263  9.5
  3002.921199  9.5
  4177.630650  9.5
  5548.188259  9.5
  7114.574651  9.5
  92.264199  8
  252.362705  8
  645.881696  8
  1232.450563  8
  2015.358766  8
  2994.225100  8
  4168.962350  8
  5539.537387  8
  3.440417  8.5
  261.573550  8.5
  645.726681  8.5
  1232.451424  8.5
  2015.358764  8.5
  2994.225100  8.5
  4168.962350  8.5
  5539.537387  8.5
  80.489493  7
  245.226135  7
  637.858352  7
  1224.662771  7
  2007.650573  7
  2986.557160  7
  4161.317509  7
  4.556016  7.5
  251.440768  7.5
  637.780677  7.5
  1224.663084  7.5
  2007.650572  7.5
  2986.557160  7.5
  4161.317509  7.5
  69.691815  6
  238.901064  6
  630.934645  6
  1217.922543  6
  2000.975856  6
  2979.915467  6
  5.975995  6.5
  242.826054  6.5
  630.900060  6.5
  1217.922637  6.5
  2000.975856  6.5
  2979.915467  6.5
  59.864893  5
  233.424387  5
  625.096389  5
  1212.225961  5
  1995.332162  5
  7.760558  5.5
  235.687256  5.5
  625.083401  5.5
  1212.225982  5.5
  1995.332162  5.5
  50.993880  4
  228.835961  4
  620.332498  4
  1207.569690  4
  9.974344  4.5
  229.975664  4.5
  620.328783  4.5
  1207.569693  4.5
  43.055358  3
  225.178922  3
  616.634657  3
  12.684848  3.5
  225.637392  3.5
  616.634037  3.5
  36.017447  2
  222.499899  2
  15.960592  2.5
  222.614980  2.5
  29.840089  1
  19.869203  1.5
