  87.304947  10
  133.105025  10
  298.729499  10
  529.140708  10
  839.300135  10
  1227.483045  10
  1693.520216  10
  2237.338055  10
  2858.903683  10
  3558.200553  10
  0.109231  10.5
  158.651940  10.5
  296.774903  10.5
  529.187783  10.5
  839.299606  10.5
  1227.483048  10.5
  1693.520216  10.5
  2237.338055  10.5
  2858.903683  10.5
  3558.200553  10.5
  75.459620  9
  125.229889  9
  287.684389  9
  518.938466  9
  829.257099  9
  1217.526956  9
  1683.614079  9
  2227.463299  9
  2849.049922  9
  0.186704  9.5
  144.432368  9.5
  286.532053  9.5
  518.960265  9.5
  829.256910  9.5
  1217.526956  9.5
  1683.614079  9.5
  2227.463299  9.5
  2849.049922  9.5
  64.400285  8
  117.960224  8
  277.986854  8
  509.847061  8
  820.296516  8
  1208.635789  8
  1674.762836  8
  2218.637130  8
  0.314923  8.5
  131.825007  8.5
  277.352906  8.5
  509.856168  8.5
  820.296458  8.5
  1208.635789  8.5
  1674.762836  8.5
  2218.637130  8.5
  54.207622  7
  111.339014  7
  269.567405  7
  501.855102  7
  812.409871  7
  1200.803891  7
  1666.962432  7
  0.522991  7.5
  120.849703  7.5
  269.248250  7.5
  501.858421  7.5
  812.409856  7.5
  1200.803891  7.5
  1666.962432  7.5
  44.943699  6
  105.410880  6
  262.367701  6
  494.951918  6
  805.589706  6
  1194.026284  6
  0.852954  6.5
  111.509144  6.5
  262.225079  6.5
  494.952915  6.5
  805.589703  6.5
  1194.026284  6.5
  36.650529  5
  100.223148  5
  256.340664  5
  489.127851  5
  799.829598  5
  1.362611  5.5
  103.786133  5.5
  256.286951  5.5
  489.128073  5.5
  799.829597  5.5
  29.349089  4
  95.827221  4
  251.449890  4
  484.374482  4
  2.127019  4.5
  97.641921  4.5
  251.434493  4.5
  484.374510  4.5
  23.038615  3
  92.280172  3
  247.668621  3
  3.237664  3.5
  93.016640  3.5
  247.666048  3.5
  17.696144  2
  89.646364  2
  4.798739  2.5
  89.832399  2.5
  13.276525  1
  6.920840  1.5
