  38.274782  10
  38.274782  10
  102.571307  10
  102.571469  10
  150.139087  10
  150.279584  10
  177.013004  10
  183.610553  10
  199.863479  10
  218.087341  10
  0.000000  10.5
  72.473283  10.5
  72.473285  10.5
  128.517740  10.5
  128.524144  10.5
  166.578082  10.5
  168.110847  10.5
  186.150538  10.5
  199.607712  10.5
  218.095405  10.5
  34.243491  9
  34.243491  9
  90.462430  9
  90.463894  9
  129.492621  9
  130.188407  9
  148.778586  9
  159.391078  9
  175.820016  9
  0.000000  9.5
  64.408142  9.5
  64.408166  9.5
  112.315911  9.5
  112.361198  9.5
  140.758939  9.5
  144.999588  9.5
  159.891903  9.5
  175.801248  9.5
  30.212057  8
  30.212059  8
  78.340743  8
  78.352727  8
  108.201686  8
  110.625652  8
  124.579516  8
  138.073829  8
  0.000000  8.5
  56.341524  8.5
  56.341775  8.5
  95.978034  8.5
  96.246437  8.5
  115.793059  8.5
  123.657443  8.5
  138.116515  8.5
  26.180386  7
  26.180413  7
  66.170721  7
  66.255604  7
  86.967498  7
  92.356748  7
  104.992830  7
  0.000000  7.5
  48.271512  7.5
  48.273909  7.5
  79.221571  7.5
  80.408973  7.5
  93.921530  7.5
  104.898660  7.5
  22.148193  6
  22.148492  6
  53.803800  6
  54.279667  6
  67.834298  6
  76.263396  6
  0.000000  6.5
  40.188569  6.5
  40.208987  6.5
  62.099419  6.5
  65.425694  6.5
  76.462566  6.5
  18.113931  5
  18.117028  5
  41.028486  5
  42.793042  5
  52.542760  5
  0.000000  5.5
  32.039994  5.5
  32.185089  5.5
  46.146454  5.5
  52.146533  5.5
  14.066474  4
  14.094686  4
  28.656509  4
  32.514773  4
  0.000000  4.5
  23.648291  4.5
  24.387076  4.5
  33.235333  4.5
  9.940042  3
  10.142653  3
  18.482780  3
  0.000000  3.5
  15.195898  3.5
  17.323270  3.5
  5.650380  2
  6.520005  2
  0.000067  2.5
  8.139447  2.5
  2.023213  1
  0.007777  1.5
