  79.677692  10
  106.650665  10
  230.494029  10
  392.599311  10
  612.919516  10
  888.852857  10
  1220.229627  10
  1606.962646  10
  2049.013279  10
  2546.362077  10
  0.026809  10.5
  135.412749  10.5
  227.240388  10.5
  392.712802  10.5
  612.917697  10.5
  888.852873  10.5
  1220.229627  10.5
  1606.962646  10.5
  2049.013279  10.5
  2546.362077  10.5
  68.621858  9
  99.110837  9
  218.860939  9
  382.192588  9
  602.696503  9
  878.738128  9
  1210.176831  9
  1596.948759  9
  2039.025430  9
  0.051995  9.5
  120.934115  9.5
  216.927825  9.5
  382.245257  9.5
  602.695852  9.5
  878.738132  9.5
  1210.176831  9.5
  1596.948759  9.5
  2039.025430  9.5
  58.184256  8
  92.111086  8
  208.733702  8
  372.930534  8
  593.586268  8
  869.712436  8
  1201.199671  8
  1588.002092  8
  0.099425  8.5
  108.019212  8.5
  207.663962  8.5
  372.952576  8.5
  593.586068  8.5
  869.712436  8.5
  1201.199671  8.5
  1588.002092  8.5
  48.492097  7
  85.701782  7
  200.010608  7
  364.798965  7
  585.576361  7
  861.767638  7
  1193.292319  7
  0.186868  7.5
  96.718392  7.5
  199.469706  7.5
  364.807008  7.5
  585.576310  7.5
  861.767638  7.5
  1193.292319  7.5
  39.651405  6
  79.934200  6
  192.602590  6
  357.783878  6
  578.655956  6
  854.896572  6
  0.343919  6.5
  87.063312  6.5
  192.360102  6.5
  357.786297  6.5
  578.655947  6.5
  854.896572  6.5
  31.742464  5
  74.861570  5
  186.436155  5
  351.872138  5
  572.815769  5
  0.617218  5.5
  79.062435  5.5
  186.344621  5.5
  351.872677  5.5
  572.815768  5.5
  24.817048  4
  70.540759  4
  181.453988  4
  347.052017  4
  1.075421  4.5
  72.696300  4.5
  181.427707  4.5
  347.052085  4.5
  18.896696  3
  67.034590  3
  177.614019  3
  1.811800  3.5
  67.914657  3.5
  177.609623  3.5
  13.971555  2
  64.414576  2
  2.942122  2.5
  64.637858  2.5
  9.999843  1
  4.596768  1.5
