  80.132992  10
  108.108953  10
  234.177559  10
  400.037934  10
  625.266023  10
  907.331117  10
  1246.062960  10
  1641.375442  10
  2093.230372  10
  2601.608521  10
  0.029562  10.5
  136.662639  10.5
  231.028148  10.5
  400.145150  10.5
  625.264344  10.5
  907.331131  10.5
  1246.062960  10.5
  1641.375442  10.5
  2093.230372  10.5
  2601.608521  10.5
  69.021414  9
  100.546570  9
  222.589896  9
  389.646493  9
  615.056696  9
  897.228420  9
  1236.021277  9
  1631.372093  9
  2083.252673  9
  0.056826  9.5
  122.197715  9.5
  220.719944  9.5
  389.696241  9.5
  615.056095  9.5
  897.228424  9.5
  1236.021277  9.5
  1631.372093  9.5
  2083.252673  9.5
  58.541133  8
  93.528824  8
  212.496115  8
  380.397270  8
  605.957825  8
  888.212924  8
  1227.053654  8
  1622.434547  8
  0.107704  8.5
  109.301010  8.5
  211.461841  8.5
  380.418087  8.5
  605.957639  8.5
  888.212924  8.5
  1227.053654  8.5
  1622.434547  8.5
  48.816096  7
  87.105529  7
  203.796712  7
  372.276238  7
  597.957266  7
  880.276679  7
  1219.154399  7
  0.200658  7.5
  98.020673  7.5
  203.273933  7.5
  372.283833  7.5
  597.957219  7.5
  880.276679  7.5
  1219.154399  7.5
  39.949056  6
  81.327455  6
  196.404910  6
  365.269614  6
  591.044457  6
  873.412688  6
  0.366134  6.5
  88.386239  6.5
  196.170609  6.5
  365.271899  6.5
  591.044449  6.5
  873.412688  6.5
  32.017352  5
  76.247379  5
  190.249268  5
  359.364511  5
  585.210334  5
  0.651634  5.5
  80.404213  5.5
  190.160840  5.5
  359.365020  5.5
  585.210333  5.5
  25.070336  4
  71.921769  4
  185.274125  4
  354.549443  4
  1.126448  4.5
  74.053538  4.5
  185.248738  4.5
  354.549507  4.5
  19.127751  3
  68.413053  3
  181.438634  3
  1.883948  3.5
  69.283020  3.5
  181.434388  3.5
  14.178634  2
  65.792268  2
  3.039267  2.5
  66.012915  2.5
  10.180834  1
  4.721474  1.5
