  79.828620  10
  107.132158  10
  231.708908  10
  395.053921  10
  616.993877  10
  894.950881  10
  1228.755029  10
  1618.319502  10
  2063.605812  10
  2564.594585  10
  0.027698  10.5
  135.824951  10.5
  228.490281  10.5
  395.165285  10.5
  616.992106  10.5
  894.950896  10.5
  1228.755029  10.5
  1618.319502  10.5
  2063.605812  10.5
  2564.594585  10.5
  68.754164  9
  99.584814  9
  220.091049  9
  384.652314  9
  606.775451  9
  884.840183  9
  1218.705957  9
  1608.309146  9
  2053.621364  9
  0.053560  9.5
  121.350822  9.5
  218.179163  9.5
  384.703993  9.5
  606.774816  9.5
  884.840187  9.5
  1218.705957  9.5
  1608.309146  9.5
  2053.621364  9.5
  58.302319  8
  92.579071  8
  209.975035  8
  375.394557  8
  597.669024  8
  875.817907  8
  1209.731992  8
  1599.365534  8
  0.102114  8.5
  108.441940  8.5
  208.917219  8.5
  375.416184  8.5
  597.668828  8.5
  875.817908  8.5
  1209.731992  8.5
  1599.365534  8.5
  48.599209  7
  86.165109  7
  201.259889  7
  367.266517  7
  589.662248  7
  867.875975  7
  1201.827353  7
  0.191360  7.5
  97.147919  7.5
  200.725082  7.5
  367.274409  7.5
  589.662199  7.5
  867.875975  7.5
  1201.827353  7.5
  39.749764  6
  80.394037  6
  193.857312  6
  360.254265  6
  582.744389  6
  861.007279  6
  0.351175  6.5
  87.499707  6.5
  193.617578  6.5
  360.256639  6.5
  582.744380  6.5
  861.007279  6.5
  31.833281  5
  75.318932  5
  187.694497  5
  354.344749  5
  576.906233  5
  0.628488  5.5
  79.505111  5.5
  187.604008  5.5
  354.345278  5.5
  576.906232  5.5
  24.900721  4
  70.996526  4
  182.714685  4
  349.526321  4
  1.092168  4.5
  73.144135  4.5
  182.688705  4.5
  349.526387  4.5
  18.973019  3
  67.489512  3
  178.876217  3
  1.835526  3.5
  68.366207  3.5
  178.871872  3.5
  14.039950  2
  64.869244  2
  2.974118  2.5
  65.091646  2.5
  10.059605  1
  4.637890  1.5
