  38.002565  10
  38.002565  10
  102.005355  10
  102.005355  10
  150.002247  10
  150.002248  10
  181.969217  10
  181.981372  10
  196.922629  10
  199.298700  10
  -0.000000  10.5
  72.004423  10.5
  72.004423  10.5
  128.004937  10.5
  128.004937  10.5
  167.994857  10.5
  167.995035  10.5
  191.740193  10.5
  192.076611  10.5
  200.365399  10.5
  34.002273  9
  34.002273  9
  90.004351  9
  90.004351  9
  129.999022  9
  129.999095  9
  153.830847  9
  154.052713  9
  162.245269  9
  0.000000  9.5
  64.003816  9.5
  64.003816  9.5
  112.003275  9.5
  112.003275  9.5
  143.983497  9.5
  143.989820  9.5
  159.112775  9.5
  161.038623  9.5
  30.001980  8
  30.001980  8
  78.003276  8
  78.003276  8
  109.992529  8
  109.995548  8
  125.289408  8
  126.810506  8
  0.000000  8.5
  56.003197  8.5
  56.003197  8.5
  96.001252  8.5
  96.001278  8.5
  119.896621  8.5
  120.034983  8.5
  128.156823  8.5
  26.001685  7
  26.001685  7
  66.002055  7
  66.002063  7
  89.941808  7
  90.022210  7
  98.094524  7
  -0.000000  7.5
  48.002556  7.5
  48.002556  7.5
  79.997728  7.5
  79.999017  7.5
  95.450194  7.5
  96.612969  7.5
  22.001386  6
  22.001386  6
  54.000249  6
  54.000720  6
  69.593171  6
  70.444708  6
  0.000000  6.5
  40.001871  6.5
  40.001873  6.5
  63.970762  6.5
  64.013319  6.5
  72.052930  6.5
  18.001080  5
  18.001080  5
  41.987627  5
  42.007379  5
  50.026956  5
  0.000000  5.5
  32.001012  5.5
  32.001148  5.5
  47.716719  5.5
  48.304524  5.5
  14.000743  4
  14.000769  4
  29.819526  4
  30.191347  4
  0.000000  4.5
  23.996121  4.5
  24.003597  4.5
  32.012090  4.5
  9.999394  3
  10.001326  3
  18.004536  3
  0.000000  3.5
  15.900578  3.5
  16.104246  3.5
  5.959218  2
  6.042366  2
  0.000000  2.5
  8.001296  2.5
  2.000216  1
  0.000072  1.5
