  38.003491  10
  38.003491  10
  102.007289  10
  102.007289  10
  150.003056  10
  150.003059  10
  181.956685  10
  181.975938  10
  196.767134  10
  199.534252  10
  -0.000000  10.5
  72.006020  10.5
  72.006020  10.5
  128.006719  10.5
  128.006719  10.5
  167.992950  10.5
  167.993280  10.5
  191.652027  10.5
  192.104242  10.5
  200.491749  10.5
  34.003094  9
  34.003094  9
  90.005922  9
  90.005922  9
  129.998649  9
  129.998783  9
  153.772315  9
  154.071736  9
  162.331311  9
  -0.000000  9.5
  64.005194  9.5
  64.005194  9.5
  112.004457  9.5
  112.004458  9.5
  143.976802  9.5
  143.986826  9.5
  158.980933  9.5
  161.225197  9.5
  30.002695  8
  30.002695  8
  78.004458  8
  78.004459  8
  109.989480  8
  109.994270  8
  125.181302  8
  126.954718  8
  -0.000000  8.5
  56.004351  8.5
  56.004351  8.5
  96.001697  8.5
  96.001745  8.5
  119.860313  8.5
  120.047612  8.5
  128.212440  8.5
  26.002293  7
  26.002293  7
  66.002795  7
  66.002809  7
  89.921148  7
  90.030229  7
  98.128308  7
  0.000000  7.5
  48.003479  7.5
  48.003479  7.5
  79.996759  7.5
  79.998805  7.5
  95.364950  7.5
  96.721031  7.5
  22.001887  6
  22.001887  6
  54.000284  6
  54.001032  6
  69.529130  6
  70.522430  6
  -0.000000  6.5
  40.002546  6.5
  40.002550  6.5
  63.960305  6.5
  64.018129  6.5
  72.071943  6.5
  18.001470  5
  18.001470  5
  41.983182  5
  42.010044  5
  50.036668  5
  0.000000  5.5
  32.001361  5.5
  32.001577  5.5
  47.671586  5.5
  48.357328  5.5
  14.001009  4
  14.001049  4
  29.790501  4
  30.224298  4
  0.000000  4.5
  23.994724  4.5
  24.004897  4.5
  32.016453  4.5
  9.999176  3
  10.001805  3
  18.006174  3
  0.000000  3.5
  15.884473  3.5
  16.122094  3.5
  5.952573  2
  6.049583  2
  0.000000  2.5
  8.001764  2.5
  2.000294  1
  0.000098  1.5
