  41.698021  10
  41.699481  10
  108.780733  10
  109.712475  10
  146.237360  10
  164.055713  10
  194.997218  10
  231.344624  10
  273.710063  10
  321.783137  10
  0.000000  10.5
  78.246935  10.5
  78.303746  10.5
  130.738576  10.5
  137.074913  10.5
  165.871775  10.5
  194.845500  10.5
  231.351060  10.5
  273.709924  10.5
  321.783138  10.5
  37.270422  9
  37.275580  9
  94.617066  9
  96.764076  9
  125.970975  9
  147.603975  9
  178.782735  9
  215.709376  9
  258.398931  9
  0.000000  9.5
  69.289969  9.5
  69.459397  9.5
  111.345540  9.5
  121.379342  9.5
  148.173940  9.5
  178.751925  9.5
  215.710170  9.5
  258.398923  9.5
  32.835862  8
  32.853502  8
  80.046588  8
  84.306683  8
  108.838404  8
  133.104026  8
  164.672154  8
  201.970378  8
  0.000000  8.5
  60.209513  8.5
  60.680708  8.5
  93.155845  8.5
  107.028866  8.5
  133.239821  8.5
  164.667811  8.5
  201.970430  8.5
  28.383196  7
  28.440945  7
  65.541781  7
  72.660757  7
  94.852185  7
  120.583011  7
  152.498094  7
  0.000000  7.5
  50.887397  7.5
  52.070721  7.5
  77.111395  7.5
  94.322007  7.5
  120.605400  7.5
  152.497772  7.5
  23.882995  6
  24.060860  6
  51.985421  6
  62.174445  6
  83.543094  6
  109.981197  6
  0.000000  6.5
  41.259140  6.5
  43.815995  6.5
  63.876726  6.5
  83.437051  6.5
  109.983148  6.5
  19.271683  5
  19.771244  5
  40.243236  5
  53.153245  5
  74.430080  5
  0.000004  5.5
  31.623038  5.5
  36.187932  5.5
  53.593026  5.5
  74.418861  5.5
  14.482167  4
  15.692698  4
  30.949107  4
  45.798187  4
  0.000064  4.5
  22.723827  4.5
  29.503158  4.5
  45.857807  4.5
  9.663137  3
  12.023530  3
  24.337116  3
  0.000943  3.5
  15.333770  3.5
  24.061094  3.5
  5.395232  2
  9.016892  2
  0.012053  2.5
  9.981420  2.5
  2.324943  1
  0.115617  1.5
