  1056.203457  10
  6752.421828  10
  18657.172428  10
  36516.972574  10
  60331.020149  10
  90098.894522  10
  125820.475782  10
  167495.718938  10
  215124.603989  10
  268707.120932  10
  507.072466  10.5
  6755.816822  10.5
  18657.169570  10.5
  36516.972574  10.5
  60331.020149  10.5
  90098.894522  10.5
  125820.475782  10.5
  167495.718938  10.5
  215124.603989  10.5
  268707.120932  10.5
  1021.353958  9
  6742.182689  9
  18647.267025  9
  36507.268173  9
  60321.396025  9
  90089.310561  9
  125810.914778  9
  167486.172284  9
  215115.066903  9
  527.720335  9.5
  6744.653009  9.5
  18647.265358  9.5
  36507.268174  9.5
  60321.396025  9.5
  90089.310561  9.5
  125810.914778  9.5
  167486.172284  9.5
  215115.066903  9.5
  987.339118  8
  6732.979582  8
  18638.405382  8
  36498.585791  8
  60312.785277  8
  90080.735646  8
  125802.360345  8
  167477.630654  8
  549.018947  8.5
  6734.709578  8.5
  18638.404473  8.5
  36498.585791  8.5
  60312.785277  8.5
  90080.735646  8.5
  125802.360345  8.5
  167477.630654  8.5
  954.150459  7
  6724.822059  7
  18630.587124  7
  36490.925258  7
  60305.187800  7
  90073.169709  7
  125794.812434  7
  570.979930  7.5
  6725.975845  7.5
  18630.586669  7.5
  36490.925258  7.5
  60305.187800  7.5
  90073.169709  7.5
  125794.812434  7.5
  921.779261  6
  6717.719776  6
  18623.811924  6
  36484.286428  6
  60298.603504  6
  90066.612688  6
  593.614788  6.5
  6718.441138  6.5
  18623.811722  6.5
  36484.286428  6.5
  60298.603504  6.5
  90066.612688  6.5
  890.216576  5
  6711.682487  5
  18618.079509  5
  36478.669172  5
  60293.032310  5
  616.934899  5.5
  6712.094814  5.5
  18618.079433  5.5
  36478.669172  5.5
  60293.032310  5.5
  859.453230  4
  6706.720046  4
  18613.389649  4
  36474.073384  4
  640.951498  4.5
  6706.926258  4.5
  18613.389627  4.5
  36474.073384  4.5
  829.479825  3
  6702.842398  3
  18609.742162  3
  665.675672  3.5
  6702.924898  3.5
  18609.742159  3.5
  800.286751  2
  6700.059579  2
  691.118352  2.5
  6700.080207  2.5
  771.864187  1
  717.290302  1.5
