  441.090663  10
  2252.974660  10
  6161.984824  10
  12026.308802  10
  19846.409994  10
  29621.856316  10
  41352.526086  10
  55038.373602  10
  70679.378532  10
  88275.530707  10
  122.306670  10.5
  2258.873279  10.5
  6161.969621  10.5
  12026.308816  10.5
  19846.409994  10.5
  29621.856316  10.5
  41352.526086  10.5
  55038.373602  10.5
  70679.378532  10.5
  88275.530707  10.5
  417.595151  9
  2243.047001  9
  6152.058428  9
  12016.591124  9
  19836.774868  9
  29612.262538  9
  41342.955958  9
  55028.818261  9
  70669.833054  9
  131.697063  9.5
  2247.343447  9.5
  6152.049557  9.5
  12016.591131  9.5
  19836.774868  9.5
  29612.262538  9.5
  41342.955958  9.5
  55028.818261  9.5
  70669.833054  9.5
  394.985459  8
  2234.094878  8
  6143.180590  8
  12007.897890  8
  19828.154909  8
  29603.679269  8
  41334.393669  8
  55020.269091  8
  141.658233  8.5
  2237.106491  8.5
  6143.175750  8.5
  12007.897892  8.5
  19828.154909  8.5
  29603.679269  8.5
  41334.393669  8.5
  55020.269091  8.5
  373.249542  7
  2226.133753  7
  6135.350009  7
  12000.228588  7
  19820.549803  7
  29596.106296  7
  41326.839068  7
  152.211410  7.5
  2228.143911  7.5
  6135.347589  7.5
  12000.228589  7.5
  19820.549803  7.5
  29596.106296  7.5
  41326.839068  7.5
  352.374566  6
  2219.179439  6
  6128.565576  6
  11993.582769  6
  19813.959271  6
  29589.543432  6
  163.377647  6.5
  2220.437097  6.5
  6128.564500  6.5
  11993.582769  6.5
  19813.959271  6.5
  29589.543432  6.5
  332.346931  5
  2213.248086  5
  6122.826362  5
  11987.960044  5
  19808.383074  5
  175.177758  5.5
  2213.967381  5.5
  6122.825959  5.5
  11987.960044  5.5
  19808.383074  5.5
  313.152282  4
  2208.356176  4
  6118.131609  4
  11983.360082  4
  187.632266  4.5
  2208.716083  4.5
  6118.131493  4.5
  11983.360082  4.5
  294.775537  3
  2204.520511  3
  6114.480717  3
  200.761345  3.5
  2204.664555  3.5
  6114.480698  3.5
  277.200909  2
  2201.758199  2
  214.584772  2.5
  2201.794224  2.5
  260.411933  1
  229.121877  1.5
