  91.221200  10
  148.076543  10
  338.235758  10
  607.483814  10
  969.041163  10
  1421.450550  10
  1964.546435  10
  2598.259671  10
  3322.559326  10
  4137.429835  10
  0.191044  10.5
  172.210364  10.5
  336.683277  10.5
  607.515605  10.5
  969.040858  10.5
  1421.450551  10.5
  1964.546435  10.5
  2598.259671  10.5
  3322.559326  10.5
  4137.429835  10.5
  79.060157  9
  140.060172  9
  327.384784  9
  597.353365  9
  959.059902  9
  1411.549105  9
  1954.690882  9
  2588.432942  9
  3312.751877  9
  0.310903  9.5
  158.132494  9.5
  326.471516  9.5
  597.368076  9.5
  959.059793  9.5
  1411.549106  9.5
  1954.690882  9.5
  2588.432942  9.5
  3312.751877  9.5
  67.738093  8
  132.675437  8
  317.828134  8
  588.321406  8
  950.150787  8
  1402.704317  8
  1945.883096  8
  2579.648390  8
  0.499604  8.5
  145.675533  8.5
  317.326552  8.5
  588.327549  8.5
  950.150753  8.5
  1402.704318  8.5
  1945.883096  8.5
  2579.648390  8.5
  57.318603  7
  125.962787  7
  309.508264  7
  580.377841  7
  942.306598  7
  1394.911375  7
  1938.119627  7
  0.791206  7.5
  134.848018  7.5
  309.256071  7.5
  580.380079  7.5
  942.306590  7.5
  1394.911375  7.5
  1938.119627  7.5
  47.848623  6
  119.964581  6
  302.377283  6
  573.513343  6
  935.521004  6
  1388.166041  6
  1.232333  6.5
  125.642392  6.5
  302.264693  6.5
  573.514015  6.5
  935.521003  6.5
  1388.166041  6.5
  39.357522  5
  114.726062  5
  296.396696  5
  567.719553  5
  929.788543  5
  1.883930  5.5
  118.033212  5.5
  296.354325  5.5
  567.719703  5.5
  929.788542  5.5
  31.856452  4
  110.296542  4
  291.536747  4
  562.989239  4
  2.821656  4.5
  111.976526  4.5
  291.524607  4.5
  562.989258  4.5
  25.337860  3
  106.730692  3
  287.775512  3
  4.134315  3.5
  107.411065  3.5
  287.773484  3.5
  19.775226  2
  104.089782  2
  5.920153  2.5
  104.261389  2.5
  15.123194  1
  8.281461  1.5
