  81.546775  10
  112.744574  10
  245.961689  10
  423.766011  10
  664.636135  10
  966.244120  10
  1328.418684  10
  1751.076791  10
  2234.181529  10
  2777.714316  10
  0.039562  10.5
  140.663579  10.5
  243.110588  10.5
  423.856178  10.5
  664.634819  10.5
  966.244130  10.5
  1328.418684  10.5
  1751.076791  10.5
  2234.181529  10.5
  2777.714316  10.5
  70.270060  9
  105.114318  9
  234.505560  9
  413.419229  9
  654.466568  9
  956.176407  9
  1318.409324  9
  1741.104093  9
  2224.233363  9
  0.074064  9.5
  126.243262  9.5
  232.815863  9.5
  413.461044  9.5
  654.466097  9.5
  956.176410  9.5
  1318.409324  9.5
  1741.104093  9.5
  2224.233363  9.5
  59.662489  8
  98.042278  8
  224.508358  8
  404.207422  8
  645.400725  8
  947.190565  8
  1309.469443  8
  1732.193088  8
  0.136730  8.5
  113.403604  8.5
  223.575087  8.5
  404.224912  8.5
  645.400580  8.5
  947.190566  8.5
  1309.469443  8.5
  1732.193088  8.5
  49.838214  7
  91.576645  7
  215.877273  7
  396.117079  7
  637.427350  7
  939.279198  7
  1301.593745  7
  0.248190  7.5
  102.186254  7.5
  215.406032  7.5
  396.123458  7.5
  637.427314  7.5
  939.279198  7.5
  1301.593745  7.5
  40.890388  6
  85.766708  6
  208.532255  6
  389.135087  6
  630.536635  6
  932.435794  6
  0.441456  6.5
  92.614504  6.5
  208.321209  6.5
  389.137006  6.5
  630.536628  6.5
  932.435794  6.5
  32.887809  5
  80.663945  5
  202.407796  5
  383.249294  5
  624.720153  5
  0.766563  5.5
  84.689148  5.5
  202.328188  5.5
  383.249721  5.5
  624.720152  5.5
  25.872856  4
  76.323653  4
  197.452994  4
  378.448928  4
  1.294541  4.5
  78.384581  4.5
  197.430148  4.5
  378.448982  4.5
  19.860130  3
  72.807079  3
  193.630501  3
  2.118866  3.5
  73.647028  3.5
  193.626681  3.5
  14.835542  2
  70.183830  2
  3.352624  2.5
  70.396658  2.5
  10.755955  1
  5.120910  1.5
