  113.022873  10
  242.168728  10
  592.204803  10
  1107.634882  10
  1796.497006  10
  2657.969599  10
  3691.905304  10
  4898.247056  10
  6276.969330  10
  7828.059306  10
  1.372132  10.5
  260.756323  10.5
  591.617376  10.5
  1107.641052  10.5
  1796.496975  10.5
  2657.969599  10.5
  3691.905304  10.5
  4898.247056  10.5
  6276.969330  10.5
  7828.059306  10.5
  99.581295  9
  233.608707  9
  581.864334  9
  1097.710698  9
  1786.690167  9
  2648.222902  9
  3682.193177  9
  4888.556618  9
  6267.293386  9
  1.896392  9.5
  247.354644  9.5
  581.520469  9.5
  1097.713548  9.5
  1786.690156  9.5
  2648.222902  9.5
  3682.193177  9.5
  4888.556618  9.5
  6267.293386  9.5
  87.095121  8
  225.776554  8
  572.678844  8
  1088.848497  8
  1777.926609  8
  2639.509567  8
  3673.508695  8
  4879.890229  8
  2.597007  8.5
  235.546056  8.5
  572.490723  8.5
  1088.849686  8.5
  1777.926606  8.5
  2639.509567  8.5
  3673.508695  8.5
  4879.890229  8.5
  75.580640  7
  218.705473  7
  564.623184  7
  1081.042613  7
  1770.202660  7
  2631.827127  7
  3665.850085  7
  3.521350  7.5
  225.307523  7.5
  564.528887  7.5
  1081.043045  7.5
  1770.202659  7.5
  2631.827127  7.5
  3665.850085  7.5
  65.044698  6
  212.430909  6
  557.676610  6
  1074.287965  6
  1763.515086  6
  2625.173406  6
  4.724343  6.5
  216.606471  6.5
  557.634613  6.5
  1074.288095  6.5
  1763.515086  6.5
  2625.173406  6.5
  55.484525  5
  206.991035  5
  551.822435  5
  1068.580106  5
  1757.861092  5
  6.267802  5.5
  209.401287  5.5
  551.806659  5.5
  1068.580135  5.5
  1757.861092  5.5
  46.887612  4
  202.427225  4
  547.047651  4
  1063.915242  4
  8.219199  4.5
  203.642373  4.5
  547.043137  4.5
  1063.915246  4.5
  39.231672  3
  198.784476  3
  543.342535  3
  10.649893  3.5
  199.273678  3.5
  543.341782  3.5
  32.484731  2
  196.111717  2
  13.632980  2.5
  196.234581  2.5
  26.605422  1
  17.240979  1.5
