  249.505112  10
  999.311848  10
  2683.414847  10
  5208.107275  10
  8575.419572  10
  12784.889495  10
  17836.391886  10
  23729.879627  10
  30465.331740  10
  38042.737722  10
  35.105737  10.5
  1008.223556  10.5
  2683.360959  10.5
  5208.107388  10.5
  8575.419572  10.5
  12784.889495  10.5
  17836.391886  10.5
  23729.879627  10.5
  30465.331740  10.5
  38042.737722  10.5
  231.073518  9
  989.737998  9
  2673.443858  9
  5198.363396  9
  8565.762734  9
  12775.276353  9
  17826.803761  9
  23720.307156  9
  30455.769712  9
  39.613365  9.5
  996.242254  9.5
  2673.412405  9.5
  5198.363448  9.5
  8565.762734  9.5
  12775.276353  9.5
  17826.803761  9.5
  23720.307156  9.5
  30455.769712  9.5
  213.575011  8
  981.072801  8
  2664.532055  8
  5189.648747  8
  8557.124602  8
  12766.676604  8
  17818.225980  8
  23711.743117  8
  44.591557  8.5
  985.640246  8.5
  2664.514890  8.5
  5189.648769  8.5
  8557.124602  8.5
  12766.676604  8.5
  17818.225980  8.5
  23711.743117  8.5
  196.996764  7
  973.337493  7
  2656.675962  7
  5181.962143  7
  8549.504445  7
  12759.089754  7
  17810.658186  7
  50.072838  7.5
  976.390989  7.5
  2656.667376  7.5
  5181.962151  7.5
  8549.504445  7.5
  12759.089754  7.5
  17810.658186  7.5
  181.324017  6
  966.554116  6
  2649.872648  6
  5175.302537  6
  8542.901615  6
  12752.515366  6
  56.089900  6.5
  968.467183  6.5
  2649.868831  6.5
  5175.302539  6.5
  8542.901615  6.5
  12752.515366  6.5
  166.540104  5
  960.745528  5
  2644.119693  5
  5169.669022  5
  8537.315552  5
  62.675390  5.5
  961.840953  5.5
  2644.118261  5.5
  5169.669023  5.5
  8537.315552  5.5
  152.626492  4
  955.935404  4
  2639.415146  4
  5165.060830  4
  69.861693  4.5
  956.484036  4.5
  2639.414737  4.5
  5165.060830  4.5
  139.562831  3
  952.148218  3
  2635.757493  3
  77.680728  3.5
  952.367957  3.5
  2635.757425  3.5
  127.327020  2
  949.409218  2
  86.163746  2.5
  949.464204  2.5
  115.895281  1
  95.341137  1.5
