  119.290685  10
  271.616173  10
  672.634132  10
  1265.583660  10
  2057.693152  10
  3048.214483  10
  4237.003646  10
  5624.005245  10
  7209.194512  10
  8992.559014  10
  1.968983  10.5
  289.112639  10.5
  672.158280  10.5
  1265.587993  10.5
  2057.693133  10.5
  3048.214483  10.5
  4237.003646  10.5
  5624.005245  10.5
  7209.194512  10.5
  8992.559014  10.5
  105.550848  9
  262.948289  9
  662.360237  9
  1255.689135  9
  2047.911101  9
  3038.489828  9
  4227.311971  9
  5614.334255  9
  7199.537343  9
  2.647406  9.5
  275.861036  9.5
  662.081841  9.5
  1255.691137  9.5
  2047.911094  9.5
  3038.489828  9.5
  4227.311971  9.5
  5614.334255  9.5
  7199.537343  9.5
  92.775877  8
  255.027027  8
  653.223511  8
  1246.851245  8
  2039.168255  8
  3029.795231  8
  4218.645081  8
  5605.684734  8
  3.529911  8.5
  264.186977  8.5
  653.071277  8.5
  1246.852079  8.5
  2039.168253  8.5
  3029.795231  8.5
  4218.645081  8.5
  5605.684734  8.5
  80.975878  7
  247.884431  7
  645.202952  7
  1239.065028  7
  2031.461434  7
  3022.128553  7
  4211.001439  7
  4.664682  7.5
  254.063863  7.5
  645.126672  7.5
  1239.065332  7.5
  2031.461434  7.5
  3022.128553  7.5
  4211.001439  7.5
  70.152684  6
  241.554713  6
  638.281220  6
  1232.326056  6
  2024.787837  6
  3015.487908  6
  6.106216  6.5
  245.456990  6.5
  638.247257  6.5
  1232.326148  6.5
  2024.787837  6.5
  3015.487908  6.5
  60.299732  5
  236.074653  5
  632.444342  5
  1226.630457  5
  2019.145041  5
  7.914545  5.5
  238.324189  5.5
  632.431587  5.5
  1226.630477  5.5
  2019.145041  5.5
  51.401985  4
  231.483964  4
  627.681396  4
  1221.974935  4
  10.154034  4.5
  232.616852  4.5
  627.677748  4.5
  1221.974937  4.5
  43.435939  3
  227.825608  3
  623.984188  3
  12.891818  3.5
  228.281306  3.5
  623.983579  3.5
  36.369736  2
  225.146004  2
  16.196001  2.5
  225.260384  2.5
  30.163445  1
  20.133768  1.5
