  46.403041  10
  46.450850  10
  113.483906  10
  121.525211  10
  158.921001  10
  197.764347  10
  247.491372  10
  306.101675  10
  373.464210  10
  449.467363  10
  0.000000  10.5
  85.410257  10.5
  86.472238  10.5
  133.239500  10.5
  156.667815  10.5
  197.943640  10.5
  247.483967  10.5
  306.101844  10.5
  373.464207  10.5
  449.467364  10.5
  41.383276  9
  41.497364  9
  97.080622  9
  108.641899  9
  143.595222  9
  184.005686  9
  234.095929  9
  292.967253  9
  360.499243  9
  0.000000  9.5
  74.791685  9.5
  76.857507  9.5
  115.460705  9.5
  142.699859  9.5
  184.055788  9.5
  234.094504  9.5
  292.967273  9.5
  360.499243  9.5
  36.313959  8
  36.576657  8
  81.547157  8
  96.780315  8
  130.608493  8
  171.911042  8
  222.284994  8
  281.342401  8
  0.000000  8.5
  63.884057  8.5
  67.569172  8.5
  100.192236  8.5
  130.312493  8.5
  171.922142  8.5
  222.284801  8.5
  281.342403  8.5
  31.150894  7
  31.727004  7
  67.487618  7
  86.145161  7
  119.619266  7
  161.418670  7
  211.997158  7
  0.000004  7.5
  52.869362  7.5
  58.784922  7.5
  87.556776  7.5
  119.541645  7.5
  161.420417  7.5
  211.997144  7.5
  25.837502  6
  27.016324  6
  55.392285  6
  76.892400  6
  110.383487  6
  152.463972  6
  0.000028  6.5
  42.197629  6.5
  50.709632  6.5
  77.352350  6.5
  110.368923  6.5
  152.464120  6.5
  20.364943  5
  22.550573  5
  45.589015  5
  69.113360  5
  102.744949  5
  0.000213  5.5
  32.435275  5.5
  43.552008  5.5
  69.220807  5.5
  102.743463  5.5
  14.905071  4
  18.472936  4
  38.142256  4
  62.833339  4
  0.001558  4.5
  24.075583  4.5
  37.500433  4.5
  62.847170  4.5
  9.868311  3
  14.950843  3
  32.816323  3
  0.010550  3.5
  17.474968  3.5
  32.703316  3.5
  5.726316  2
  12.159371  2
  0.062674  2.5
  12.858584  2.5
  2.781455  1
  0.299240  1.5
