  53.209523  10
  53.746494  10
  119.787925  10
  145.162987  10
  198.267171  10
  263.397085  10
  342.646648  10
  435.492385  10
  541.818847  10
  661.564976  10
  0.000002  10.5
  93.432162  10.5
  100.119351  10.5
  149.712449  10.5
  197.871823  10.5
  263.413711  10.5
  342.646260  10.5
  435.492390  10.5
  541.818847  10.5
  661.564976  10.5
  47.132055  9
  48.099048  9
  103.494102  9
  132.933851  9
  185.648135  9
  251.336103  9
  330.812944  9
  423.803056  9
  530.225399  9
  0.000008  9.5
  80.484953  9.5
  89.959859  9.5
  135.236006  9.5
  185.502067  9.5
  251.340610  9.5
  330.812870  9.5
  423.803057  9.5
  530.225399  9.5
  40.910689  8
  42.582264  8
  89.006872  8
  121.957857  8
  174.626897  8
  240.671784  8
  320.316815  8
  413.412675  8
  0.000037  8.5
  67.855050  8.5
  80.448606  8.5
  122.981423  8.5
  174.580839  8.5
  240.672762  8.5
  320.316805  8.5
  413.412675  8.5
  34.530214  7
  37.268145  7
  76.574666  7
  112.303361  7
  165.086405  7
  231.362029  7
  311.127090  7
  0.000175  7.5
  55.948222  7.5
  71.731721  7.5
  112.692384  7.5
  165.074689  7.5
  231.362181  7.5
  311.127090  7.5
  28.059514  6
  32.249328  6
  66.312698  6
  104.002494  6
  156.944071  6
  223.369147  6
  0.000807  6.5
  45.142651  6.5
  63.946786  6.5
  104.122691  6.5
  156.941915  6.5
  223.369160  6.5
  21.704791  5
  27.635078  5
  58.160880  5
  97.055524  5
  150.139993  5
  0.003601  5.5
  35.745183  5.5
  57.213916  5.5
  97.082755  5.5
  150.139775  5.5
  15.788518  4
  23.544282  4
  51.910611  4
  91.439929  4
  0.015321  4.5
  27.987100  4.5
  51.628717  4.5
  91.443376  4.5
  10.648116  3
  20.099128  3
  47.305620  3
  0.060626  3.5
  22.028136  3.5
  47.257481  3.5
  6.534125  2
  17.425097  2
  0.214968  2.5
  17.939840  2.5
  3.556805  1
  0.654598  1.5
