  61.103433  10
  63.943299  10
  134.234038  10
  186.086438  10
  268.027248  10
  370.736293  10
  494.552539  10
  639.258236  10
  804.776166  10
  991.067352  10
  0.000082  10.5
  101.445027  10.5
  121.748318  10.5
  187.574234  10.5
  267.956040  10.5
  370.738067  10.5
  494.552514  10.5
  639.258236  10.5
  804.776166  10.5
  991.067352  10.5
  53.453863  9
  57.612866  9
  119.387885  9
  174.592437  9
  256.654336  9
  359.639471  9
  483.597661  9
  628.392411  9
  793.969800  9
  0.000272  9.5
  87.192293  9.5
  111.374982  9.5
  175.302699  9.5
  256.628564  9.5
  359.639948  9.5
  483.597656  9.5
  628.392411  9.5
  793.969800  9.5
  45.706214  8
  51.553808  8
  106.590518  8
  164.367798  8
  246.603939  8
  349.784646  8
  473.848751  8
  618.709947  8
  0.000894  8.5
  73.952021  8.5
  101.867025  8.5
  164.671101  8.5
  246.595930  8.5
  349.784748  8.5
  473.848751  8.5
  618.709947  8.5
  37.994088  7
  45.844651  7
  95.821526  7
  155.416962  7
  237.828644  7
  341.146978  7
  465.288066  7
  0.002889  7.5
  61.963160  7.5
  93.315654  7.5
  155.529221  7.5
  237.826627  7.5
  341.146994  7.5
  465.288066  7.5
  30.530987  6
  40.570703  6
  86.961075  6
  147.729465  6
  230.290940  6
  333.704640  6
  0.009110  6.5
  51.419544  6.5
  85.798971  6.5
  147.763569  6.5
  230.290571  6.5
  333.704641  6.5
  23.573232  5
  35.820763  5
  79.828001  5
  141.284853  5
  223.960658  5
  0.027808  5.5
  42.472719  5.5
  79.379358  5.5
  141.292498  5.5
  223.960621  5.5
  17.365930  4
  31.684987  4
  74.232453  4
  136.057834  4
  0.081099  4.5
  35.231925  4.5
  74.101782  4.5
  136.058795  4.5
  12.099064  3
  28.255618  3
  70.015420  3
  0.222038  3.5
  29.753992  3.5
  69.993371  3.5
  7.883180  2
  25.632221  2
  0.559058  2.5
  26.022541  2.5
  4.738300  1
  1.271400  1.5
