  42.503536  10
  42.506953  10
  109.863890  10
  111.517745  10
  147.023971  10
  169.004593  10
  203.163662  10
  243.512030  10
  290.301467  10
  343.298492  10
  0.000000  10.5
  79.554687  10.5
  79.672400  10.5
  130.730470  10.5
  139.838709  10.5
  170.147663  10.5
  203.083185  10.5
  243.515000  10.5
  290.301411  10.5
  343.298492  10.5
  37.979765  9
  37.990744  9
  95.131938  9
  98.515649  9
  127.842395  9
  153.193449  9
  187.699882  9
  228.522322  9
  275.592988  9
  0.000000  9.5
  70.349702  9.5
  70.667342  9.5
  111.352982  9.5
  124.462801  9.5
  153.537919  9.5
  187.683826  9.5
  228.522685  9.5
  275.592985  9.5
  33.444839  8
  33.478959  8
  80.147054  8
  86.131192  8
  111.796030  8
  139.294658  8
  174.188136  8
  215.326607  8
  0.000000  8.5
  60.969968  8.5
  61.766269  8.5
  93.603871  8.5
  110.536638  8.5
  139.374741  8.5
  174.185899  8.5
  215.326631  8.5
  28.882211  7
  28.983656  7
  65.561335  7
  74.675883  7
  98.642813  7
  127.291698  7
  162.499821  7
  0.000000  7.5
  51.302821  7.5
  53.096334  7.5
  78.258514  7.5
  98.287360  7.5
  127.304706  7.5
  162.499656  7.5
  24.253013  6
  24.536334  6
  52.226079  6
  64.459475  6
  87.897694  6
  117.112413  6
  0.000001  6.5
  41.381927  6.5
  44.861208  6.5
  65.767657  6.5
  87.828085  6.5
  117.113536  6.5
  19.487710  5
  20.207514  5
  40.876937  5
  55.732892  5
  79.171245  5
  0.000011  5.5
  31.646269  5.5
  37.328707  5.5
  56.060185  5.5
  79.163965  5.5
  14.550071  4
  16.128331  4
  32.014099  4
  48.644838  4
  0.000139  4.5
  22.838030  4.5
  30.788963  4.5
  48.688478  4.5
  9.667597  3
  12.495096  3
  25.731487  3
  0.001687  3.5
  15.623093  3.5
  25.503102  3.5
  5.429730  2
  9.543140  2
  0.017876  2.5
  10.444129  2.5
  2.399460  1
  0.144028  1.5
