  75.221234  10
  93.353317  10
  197.582319  10
  325.482252  10
  501.397172  10
  721.851249  10
  986.689227  10
  1295.810829  10
  1649.172198  10
  2046.751253  10
  0.009261  10.5
  124.240314  10.5
  193.060313  10.5
  325.685478  10.5
  501.393040  10.5
  721.851294  10.5
  986.689227  10.5
  1295.810829  10.5
  1649.172198  10.5
  2046.751253  10.5
  64.785214  9
  86.052808  9
  185.415918  9
  314.900084  9
  491.013823  9
  711.596008  9
  976.506761  9
  1285.674076  9
  1639.066032  9
  0.019800  9.5
  109.651844  9.5
  182.706160  9.5
  314.994629  9.5
  491.012342  9.5
  711.596020  9.5
  976.506761  9.5
  1285.674076  9.5
  1639.066032  9.5
  54.815937  8
  79.242503  8
  174.891072  8
  305.489721  8
  481.770689  8
  702.451306  8
  967.418375  8
  1276.621073  8
  0.041731  8.5
  96.568443  8.5
  173.381877  8.5
  305.529362  8.5
  481.770232  8.5
  702.451308  8.5
  967.418375  8.5
  1276.621073  8.5
  45.473972  7
  72.979059  7
  165.884857  7
  297.235810  7
  473.651579  7
  694.406745  7
  959.416635  7
  0.086388  7.5
  85.065475  7.5
  165.118163  7.5
  297.250295  7.5
  473.651465  7.5
  694.406746  7.5
  959.416635  7.5
  36.901755  6
  67.319699  6
  158.283042  6
  290.122202  6
  466.642533  6
  687.453182  6
  0.174868  6.5
  75.198396  6.5
  157.938184  6.5
  290.126564  6.5
  466.642512  6.5
  687.453182  6.5
  29.213830  5
  62.322950  5
  151.988146  5
  284.133121  5
  460.731641  5
  0.344247  5.5
  66.998120  5.5
  151.857667  5.5
  284.134093  5.5
  460.731638  5.5
  22.490905  4
  58.050316  4
  146.922905  4
  279.254103  4
  0.655062  4.5
  60.464425  4.5
  146.885381  4.5
  279.254225  4.5
  16.776441  3
  54.569002  3
  143.030343  3
  1.197566  3.5
  55.559807  3.5
  143.024060  3.5
  12.074572  2
  51.955529  2
  2.092655  2.5
  52.207878  2.5
  8.348924  1
  3.484140  1.5
