  44.346474  10
  44.361222  10
  111.815474  10
  115.965751  10
  151.239221  10
  181.718556  10
  223.221757  10
  272.276501  10
  328.828987  10
  392.727522  10
  0.000000  10.5
  82.432184  10.5
  82.836498  10.5
  131.294283  10.5
  147.125857  10.5
  182.162755  10.5
  223.198382  10.5
  272.277170  10.5
  328.828977  10.5
  392.727522  10.5
  39.595603  9
  39.635809  9
  96.043660  9
  102.963555  9
  134.204899  9
  167.049679  9
  208.950954  9
  258.346125  9
  315.113741  9
  0.000000  9.5
  72.595227  9.5
  73.508942  9.5
  112.499807  9.5
  132.460571  9.5
  167.177081  9.5
  208.946397  9.5
  258.346206  9.5
  315.113740  9.5
  34.819057  8
  34.924971  8
  80.568719  8
  90.809415  8
  119.958844  8
  154.171609  8
  196.412891  8
  246.045488  8
  0.000000  8.5
  62.485045  8.5
  64.387770  8.5
  95.928700  8.5
  119.357125  8.5
  154.200324  8.5
  196.412266  8.5
  246.045493  8.5
  29.986325  7
  30.252711  7
  66.120147  7
  79.767712  7
  108.087643  7
  143.028666  7
  185.523121  7
  0.000001  7.5
  52.093476  7.5
  55.636225  7.5
  82.022105  7.5
  107.925716  7.5
  143.033240  7.5
  185.523075  7.5
  25.042328  6
  25.669483  6
  53.366703  6
  70.066094  6
  98.222412  6
  133.546955  6
  0.000006  6.5
  41.701302  6.5
  47.469683  6.5
  70.833379  6.5
  98.191556  6.5
  133.547345  6.5
  19.929211  5
  21.267403  5
  42.818278  5
  61.862589  5
  90.120415  5
  0.000055  5.5
  31.894232  5.5
  40.131072  5.5
  62.046379  5.5
  90.117238  5.5
  14.708209  4
  17.189006  4
  34.735896  4
  55.228933  4
  0.000527  4.5
  23.305225  4.5
  33.856257  4.5
  55.252901  4.5
  9.731586  3
  13.618508  3
  29.000280  3
  0.004631  3.5
  16.418469  3.5
  28.841923  3.5
  5.548769  2
  10.758072  2
  0.035564  2.5
  11.547709  2.5
  2.575398  1
  0.213614  1.5
