  69.010308  10
  78.095715  10
  162.226319  10
  250.841243  10
  376.925522  10
  535.089885  10
  725.259236  10
  947.302866  10
  1201.166101  10
  1486.821430  10
  0.001503  10.5
  112.052275  10.5
  155.000864  10.5
  251.324684  10.5
  376.911429  10.5
  535.090104  10.5
  725.259234  10.5
  947.302866  10.5
  1201.166101  10.5
  1486.821430  10.5
  59.680896  9
  71.184422  9
  149.026071  9
  239.926088  9
  366.217440  9
  524.552993  9
  714.817493  9
  936.920844  9
  1190.824023  9
  0.003805  9.5
  97.434311  9.5
  144.604615  9.5
  240.152428  9.5
  366.212376  9.5
  524.553051  9.5
  714.817493  9.5
  936.920844  9.5
  1190.824023  9.5
  50.549676  8
  64.677195  8
  137.692987  8
  230.228095  8
  356.706646  8
  515.170143  8
  705.507001  8
  927.655795  8
  0.009498  8.5
  84.179737  8.5
  135.190325  8.5
  230.323439  8.5
  356.705080  8.5
  515.170156  8.5
  705.507001  8.5
  927.655795  8.5
  41.809649  7
  58.641422  7
  128.095700  7
  221.733519  7
  348.368470  7
  506.926269  7
  697.317009  7
  0.023280  7.5
  72.413998  7.5
  126.809232  7.5
  221.768476  7.5
  348.368078  7.5
  506.926271  7.5
  697.317009  7.5
  33.659269  6
  53.145650  6
  120.085704  6
  214.424483  6
  341.182121  6
  499.808134  6
  0.055725  6.5
  62.237253  6.5
  119.502282  6.5
  214.435035  6.5
  341.182049  6.5
  499.808135  6.5
  26.276883  5
  48.259158  5
  113.521558  5
  208.281388  5
  335.130116  5
  0.129333  5.5
  53.722257  5.5
  113.299593  5.5
  208.283743  5.5
  335.130109  5.5
  19.802405  4
  44.052908  4
  108.284566  4
  203.284983  4
  0.288402  4.5
  46.907427  4.5
  108.220500  4.5
  203.285279  4.5
  14.326769  3
  40.602363  3
  104.285102  3
  0.611552  3.5
  41.785893  3.5
  104.274350  3.5
  9.886409  2
  37.992409  2
  1.221029  2.5
  38.296162  2.5
  6.460207  1
  2.279394  1.5
