  38.718599  10
  38.718601  10
  103.482141  10
  103.486577  10
  149.788787  10
  151.043089  10
  174.219714  10
  188.804798  10
  210.525047  10
  235.694842  10
  0.000000  10.5
  73.235411  10.5
  73.235512  10.5
  129.274096  10.5
  129.378027  10.5
  163.491552  10.5
  169.853685  10.5
  189.423795  10.5
  210.490527  10.5
  235.695550  10.5
  34.636655  9
  34.636663  9
  91.185943  9
  91.210633  9
  127.869530  9
  131.297909  9
  149.727176  9
  167.413274  9
  189.751020  9
  0.000000  9.5
  65.064277  9.5
  65.064959  9.5
  112.608347  9.5
  113.050041  9.5
  137.913279  9.5
  148.409591  9.5
  167.505866  9.5
  189.748807  9.5
  30.554303  8
  30.554367  8
  78.826007  8
  78.949567  8
  105.959565  8
  112.750009  8
  129.530072  8
  148.789996  8
  0.000000  8.5
  56.887763  8.5
  56.892115  8.5
  95.478252  8.5
  96.996861  8.5
  115.244700  8.5
  129.294197  8.5
  148.796766  8.5
  26.471159  7
  26.471628  7
  66.266233  7
  66.792871  7
  85.781843  7
  96.090946  7
  112.836268  7
  0.000000  7.5
  48.695521  7.5
  48.721121  7.5
  77.873779  7.5
  81.672134  7.5
  96.649425  7.5
  112.816139  7.5
  22.385722  6
  22.388983  6
  53.280839  6
  55.002856  6
  68.914387  6
  81.820704  6
  0.000000  6.5
  40.445495  6.5
  40.579182  6.5
  60.921344  6.5
  67.726780  6.5
  81.878265  6.5
  18.290612  5
  18.311496  5
  40.205020  5
  44.085211  5
  55.942678  5
  0.000000  5.5
  32.003605  5.5
  32.577620  5.5
  46.264628  5.5
  55.787144  5.5
  14.150871  4
  14.268070  4
  28.410970  4
  34.679119  4
  0.000000  4.5
  23.264271  4.5
  25.019533  4.5
  35.063609  4.5
  9.861246  3
  10.375621  3
  19.252165  3
  0.000007  3.5
  14.938052  3.5
  18.429761  3.5
  5.509118  2
  6.939408  2
  0.000457  2.5
  8.367261  2.5
  2.061014  1
  0.020610  1.5
