  45.749847  10
  45.783979  10
  112.982588  10
  119.687334  10
  156.204047  10
  192.474638  10
  239.576396  10
  295.143231  10
  359.056502  10
  431.194631  10
  0.000000  10.5
  84.493643  10.5
  85.301549  10.5
  132.463605  10.5
  153.485985  10.5
  192.710522  10.5
  239.565938  10.5
  295.143487  10.5
  359.056499  10.5
  431.194631  10.5
  40.817546  9
  40.902175  9
  96.725105  9
  106.757398  9
  140.406977  9
  178.458537  9
  225.937716  9
  281.786401  9
  345.881528  9
  0.000000  9.5
  74.128389  9.5
  75.770210  9.5
  114.343682  9.5
  139.308964  9.5
  178.524880  9.5
  225.935697  9.5
  281.786432  9.5
  345.881528  9.5
  35.844052  8
  36.046620  8
  81.172890  8
  94.801976  8
  127.080556  8
  166.144171  8
  213.923878  8
  269.972427  8
  0.000000  8.5
  63.465358  8.5
  66.527522  8.5
  98.675142  8.5
  126.713715  8.5
  166.158933  8.5
  213.923603  8.5
  269.972429  8.5
  30.788937  7
  31.251102  7
  66.975593  7
  84.044224  7
  115.851761  7
  155.469818  7
  203.467653  7
  0.000002  7.5
  52.625537  7.5
  57.748890  7.5
  85.673805  7.5
  115.754938  7.5
  155.472149  7.5
  203.467633  7.5
  25.593807  6
  26.578522  6
  54.674282  6
  74.660570  6
  106.442449  6
  146.367641  6
  0.000018  6.5
  42.021255  6.5
  49.644031  6.5
  75.197518  6.5
  106.424211  6.5
  146.367839  6.5
  20.231054  5
  22.131440  5
  44.649860  5
  66.760312  5
  98.674786  5
  0.000145  5.5
  32.236703  5.5
  42.432468  5.5
  66.886547  5.5
  98.672921  5.5
  14.839526  4
  18.053727  4
  37.022211  4
  60.380498  4
  0.001140  4.5
  23.806797  4.5
  36.316290  4.5
  60.396802  4.5
  9.818664  3
  14.518166  3
  31.582311  3
  0.008322  3.5
  17.122327  3.5
  31.457291  3.5
  5.665805  2
  11.707512  2
  0.053200  2.5
  12.432650  2.5
  2.714825  1
  0.271092  1.5
