  57.989760  10
  59.587186  10
  127.289351  10
  167.763545  10
  236.899855  10
  323.264913  10
  427.606260  10
  549.634184  10
  689.258657  10
  846.433902  10
  0.000020  10.5
  98.193300  10.5
  112.191300  10.5
  170.075300  10.5
  236.762729  10.5
  323.269065  10.5
  427.606189  10.5
  549.634185  10.5
  689.258657  10.5
  846.433902  10.5
  50.996041  9
  53.512179  9
  111.806108  9
  155.996516  9
  225.140513  9
  311.855964  9
  416.366442  9
  538.500639  9
  678.195969  9
  0.000078  9.5
  84.299522  9.5
  101.870089  9.5
  157.117283  9.5
  225.090613  9.5
  311.857082  9.5
  416.366428  9.5
  538.500639  9.5
  678.195969  9.5
  43.852963  8
  47.652539  8
  98.343255  8
  145.506891  8
  214.782980  8
  301.738756  8
  406.374749  8
  528.587675  8
  0.000292  8.5
  71.193709  8.5
  92.344035  8.5
  145.990570  8.5
  214.767411  8.5
  301.738997  8.5
  406.374747  8.5
  528.587675  8.5
  36.634839  7
  42.087445  7
  86.973195  7
  136.316402  7
  205.762288  7
  292.882826  7
  397.609297  7
  0.001077  7.5
  59.181383  7.5
  83.724555  7.5
  136.496686  7.5
  205.758356  7.5
  292.882863  7.5
  397.609297  7.5
  29.517625  6
  36.907394  6
  77.640090  6
  128.424706  6
  198.029053  6
  285.261325  6
  0.003879  6.5
  48.515086  6.5
  76.110061  6.5
  128.479728  6.5
  198.028333  6.5
  285.261328  6.5
  22.763712  5
  32.209858  5
  70.178489  5
  121.815035  5
  191.544784  5
  0.013517  5.5
  39.393058  5.5
  69.581702  5.5
  121.827406  5.5
  191.544711  5.5
  16.660271  4
  28.095203  4
  64.375173  4
  116.461071  4
  0.044955  4.5
  31.962670  4.5
  64.200276  4.5
  116.462629  4.5
  11.450428  3
  24.665366  3
  60.034286  3
  0.139757  3.5
  26.314763  3.5
  60.004670  3.5
  7.289258  2
  22.028077  2
  0.395543  2.5
  22.461199  2.5
  4.223852  1
  0.993556  1.5
