  193.840363  10
  668.218357  10
  1766.248660  10
  3410.255840  10
  5603.380153  10
  8345.124237  10
  11635.359686  10
  15474.038049  10
  19861.137728  10
  24796.647910  10
  16.946611  10.5
  679.171390  10.5
  1766.145995  10.5
  3410.256173  10.5
  5603.380152  10.5
  8345.124237  10.5
  11635.359686  10.5
  15474.038049  10.5
  19861.137728  10.5
  24796.647910  10.5
  177.205911  9
  658.872134  9
  1756.232843  9
  3400.487262  9
  5593.702840  9
  8335.492841  9
  11625.754602  9
  15464.449436  9
  19851.560108  9
  19.817667  9.5
  666.881422  9.5
  1756.172900  9.5
  3400.487416  9.5
  5593.702840  9.5
  8335.492841  9.5
  11625.754602  9.5
  15464.449436  9.5
  19851.560108  9.5
  161.526882  8
  650.392689  8
  1747.287252  8
  3391.752425  8
  5585.047576  8
  8326.877560  8
  11617.162222  8
  15455.871388  8
  23.091211  8.5
  656.026578  8.5
  1747.254530  8.5
  3391.752490  8.5
  5585.047576  8.5
  8326.877560  8.5
  11617.162222  8.5
  15455.871388  8.5
  146.792299  7
  642.804420  7
  1739.406052  7
  3384.049510  7
  5577.413231  7
  8319.277634  7
  11609.581999  7
  26.806393  7.5
  646.576540  7.5
  1739.389679  7.5
  3384.049534  7.5
  5577.413231  7.5
  8319.277634  7.5
  11609.581999  7.5
  132.988169  6
  636.132902  6
  1732.584357  6
  3377.376909  6
  5570.798811  6
  8312.692389  6
  31.003230  6.5
  638.499285  6.5
  1732.577076  6.5
  3377.376916  6.5
  5570.798811  6.5
  8312.692389  6.5
  120.097501  5
  630.404938  5
  1726.818159  5
  3371.733225  5
  5565.203452  5
  35.722215  5.5
  631.761429  5.5
  1726.815428  5.5
  3371.733226  5.5
  5565.203452  5.5
  108.100351  4
  625.648583  4
  1722.104259  4
  3367.117277  4
  41.003914  4.5
  626.328581  4.5
  1722.103479  4.5
  3367.117278  4.5
  96.973889  3
  621.893148  3
  1718.440195  3
  46.888559  3.5
  622.165693  3.5
  1718.440065  3.5
  86.692497  2
  619.169173  2
  53.415653  2.5
  619.237406  2.5
  77.227889  1
  60.623584  1.5
