  67.040166  10
  74.066642  10
  153.613719  10
  231.808264  10
  345.046851  10
  487.129014  10
  658.034986  10
  857.619522  10
  1085.823410  10
  1342.616853  10
  0.000777  10.5
  108.971208  10.5
  145.269129  10.5
  232.448169  10.5
  345.025829  10.5
  487.129381  10.5
  658.034982  10.5
  857.619522  10.5
  1085.823410  10.5
  1342.616853  10.5
  58.113389  9
  67.291448  9
  140.023152  9
  220.764806  9
  334.204451  9
  476.476997  9
  647.487500  9
  847.137626  9
  1075.385371  9
  0.002092  9.5
  94.390761  9.5
  134.867890  9.5
  221.065366  9.5
  334.196888  9.5
  476.477095  9.5
  647.487499  9.5
  847.137626  9.5
  1075.385371  9.5
  49.297082  8
  60.889235  8
  128.366819  8
  210.953388  8
  324.583643  8
  466.996954  8
  638.086536  8
  837.786316  8
  0.005557  8.5
  81.108515  8.5
  125.426349  8.5
  211.080287  8.5
  324.581303  8.5
  466.996975  8.5
  638.086536  8.5
  837.786316  8.5
  40.783236  7
  54.930829  7
  118.524343  7
  202.362437  7
  316.155813  7
  458.671856  7
  629.819950  7
  0.014493  7.5
  69.271587  7.5
  117.004192  7.5
  202.409041  7.5
  316.155226  7.5
  458.671859  7.5
  629.819950  7.5
  32.784259  6
  49.488950  6
  110.342065  6
  194.974421  6
  308.897118  6
  451.486749  6
  0.036907  6.5
  58.998356  6.5
  109.649936  6.5
  194.988505  6.5
  308.897011  6.5
  451.486749  6.5
  25.500890  5
  44.637193  5
  103.664062  5
  188.768800  5
  302.787662  5
  0.091062  5.5
  50.377812  5.5
  103.400052  5.5
  188.771947  5.5
  302.787652  5.5
  19.096731  4
  40.450462  4
  98.355068  4
  183.724678  4
  0.215513  4.5
  43.463547  4.5
  98.278740  4.5
  183.725073  4.5
  13.682914  3
  37.007598  3
  94.311391  3
  0.483389  3.5
  38.261896  3.5
  94.298567  3.5
  9.310246  2
  34.396593  2
  1.015297  2.5
  34.719509  2.5
  5.965091  1
  1.979074  1.5
