  4023.318266  10
  30671.297452  10
  85096.067913  10
  166737.242213  10
  275593.115133  10
  411663.269310  10
  574947.585506  10
  765446.019002  10
  983158.549922  10
  1228085.168328  10
  2855.171670  10.5
  30672.888023  10.5
  85096.067621  10.5
  166737.242213  10.5
  275593.115133  10.5
  411663.269310  10.5
  574947.585506  10.5
  765446.019002  10.5
  983158.549922  10.5
  1228085.168328  10.5
  3957.654003  9
  30660.823690  9
  85086.170057  9
  166727.542878  9
  275583.495208  9
  411653.689095  9
  574938.027983  9
  765436.475663  9
  983149.016040  9
  2906.596583  9.5
  30661.980595  9.5
  85086.169887  9.5
  166727.542878  9.5
  275583.495208  9.5
  411653.689095  9.5
  574938.027983  9.5
  765436.475663  9.5
  983149.016040  9.5
  3892.781443  8
  30651.432309  8
  85077.314301  8
  166718.864636  8
  275574.887974  8
  411645.117369  8
  574929.476549  8
  765427.936911  8
  2958.726569  8.5
  30652.242222  8.5
  85077.314208  8.5
  166718.864636  8.5
  275574.887974  8.5
  411645.117369  8.5
  574929.476549  8.5
  765427.936911  8.5
  3828.696140  7
  30643.127982  7
  85069.500568  7
  166711.207449  7
  275567.293409  7
  411637.554117  7
  574921.931191  7
  3011.566776  7.5
  30643.667971  7.5
  85069.500522  7.5
  166711.207449  7.5
  275567.293409  7.5
  411637.554117  7.5
  574921.931191  7.5
  3765.393600  6
  30635.915401  6
  85062.728795  6
  166704.571286  6
  275560.711493  6
  411630.999326  6
  3065.122313  6.5
  30636.252919  6.5
  85062.728774  6.5
  166704.571286  6.5
  275560.711493  6.5
  411630.999326  6.5
  3702.869286  5
  30629.799276  5
  85056.998925  5
  166698.956118  5
  275555.142208  5
  3119.398256  5.5
  30629.992155  5.5
  85056.998917  5.5
  166698.956118  5.5
  275555.142208  5.5
  3641.118612  4
  30624.784336  4
  85052.310912  4
  166694.361922  4
  3174.399643  4.5
  30624.880781  4.5
  85052.310910  4.5
  166694.361922  4.5
  3580.136949  3
  30620.875330  3
  85048.664718  3
  3230.131475  3.5
  30620.913910  3.5
  85048.664718  3.5
  3519.919623  2
  30618.077023  2
  3286.598714  2.5
  30618.086668  2.5
  3460.461917  1
  3343.806286  1.5
