  63.286860  10
  67.351571  10
  140.320992  10
  201.067775  10
  293.350730  10
  409.121869  10
  548.542880  10
  711.429461  10
  897.711872  10
  1107.354984  10
  0.000196  10.5
  103.957162  10.5
  129.489539  10.5
  202.159380  10.5
  293.305400  10.5
  409.122857  10.5
  548.542868  10.5
  711.429461  10.5
  897.711872  10.5
  1107.354984  10.5
  55.164362  9
  60.851441  9
  125.940615  9
  189.750396  9
  282.198626  9
  398.208092  9
  537.755440  9
  700.721267  9
  887.056624  9
  0.000603  9.5
  89.539024  9.5
  119.096898  9.5
  190.267641  9.5
  282.182264  9.5
  398.208357  9.5
  537.755438  9.5
  700.721267  9.5
  887.056624  9.5
  47.006259  8
  54.661159  8
  113.587927  8
  179.690844  8
  272.325999  8
  388.507361  8
  528.149418  8
  691.174679  8
  0.001823  8.5
  76.256928  8.5
  109.609651  8.5
  179.910585  8.5
  272.320924  8.5
  388.507418  8.5
  528.149418  8.5
  691.174679  8.5
  38.977635  7
  48.857133  7
  103.193203  7
  170.885599  7
  263.693944  7
  379.998089  7
  519.709418  7
  0.005416  7.5
  64.310751  7.5
  101.106335  7.5
  170.966645  7.5
  263.692667  7.5
  379.998097  7.5
  519.709418  7.5
  31.301111  6
  43.520220  6
  94.612840  6
  163.320196  6
  256.270977  6
  372.661320  6
  0.015706  6.5
  53.862076  6.5
  93.652894  6.5
  163.344760  6.5
  256.270744  6.5
  372.661320  6.5
  24.216680  5
  38.733308  5
  87.669490  5
  156.973416  5
  250.031357  5
  0.044095  5.5
  45.036410  5.5
  87.300861  5.5
  156.978914  5.5
  250.031333  5.5
  17.938395  4
  34.580324  4
  82.193359  4
  151.821378  4
  0.118427  4.5
  37.920510  4.5
  82.086341  4.5
  151.822069  4.5
  12.623905  3
  31.147921  3
  78.048132  3
  0.299589  3.5
  32.550680  3.5
  78.030108  3.5
  8.358501  2
  28.530931  2
  0.701783  2.5
  28.894595  2.5
  5.147554  1
  1.501027  1.5
