  84.991515  10
  124.662642  10
  276.683810  10
  485.251815  10
  766.580078  10
  1118.738032  10
  1541.554843  10
  2034.953626  10
  2598.900081  10
  3233.376942  10
  0.074898  10.5
  151.120202  10.5
  274.421720  10.5
  485.312284  10.5
  766.579326  10.5
  1118.738037  10.5
  1541.554843  10.5
  2034.953626  10.5
  2598.900081  10.5
  3233.376942  10.5
  73.357009  9
  116.880121  9
  265.494742  9
  474.997946  9
  756.492199  9
  1108.742335  9
  1531.612064  9
  2025.044093  9
  2589.012792  9
  0.132390  9.5
  136.817652  9.5
  264.158801  9.5
  475.025961  9.5
  756.491931  9.5
  1108.742337  9.5
  1531.612064  9.5
  2025.044093  9.5
  2589.012792  9.5
  62.468027  8
  109.685504  8
  255.692537  8
  465.863651  8
  747.494288  8
  1099.817565  8
  1522.729349  8
  2016.187795  8
  0.230859  8.5
  124.117838  8.5
  254.956605  8.5
  465.875360  8.5
  747.494205  8.5
  1099.817566  8.5
  1522.729349  8.5
  2016.187795  8.5
  52.417427  7
  103.123620  7
  247.199182  7
  457.836707  7
  739.576869  7
  1091.957454  7
  1514.902206  7
  0.396126  7.5
  113.048545  7.5
  246.828314  7.5
  457.840975  7.5
  739.576849  7.5
  1091.957454  7.5
  1514.902206  7.5
  43.278331  6
  97.240738  6
  239.948641  6
  450.905525  6
  732.731661  6
  1085.156481  6
  0.666922  6.5
  103.619868  6.5
  239.782786  6.5
  450.906808  6.5
  732.731658  6.5
  1085.156481  6.5
  35.102143  5
  92.085663  5
  233.887412  5
  445.059536  5
  726.951535  5
  1.098411  5.5
  95.820895  5.5
  233.824915  5.5
  445.059822  5.5
  726.951535  5.5
  27.917260  4
  87.711220  4
  228.974076  4
  440.289476  4
  1.764563  4.5
  89.617234  4.5
  228.956154  4.5
  440.289512  4.5
  21.728165  3
  84.176052  3
  225.178225  3
  2.758038  3.5
  84.950747  3.5
  225.175230  3.5
  16.514828  2
  81.546523  2
  4.186637  2.5
  81.742428  2.5
  12.232592  1
  6.166450  1.5
