  64.822867  10
  69.958002  10
  145.297944  10
  212.829952  10
  313.167687  10
  439.068795  10
  590.605663  10
  767.612203  10
  970.023310  10
  1197.806211  10
  0.000352  10.5
  105.888113  10.5
  135.539719  10.5
  213.707440  10.5
  313.134621  10.5
  439.069453  10.5
  590.605655  10.5
  767.612203  10.5
  970.023310  10.5
  1197.806211  10.5
  56.367680  9
  63.342808  9
  131.245276  9
  201.629274  9
  302.151809  9
  428.269480  9
  579.923071  9
  757.002832  9
  959.462878  9
  0.001021  9.5
  91.387148  9.5
  125.140252  9.5
  202.043359  9.5
  302.139893  9.5
  428.269656  9.5
  579.923069  9.5
  757.002832  9.5
  959.462878  9.5
  47.931866  8
  57.063841  8
  119.189274  8
  191.676514  8
  292.389611  8
  418.665200  8
  570.406608  8
  747.541491  8
  0.002922  8.5
  78.095411  8.5
  115.670446  8.5
  191.851925  8.5
  292.385918  8.5
  418.665238  8.5
  570.406608  8.5
  747.541491  8.5
  39.695781  7
  51.195445  7
  109.034344  7
  182.964120  7
  283.846934  7
  410.236379  7
  562.042314  7
  0.008213  7.5
  66.189141  7.5
  107.200680  7.5
  183.028688  7.5
  283.846006  7.5
  410.236385  7.5
  562.042314  7.5
  31.881201  6
  45.815169  6
  100.628789  6
  175.475895  6
  276.495765  6
  402.965824  6
  0.022539  6.5
  55.810648  6.5
  99.789263  6.5
  175.495438  6.5
  276.495596  6.5
  402.965825  6.5
  24.713135  5
  41.001941  5
  93.802459  5
  169.190663  5
  270.312986  5
  0.059897  5.5
  47.069447  5.5
  93.481059  5.5
  169.195034  5.5
  270.312969  5.5
  18.384302  4
  36.835748  4
  88.399970  4
  164.085714  4
  0.152421  4.5
  40.037989  4.5
  88.306838  4.5
  164.086263  4.5
  13.031977  3
  33.399798  3
  84.299318  3
  0.366243  3.5
  34.739534  3.5
  84.283650  3.5
  8.726103  2
  30.785955  2
  0.818719  2.5
  31.132228  2.5
  5.463428  1
  1.682872  1.5
