  64.101271  10
  68.710520  10
  142.884036  10
  207.170554  10
  303.639112  10
  424.677679  10
  570.397553  10
  740.624543  10
  935.291425  10
  1154.364352  10
  0.000268  10.5
  104.962030  10.5
  132.631074  10.5
  208.142879  10.5
  303.600771  10.5
  424.678475  10.5
  570.397544  10.5
  740.624543  10.5
  935.291425  10.5
  1154.364352  10.5
  55.802067  9
  62.148948  9
  128.677815  9
  195.915837  9
  292.561014  9
  413.825946  9
  559.666932  9
  729.969891  9
  924.687541  9
  0.000799  9.5
  90.496867  9.5
  122.234186  9.5
  196.375514  9.5
  292.547187  9.5
  413.826160  9.5
  559.666930  9.5
  729.969891  9.5
  924.687541  9.5
  47.495413  8
  55.911292  8
  116.484294  8
  185.913836  8
  282.748310  8
  404.177488  8
  550.109436  8
  720.469484  8
  0.002348  8.5
  77.207838  8.5
  112.755932  8.5
  186.108811  8.5
  282.744024  8.5
  404.177534  8.5
  550.109435  8.5
  720.469484  8.5
  39.355234  7
  50.072916  7
  106.219117  7
  177.158753  7
  274.164719  7
  395.711808  7
  541.710448  7
  0.006770  7.5
  65.281908  7.5
  104.270447  7.5
  177.230586  7.5
  274.163641  7.5
  395.711815  7.5
  541.710448  7.5
  31.604368  6
  44.712931  6
  97.733601  6
  169.635107  6
  266.780665  6
  388.410912  6
  0.019061  6.5
  54.870132  6.5
  96.839537  6.5
  169.656863  6.5
  266.780468  6.5
  388.410912  6.5
  24.475127  5
  39.912102  5
  90.853857  5
  163.321655  5
  260.571841  5
  0.051959  5.5
  46.089331  5.5
  90.511105  5.5
  163.326522  5.5
  260.571821  5.5
  18.170161  4
  35.752224  4
  85.417747  4
  158.195123  4
  0.135562  4.5
  39.018541  4.5
  85.318344  4.5
  158.195734  4.5
  12.836078  3
  32.318076  3
  81.296714  3
  0.333571  3.5
  33.687010  3.5
  81.279982  3.5
  8.549803  2
  29.702884  2
  0.761954  2.5
  30.057197  2.5
  5.311976  1
  1.595208  1.5
