  115.509322  10
  253.747054  10
  623.797058  10
  1169.687999  10
  1899.116066  10
  2811.291638  10
  3906.068767  10
  5183.391103  10
  6643.233444  10
  8285.583137  10
  1.594817  10.5
  271.882217  10.5
  623.258206  10.5
  1169.693337  10.5
  1899.116041  10.5
  2811.291638  10.5
  3906.068767  10.5
  5183.391103  10.5
  6643.233444  10.5
  8285.583137  10.5
  101.947307  9
  245.142419  9
  613.485241  9
  1159.776473  9
  1889.319814  9
  2801.554352  9
  3896.365372  9
  5173.708968  9
  6633.565516  9
  2.178790  9.5
  258.542239  9.5
  613.169887  9.5
  1159.778939  9.5
  1889.319805  9.5
  2801.554352  9.5
  3896.365372  9.5
  5173.708968  9.5
  6633.565516  9.5
  89.345068  8
  237.273409  8
  604.320718  8
  1150.924650  8
  1880.565101  8
  2792.849018  8
  3887.688401  8
  5165.049780  8
  2.950375  8.5
  246.789260  8.5
  604.148229  8.5
  1150.925678  8.5
  1880.565098  8.5
  2792.849018  8.5
  3887.688401  8.5
  5165.049780  8.5
  77.716222  7
  230.172743  7
  596.280135  7
  1143.127162  7
  1872.848465  7
  2785.173308  7
  3880.036182  7
  3.957368  7.5
  236.598654  7.5
  596.193688  7.5
  1143.127536  7.5
  1872.848464  7.5
  2785.173308  7.5
  3880.036182  7.5
  67.065442  6
  223.875356  6
  589.344218  6
  1136.379207  6
  1866.166859  6
  2778.525170  6
  5.254593  6.5
  227.936860  6.5
  589.305722  6.5
  1136.379320  6.5
  1866.166859  6.5
  2778.525170  6.5
  57.388299  5
  218.418849  5
  583.497453  5
  1130.676583  5
  1860.517645  5
  6.903196  5.5
  220.761946  5.5
  583.482994  5.5
  1130.676608  5.5
  1860.517645  5.5
  48.671168  4
  213.843914  4
  578.727734  4
  1126.015707  4
  8.969405  4.5
  215.024657  4.5
  578.723598  4.5
  1126.015710  4.5
  40.891200  3
  210.194712  3
  575.025998  3
  11.522847  3.5
  210.669891  3.5
  575.025307  3.5
  34.016432  2
  207.519135  2
  14.634545  2.5
  207.638446  2.5
  28.006072  1
  18.374784  1.5
