  41.493716  10
  41.494857  10
  108.480350  10
  109.266171  10
  146.158106  10
  162.871335  10
  192.999781  10
  228.295399  10
  269.509407  10
  316.303134  10
  0.000000  10.5
  77.911250  10.5
  77.957199  10.5
  130.749569  10.5
  136.418165  10.5
  164.924312  10.5
  192.819399  10.5
  228.303361  10.5
  269.509229  10.5
  316.303136  10.5
  37.090271  9
  37.094416  9
  94.465387  9
  96.338347  9
  125.612493  9
  146.240105  9
  176.559198  9
  212.469669  9
  254.020758  9
  0.000000  9.5
  69.014392  9.5
  69.155411  9.5
  111.391694  9.5
  120.643131  9.5
  146.893286  9.5
  176.522352  9.5
  212.470655  9.5
  254.020748  9.5
  32.680734  8
  32.695302  8
  80.021871  8
  83.867068  8
  108.170977  8
  131.566733  8
  162.270783  8
  198.570630  8
  0.000000  8.5
  60.006599  8.5
  60.410570  8.5
  93.107195  8.5
  106.178526  8.5
  131.723634  8.5
  162.265569  8.5
  198.570694  8.5
  28.255195  7
  28.304235  7
  65.559572  7
  72.172695  7
  93.933989  7
  118.894062  7
  149.953423  7
  0.000000  7.5
  50.772321  7.5
  51.818854  7.5
  76.882228  7.5
  93.343029  7.5
  118.920058  7.5
  149.953035  7.5
  23.786681  6
  23.942044  6
  51.954770  6
  61.612722  6
  82.454203  6
  108.167989  6
  0.000000  6.5
  41.227076  6.5
  43.560860  6.5
  63.439054  6.5
  82.335176  6.5
  108.170261  6.5
  19.214123  5
  19.663268  5
  40.108850  5
  52.508084  5
  73.226037  5
  0.000003  5.5
  31.626389  5.5
  35.907504  5.5
  52.984750  5.5
  73.213398  5.5
  14.464594  4
  15.585100  4
  30.694149  4
  45.075733  4
  0.000051  4.5
  22.706016  4.5
  29.182154  4.5
  45.140701  4.5
  9.664842  3
  11.905738  3
  23.986020  3
  0.000797  3.5
  15.267536  3.5
  23.695275  3.5
  5.388795  2
  8.883184  2
  0.010759  2.5
  9.865893  2.5
  2.306263  1
  0.108600  1.5
