  6642.973935  10
  52621.154526  10
  146067.379843  10
  286241.017490  10
  473140.174164  10
  706764.432814  10
  987113.674280  10
  1314187.853877  10
  1687986.951742  10
  2108510.957944  10
  5113.232986  10.5
  52622.368641  10.5
  146067.379713  10.5
  286241.017490  10.5
  473140.174164  10.5
  706764.432814  10.5
  987113.674280  10.5
  1314187.853877  10.5
  1687986.951742  10.5
  2108510.957944  10.5
  6559.260184  9
  52610.630754  9
  146057.482840  9
  286231.318747  9
  473130.554730  9
  706754.853036  9
  987104.117165  9
  1314178.310925  9
  1687977.418233  9
  5182.702944  9.5
  52611.513803  9.5
  146057.482764  9.5
  286231.318747  9.5
  473130.554730  9.5
  706754.853036  9.5
  987104.117165  9.5
  1314178.310925  9.5
  1687977.418233  9.5
  6476.328578  8
  52601.199308  8
  146048.627753  8
  286222.640989  8
  473121.947907  8
  706746.281683  8
  987095.566081  8
  1314169.772510  8
  5252.888879  8.5
  52601.817478  8.5
  146048.627712  8.5
  286222.640989  8.5
  473121.947907  8.5
  706746.281683  8.5
  987095.566081  8.5
  1314169.772510  8.5
  6394.175651  7
  52592.863783  7
  146040.814538  7
  286214.984193  7
  473114.353682  7
  706738.718745  7
  987088.021021  7
  5323.794663  7.5
  52593.275917  7.5
  146040.814518  7.5
  286214.984193  7.5
  473114.353682  7.5
  706738.718745  7.5
  987088.021021  7.5
  6312.797912  6
  52585.627785  6
  146034.043159  6
  286208.348342  6
  473107.772044  6
  706732.164215  6
  5395.424148  6.5
  52585.885380  6.5
  146034.043150  6.5
  286208.348342  6.5
  473107.772044  6.5
  706732.164215  6.5
  6232.191845  5
  52579.494931  5
  146028.313584  5
  286202.733418  5
  473102.202983  5
  5467.781164  5.5
  52579.642134  5.5
  146028.313581  5.5
  286202.733418  5.5
  473102.202983  5.5
  6152.353906  4
  52574.468848  4
  146023.625786  4
  286198.139408  4
  5540.869518  4.5
  52574.542452  4.5
  146023.625785  4.5
  286198.139408  4.5
  6073.280527  3
  52570.553174  3
  146019.979742  3
  5614.692996  3.5
  52570.582616  3.5
  146019.979742  3.5
  5994.968113  2
  52567.751554  2
  5689.255360  2.5
  52567.758915  2.5
  5917.413045  1
  5764.560349  1.5
