  56.380160  10
  57.523942  10
  124.382735  10
  159.485210  10
  222.773714  10
  301.549090  10
  396.881497  10
  508.425733  10
  636.084006  10
  779.806212  10
  0.000009  10.5
  96.594150  10.5
  107.820276  10.5
  162.388550  10.5
  222.579649  10.5
  301.555621  10.5
  396.881374  10.5
  508.425734  10.5
  636.084006  10.5
  779.806212  10.5
  49.709567  9
  51.587791  9
  108.596210  9
  147.567794  9
  210.770040  9
  289.948680  9
  385.467170  9
  497.128560  9
  624.864867  9
  0.000038  9.5
  82.957830  9.5
  97.540446  9.5
  148.991161  9.5
  210.699143  9.5
  289.950442  9.5
  385.467146  9.5
  497.128560  9.5
  624.864867  9.5
  42.881088  8
  45.838010  8
  94.783619  8
  136.926004  8
  200.221094  8
  279.670716  8
  375.327026  8
  487.074887  8
  0.000154  8.5
  69.967755  8.5
  88.012260  8.5
  137.544983  8.5
  200.198913  8.5
  279.671096  8.5
  375.327023  8.5
  487.074887  8.5
  35.936134  7
  40.352653  7
  83.073160  7
  127.594068  7
  191.048942  7
  270.681270  7
  366.436551  7
  0.000613  7.5
  57.966835  7.5
  79.358475  7.5
  127.825944  7.5
  191.043329  7.5
  270.681329  7.5
  366.436551  7.5
  29.019919  6
  35.223970  6
  73.457139  6
  119.579729  6
  183.195745  6
  262.950353  6
  0.002384  6.5
  47.245101  6.5
  71.689542  6.5
  119.650725  6.5
  183.194715  6.5
  262.950358  6.5
  22.386310  5
  30.553797  5
  65.792454  5
  112.869948  5
  176.617347  5
  0.008966  5.5
  38.031190  5.5
  65.098154  5.5
  112.885943  5.5
  176.617243  5.5
  16.340425  4
  26.448387  4
  59.859475  4
  107.438674  4
  0.032168  4.5
  30.496272  4.5
  59.655143  4.5
  107.440691  4.5
  11.155910  3
  23.015664  3
  55.441774  3
  0.107671  3.5
  24.751568  3.5
  55.407094  3.5
  7.015731  2
  20.368467  2
  0.326349  2.5
  20.826505  2.5
  3.984688  1
  0.869017  1.5
