  4502.400876  10
  34652.636559  10
  96155.214966  10
  188413.171513  10
  311424.753900  10
  465189.544848  10
  649707.425143  10
  864978.350075  10
  1111002.299771  10
  1387779.264296  10
  3260.824138  10.5
  34654.132896  10.5
  96155.214722  10.5
  188413.171513  10.5
  311424.753900  10.5
  465189.544848  10.5
  649707.425143  10.5
  864978.350075  10.5
  1111002.299771  10.5
  1387779.264296  10.5
  4433.072615  9
  34642.150313  9
  96145.317346  9
  188403.472342  9
  311415.134110  9
  465179.964753  9
  649697.867733  9
  864968.806843  9
  1110992.765992  9
  3315.911826  9.5
  34643.238663  9.5
  96145.317204  9.5
  188403.472342  9.5
  311415.134110  9.5
  465179.964753  9.5
  649697.867733  9.5
  864968.806843  9.5
  1110992.765992  9.5
  4364.533682  8
  34632.748929  8
  96136.461774  8
  188394.794233  8
  311406.526989  8
  465171.393130  8
  649689.316395  8
  864960.268183  8
  3371.707332  8.5
  34633.510839  8.5
  96136.461697  8.5
  188394.794233  8.5
  311406.526989  8.5
  465171.393130  8.5
  649689.316395  8.5
  864960.268183  8.5
  4296.779873  7
  34624.436811  7
  96128.648185  7
  188387.137154  7
  311398.932518  7
  465163.829965  7
  649681.771119  7
  3428.215481  7.5
  34624.944790  7.5
  96128.648146  7.5
  188387.137154  7.5
  311398.932518  7.5
  465163.829965  7.5
  649681.771119  7.5
  4229.806942  6
  34617.218381  6
  96121.876520  6
  188380.501077  6
  311392.350678  6
  465157.275245  6
  3485.441064  6.5
  34617.535889  6.5
  96121.876503  6.5
  188380.501077  6.5
  311392.350678  6.5
  465157.275245  6.5
  4163.610603  5
  34611.098077  5
  96116.146732  5
  188374.885976  5
  311386.781455  5
  3543.388844  5.5
  34611.279521  5.5
  96116.146725  5.5
  188374.885976  5.5
  311386.781455  5.5
  4098.186530  4
  34606.080355  4
  96111.458778  4
  188370.291832  4
  3602.063548  4.5
  34606.171081  4.5
  96111.458776  4.5
  188370.291832  4.5
  4033.530356  3
  34602.169684  3
  96107.812626  3
  3661.469871  3.5
  34602.205976  3.5
  96107.812625  3.5
  3969.637677  2
  34599.370550  2
  3721.612475  2.5
  34599.379623  2.5
  3906.504049  1
  3782.495984  1.5
