  73.699020  10
  89.248921  10
  187.746715  10
  305.092466  10
  467.457553  10
  670.980573  10
  915.517037  10
  1200.960826  10
  1527.265861  10
  1894.408946  10
  0.006152  10.5
  120.886668  10.5
  182.672360  10.5
  305.342709  10.5
  467.452010  10.5
  670.980639  10.5
  915.517036  10.5
  1200.960826  10.5
  1527.265861  10.5
  1894.408946  10.5
  63.508092  9
  82.037935  9
  175.358267  9
  294.438647  9
  457.006815  9
  660.666537  9
  905.280378  9
  1190.772762  9
  1517.110312  9
  0.013661  9.5
  106.274476  9.5
  172.305334  9.5
  294.555201  9.5
  457.004828  9.5
  660.666554  9.5
  905.280377  9.5
  1190.772762  9.5
  1517.110312  9.5
  53.722739  8
  75.297831  8
  164.664626  8
  284.967126  8
  447.707959  8
  651.472078  8
  896.145535  8
  1181.675375  8
  0.029901  8.5
  93.140087  8.5
  162.959139  8.5
  285.016037  8.5
  447.707346  8.5
  651.472082  8.5
  896.145535  8.5
  1181.675375  8.5
  44.514386  7
  69.087745  7
  155.537020  7
  276.662444  7
  439.543143  7
  643.385839  7
  888.104394  7
  0.064273  7.5
  81.569150  7.5
  154.668700  7.5
  276.680329  7.5
  439.542989  7.5
  643.385840  7.5
  888.104394  7.5
  36.039354  6
  63.467358  6
  147.851937  6
  269.507802  6
  432.497045  6
  636.397836  6
  0.135041  6.5
  71.626656  6.5
  147.460765  6.5
  269.513190  6.5
  432.497017  6.5
  636.397836  6.5
  28.426250  5
  58.497438  5
  141.502051  5
  263.486455  5
  426.556629  5
  0.275701  5.5
  63.352593  5.5
  141.353892  5.5
  263.487656  5.5
  426.556626  5.5
  21.768119  4
  54.241439  4
  136.401509  4
  258.582858  4
  0.543248  4.5
  56.754914  4.5
  136.358870  4.5
  258.583008  4.5
  16.118013  3
  50.768315  3
  132.486788  3
  1.025925  3.5
  51.802133  3.5
  132.479645  3.5
  11.486404  2
  48.156470  2
  1.845734  2.5
  48.420197  2.5
  7.839676  1
  3.151205  1.5
