  73.328366  10
  88.285090  10
  185.465902  10
  300.332577  10
  459.529064  10
  659.092417  10
  898.881427  10
  1178.788419  10
  1498.766735  10
  1858.792888  10
  0.005549  10.5
  120.106590  10.5
  180.246754  10.5
  300.595971  10.5
  459.523105  10.5
  659.092490  10.5
  898.881427  10.5
  1178.788419  10.5
  1498.766735  10.5
  1858.792888  10.5
  63.199782  9
  81.096495  9
  173.020200  9
  289.660349  9
  449.060814  9
  648.763130  9
  888.630716  9
  1168.587055  9
  1488.598388  9
  0.012440  9.5
  105.489997  9.5
  169.876778  9.5
  289.783067  9.5
  449.058677  9.5
  648.763149  9.5
  888.630716  9.5
  1168.587055  9.5
  1488.598388  9.5
  53.461254  8
  74.373898  8
  162.282665  8
  280.173056  8
  439.747492  8
  639.555768  8
  879.483831  8
  1159.478165  8
  0.027490  8.5
  92.343916  8.5
  160.525192  8.5
  280.224565  8.5
  439.746832  8.5
  639.555772  8.5
  879.483831  8.5
  1159.478165  8.5
  44.286688  7
  68.177058  7
  153.123346  7
  271.855247  7
  431.570817  7
  631.458724  7
  871.432478  7
  0.059657  7.5
  80.756665  7.5
  152.228027  7.5
  271.874085  7.5
  431.570652  7.5
  631.458725  7.5
  871.432478  7.5
  35.835841  6
  62.566289  6
  145.416476  6
  264.689980  6
  424.515112  6
  624.461794  6
  0.126532  6.5
  70.795680  6.5
  145.012973  6.5
  264.695656  6.5
  424.515082  6.5
  624.461794  6.5
  28.240924  5
  57.602942  5
  139.052213  5
  258.660272  5
  418.567043  5
  0.260729  5.5
  62.503269  5.5
  138.899340  5.5
  258.661538  5.5
  418.567040  5.5
  21.598194  4
  53.350979  4
  133.942464  4
  253.750306  4
  0.518331  4.5
  55.889505  4.5
  133.898460  4.5
  253.750465  4.5
  15.963223  3
  49.879803  3
  130.021981  3
  0.987005  3.5
  50.924506  3.5
  130.014609  3.5
  11.348165  2
  47.268291  2
  1.788959  2.5
  47.534906  2.5
  7.720164  1
  3.073868  1.5
