  169.818996  10
  533.094204  10
  1392.571480  10
  2677.676136  10
  4392.316169  10
  6535.962206  10
  9108.483272  10
  12109.829835  10
  15539.979808  10
  19398.922120  10
  10.726304  10.5
  545.401188  10.5
  1392.422810  10.5
  2677.676755  10.5
  4392.316167  10.5
  6535.962206  10.5
  9108.483272  10.5
  12109.829835  10.5
  15539.979808  10.5
  19398.922120  10.5
  154.035514  9
  523.894142  9
  1382.518121  9
  2667.887755  9
  4382.622429  9
  6526.316171  9
  9098.864588  9
  12100.228281  9
  15530.389687  9
  12.868766  9.5
  532.907048  9.5
  1382.431293  9.5
  2667.888040  9.5
  4382.622429  9.5
  6526.316171  9.5
  9098.864588  9.5
  12100.228281  9.5
  15530.389687  9.5
  139.217598  8
  515.534442  8
  1373.544421  8
  2659.136728  8
  4373.953422  8
  6517.688435  8
  9090.260504  8
  12091.639003  8
  15.369420  8.5
  521.882903  8.5
  1373.497011  8.5
  2659.136847  8.5
  4373.953422  8.5
  6517.688435  8.5
  9090.260504  8.5
  12091.639003  8.5
  125.356646  7
  508.041326  7
  1365.642481  7
  2651.420731  7
  4366.307700  7
  6510.078023  7
  9082.670316  7
  18.271025  7.5
  512.296998  7.5
  1365.618754  7.5
  2651.420774  7.5
  4366.307700  7.5
  6510.078023  7.5
  9082.670316  7.5
  112.440175  6
  501.442446  6
  1358.805711  6
  2644.737707  6
  4359.683985  6
  6503.484074  6
  21.617935  6.5
  504.114970  6.5
  1358.795157  6.5
  2644.737720  6.5
  4359.683985  6.5
  6503.484074  6.5
  100.451833  5
  495.766972  5
  1353.028728  5
  2639.085870  5
  4354.081174  5
  25.455571  5.5
  497.300311  5.5
  1353.024768  5.5
  2639.085873  5.5
  4354.081174  5.5
  89.371440  4
  491.045655  4
  1348.307258  4
  2634.463705  4
  29.829861  4.5
  491.814862  4.5
  1348.306126  4.5
  2634.463705  4.5
  79.175057  3
  487.310854  3
  1344.638031  3
  34.786644  3.5
  487.619328  3.5
  1344.637842  3.5
  69.835103  2
  484.596524  2
  40.371090  2.5
  484.673784  2.5
  61.320513  1
  46.627137  1.5
