  139.978994  10
  374.147681  10
  954.102872  10
  1817.871053  10
  2970.860537  10
  4412.459613  10
  6142.531690  10
  8161.024807  10
  10467.915763  10
  13063.192923  10
  4.750649  10.5
  388.940204  10.5
  953.832652  10.5
  1817.872733  10.5
  2970.860532  10.5
  4412.459613  10.5
  6142.531690  10.5
  8161.024807  10.5
  10467.915763  10.5
  13063.192923  10.5
  125.345238  9
  365.207308  9
  943.961086  9
  1808.038352  9
  2961.129989  9
  4402.780791  9
  6132.882558  9
  8151.394283  9
  10458.297665  9
  5.999434  9.5
  376.076332  9.5
  943.803162  9.5
  1808.039128  9.5
  2961.129987  9.5
  4402.780791  9.5
  6132.882558  9.5
  8151.394283  9.5
  10458.297665  9.5
  111.685105  8
  357.061170  8
  934.921668  8
  1799.251078  8
  2952.430196  8
  4394.125167  8
  6124.252271  8
  8142.779867  8
  7.528705  8.5
  364.740035  8.5
  934.835387  8.5
  1799.251402  8.5
  2952.430195  8.5
  4394.125167  8.5
  6124.252271  8.5
  8142.779867  8.5
  98.996921  7
  349.738426  7
  926.971623  7
  1791.505788  7
  2944.758992  7
  4386.491282  7
  6116.639779  7
  9.385657  7.5
  354.899717  7.5
  926.928423  7.5
  1791.505906  7.5
  2944.758992  7.5
  4386.491282  7.5
  6116.639779  7.5
  87.273251  6
  343.270088  6
  920.100176  6
  1784.799426  6
  2938.114469  6
  4379.877848  6
  11.621003  6.5
  346.518904  6.5
  920.080953  6.5
  1784.799462  6.5
  2938.114469  6.5
  4379.877848  6.5
  76.500872  5
  337.689219  5
  914.298587  5
  1779.129333  5
  2932.494974  5
  14.288218  5.5
  339.556897  5.5
  914.291372  5.5
  1779.129341  5.5
  2932.494974  5.5
  66.660773  4
  333.031112  4
  909.559975  4
  1774.493250  4
  17.442637  4.5
  333.969563  4.5
  909.557912  4.5
  1774.493251  4.5
  57.728219  3
  329.333409  3
  905.879125  3
  21.140433  3.5
  329.710230  3.5
  905.878781  3.5
  49.672885  2
  326.636151  2
  25.437549  2.5
  326.730614  2.5
  42.459078  1
  30.388642  1.5
