  38.034499  10
  38.034499  10
  102.071989  10
  102.071989  10
  150.029362  10
  150.030230  10
  181.384889  10
  181.930808  10
  195.388485  10
  203.610309  10
  -0.000000  10.5
  72.059479  10.5
  72.059479  10.5
  128.066275  10.5
  128.066289  10.5
  167.914079  10.5
  167.945335  10.5
  189.623745  10.5
  193.018950  10.5
  203.814059  10.5
  34.030573  9
  34.030573  9
  90.058472  9
  90.058475  9
  129.979975  9
  129.992811  9
  152.299161  9
  154.704426  9
  164.732052  9
  -0.000000  9.5
  64.051315  9.5
  64.051315  9.5
  112.043741  9.5
  112.044010  9.5
  143.667787  9.5
  143.961584  9.5
  157.624621  9.5
  164.424712  9.5
  30.026630  8
  30.026630  8
  78.043963  8
  78.044032  8
  109.845268  8
  109.988934  8
  123.948917  8
  129.401128  8
  -0.000000  8.5
  56.042984  8.5
  56.042984  8.5
  96.014359  8.5
  96.018992  8.5
  118.869285  8.5
  120.468996  8.5
  129.852408  8.5
  26.022659  7
  26.022659  7
  66.026880  7
  66.028284  7
  89.317130  7
  90.298346  7
  99.172554  7
  -0.000000  7.5
  48.034354  7.5
  48.034368  7.5
  79.945963  7.5
  80.008267  7.5
  94.320173  7.5
  98.531829  7.5
  22.018639  6
  22.018640  6
  53.994726  6
  54.017721  6
  68.702543  6
  71.807774  6
  0.000000  6.5
  40.024987  6.5
  40.025316  6.5
  63.637780  6.5
  64.179117  6.5
  72.681222  6.5
  18.014498  5
  18.014547  5
  41.840824  5
  42.099280  5
  50.355443  5
  0.000000  5.5
  32.011121  5.5
  32.017802  5.5
  47.066992  5.5
  49.218992  5.5
  14.009528  4
  14.010795  4
  29.391167  4
  30.755166  4
  0.000000  4.5
  23.948934  4.5
  24.048410  4.5
  32.161564  4.5
  9.991932  3
  10.017844  3
  18.060955  3
  0.000000  3.5
  15.658596  3.5
  16.406324  3.5
  5.858004  2
  6.163312  2
  0.000001  2.5
  8.017441  2.5
  2.002906  1
  0.000969  1.5
