  165.554275  10
  509.715986  10
  1327.986913  10
  2551.049423  10
  4182.979373  10
  6223.239501  10
  8671.698239  10
  11528.305803  10
  14793.039990  10
  18465.889673  10
  9.745104  10.5
  522.311946  10.5
  1327.826760  10.5
  2551.050124  10.5
  4182.979371  10.5
  6223.239501  10.5
  8671.698239  10.5
  11528.305803  10.5
  14793.039990  10.5
  18465.889673  10.5
  149.927994  9
  500.546662  9
  1317.924639  9
  2541.256436  9
  4173.281812  9
  6213.590061  9
  8662.076392  9
  11518.701239  9
  14783.446964  9
  11.758069  9.5
  509.774406  9.5
  1317.831098  9.5
  2541.256760  9.5
  4173.281811  9.5
  6213.590061  9.5
  8662.076392  9.5
  11518.701239  9.5
  14783.446964  9.5
  135.268937  8
  492.212190  8
  1308.944286  8
  2532.501645  8
  4164.609608  8
  6204.959429  8
  8653.469586  8
  11510.109350  8
  14.119919  8.5
  498.714020  8.5
  1308.893207  8.5
  2532.501779  8.5
  4164.609608  8.5
  6204.959429  8.5
  8653.469586  8.5
  11510.109350  8.5
  121.569132  7
  484.739157  7
  1301.037453  7
  2524.782605  7
  4156.961240  7
  6197.346579  7
  8645.877081  7
  16.874083  7.5
  489.098856  7.5
  1301.011889  7.5
  2524.782654  7.5
  4156.961240  7.5
  6197.346579  7.5
  8645.877081  7.5
  108.816528  6
  478.155632  6
  1294.197138  6
  2518.097158  6
  4150.335364  6
  6190.750606  6
  20.065768  6.5
  480.894150  6.5
  1294.185767  6.5
  2518.097173  6.5
  4150.335364  6.5
  6190.750606  6.5
  96.995003  5
  472.491269  5
  1288.417628  5
  2512.443424  5
  4144.730820  5
  23.741408  5.5
  474.062794  5.5
  1288.413361  5.5
  2512.443427  5.5
  4144.730820  5.5
  86.084401  4
  467.777371  4
  1283.694390  4
  2507.819813  4
  27.948059  4.5
  468.565867  4.5
  1283.693170  4.5
  2507.819814  4.5
  76.060609  3
  464.046933  3
  1280.023959  3
  32.732762  3.5
  464.363184  3.5
  1280.023755  3.5
  66.895665  2
  461.334630  2
  38.141917  2.5
  461.413845  2.5
  58.557936  1
  44.220670  1.5
