  41.767568  10
  41.769150  10
  108.880590  10
  109.865411  10
  146.275881  10
  164.465813  10
  195.684617  10
  232.385975  10
  275.140172  10
  323.645414  10
  0.000000  10.5
  78.360856  10.5
  78.421750  10.5
  130.735055  10.5
  137.302649  10.5
  166.208464  10.5
  195.541403  10.5
  232.391972  10.5
  275.140044  10.5
  323.645415  10.5
  37.331726  9
  37.337268  9
  94.666504  9
  96.910698  9
  126.104576  9
  148.073519  9
  179.543297  9
  216.812776  9
  259.886894  9
  0.000000  9.5
  69.383175  9.5
  69.563073  9.5
  111.334178  9.5
  121.634371  9.5
  148.618107  9.5
  179.514267  9.5
  216.813515  9.5
  259.886886  9.5
  32.888611  8
  32.907390  8
  80.054805  8
  84.458521  8
  109.074061  8
  133.630481  8
  165.490521  8
  203.125937  8
  0.000000  8.5
  60.277660  8.5
  60.773126  8.5
  93.178688  8.5
  107.322152  8.5
  133.759896  8.5
  165.486434  8.5
  203.125985  8.5
  28.426641  7
  28.487564  7
  65.537821  7
  72.829111  7
  95.169146  7
  121.158996  7
  153.363140  7
  0.000000  7.5
  50.925601  7.5
  52.157223  7.5
  77.195535  7.5
  94.657835  7.5
  121.180301  7.5
  153.362837  7.5
  23.915554  6
  24.101467  6
  51.998829  6
  62.367371  6
  83.915235  6
  110.597703  6
  0.000000  6.5
  41.269882  6.5
  43.903790  6.5
  64.029951  6.5
  83.813190  6.5
  110.599558  6.5
  19.291008  5
  19.808249  5
  40.291598  5
  53.373694  5
  74.839618  5
  0.000004  5.5
  31.622774  5.5
  36.284241  5.5
  53.801823  5.5
  74.828835  5.5
  14.488101  4
  15.729598  4
  31.037404  4
  46.043963  4
  0.000069  4.5
  22.731001  4.5
  29.612899  4.5
  46.101904  4.5
  9.662836  3
  12.063793  3
  24.456848  3
  0.000996  3.5
  15.357029  3.5
  24.185557  3.5
  5.397658  2
  9.062363  2
  0.012510  2.5
  10.020914  2.5
  2.331321  1
  0.118023  1.5
