  50.159108  10
  50.376943  10
  116.521666  10
  133.495428  10
  178.391051  10
  231.530402  10
  296.911704  10
  373.659988  10
  461.641811  10
  560.780547  10
  0.000000  10.5
  90.143270  10.5
  93.613193  10.5
  140.489510  10.5
  177.566185  10.5
  231.574760  10.5
  296.910401  10.5
  373.660009  10.5
  461.641810  10.5
  560.780547  10.5
  44.591349  9
  45.027880  9
  99.930230  9
  120.957052  9
  164.904863  9
  218.872817  9
  284.534029  9
  361.464379  9
  449.566467  9
  0.000001  9.5
  78.117688  9.5
  83.636545  9.5
  124.671024  9.5
  164.594169  9.5
  218.884946  9.5
  284.533782  9.5
  361.464382  9.5
  449.566467  9.5
  38.918697  8
  39.760257  8
  84.859011  8
  109.611723  8
  153.239733  8
  207.707946  8
  273.577855  8
  350.640386  8
  0.000007  8.5
  66.069201  8.5
  74.181895  8.5
  111.324042  8.5
  153.140494  8.5
  207.710593  8.5
  273.577822  8.5
  350.640386  8.5
  33.095263  7
  34.634501  7
  71.688926  7
  99.576394  7
  143.210236  7
  197.984116  7
  264.002599  7
  0.000040  7.5
  54.398333  7.5
  65.416390  7.5
  100.243102  7.5
  143.184773  7.5
  197.984528  7.5
  264.002597  7.5
  27.115688  6
  29.737683  6
  60.682016  6
  90.922581  6
  134.690532  6
  189.653611  6
  0.000227  6.5
  43.569593  6.5
  57.507790  6.5
  91.131660  6.5
  134.685819  6.5
  189.653645  6.5
  21.099998  5
  25.182692  5
  51.916178  5
  83.675965  5
  127.594766  5
  0.001239  5.5
  33.995688  5.5
  50.610152  5.5
  83.723751  5.5
  127.594289  5.5
  15.345078  4
  21.101035  4
  45.247443  4
  77.824710  4
  0.006454  4.5
  25.993628  4.5
  44.851811  4.5
  77.830788  4.5
  10.244699  3
  17.632475  3
  40.394701  3
  0.031199  3.5
  19.787479  3.5
  40.326509  3.5
  6.134654  2
  14.919536  2
  0.133804  2.5
  15.502595  2.5
  3.188977  1
  0.480081  1.5
