  1859.571922  10
  13025.885429  10
  36082.186293  10
  70670.021312  10
  116788.110994  10
  174436.036839  10
  243613.679352  10
  324320.993710  10
  416557.959991  10
  520324.568230  10
  1097.768376  10.5
  13028.327554  10.5
  36082.185233  10.5
  70670.021312  10.5
  116788.110994  10.5
  174436.036839  10.5
  243613.679352  10.5
  324320.993710  10.5
  416557.959991  10.5
  520324.568230  10.5
  1814.158769  9
  13015.523446  9
  36072.285608  9
  70660.320048  9
  116778.489470  9
  174426.455197  9
  243604.120503  9
  324311.449108  9
  416548.424888  9
  1128.956605  9.5
  13017.299995  9.5
  36072.284989  9.5
  70660.320048  9.5
  116778.489470  9.5
  174426.455197  9.5
  243604.120503  9.5
  324311.449108  9.5
  416548.424888  9.5
  1769.558194  8
  13006.221694  8
  36063.427638  8
  70651.640229  8
  116769.880898  8
  174417.882256  8
  243595.567926  8
  324302.909260  8
  1160.824675  8.5
  13007.465565  8.5
  36063.427300  8.5
  70651.640229  8.5
  116769.880898  8.5
  174417.882256  8.5
  243595.567926  8.5
  324302.909260  8.5
  1725.763705  7
  12997.987208  7
  36055.612198  7
  70643.981767  7
  116762.285223  7
  174410.317982  7
  243588.021596  7
  1193.380720  7.5
  12998.816624  7.5
  36055.612029  7.5
  70643.981767  7.5
  116762.285223  7.5
  174410.317982  7.5
  243588.021596  7.5
  1682.768691  6
  12990.827074  6
  36048.839129  6
  70637.344588  6
  116755.702401  6
  174403.762341  6
  1226.632801  6.5
  12991.345551  6.5
  36048.839054  6.5
  70637.344588  6.5
  116755.702401  6.5
  174403.762341  6.5
  1640.566431  5
  12984.748427  5
  36043.108294  5
  70631.728626  5
  116750.132389  5
  1260.588902  5.5
  12985.044744  5.5
  36043.108266  5.5
  70631.728626  5.5
  116750.132389  5.5
  1599.150087  4
  12979.758448  4
  36038.419580  4
  70627.133823  4
  1295.256927  4.5
  12979.906624  4.5
  36038.419572  4.5
  70627.133823  4.5
  1558.512716  3
  12975.864363  3
  36034.772894  3
  1330.644696  3.5
  12975.923639  3.5
  36034.772893  3.5
  1518.647262  2
  12973.073443  2
  1366.759946  2.5
  12973.088263  2.5
  1479.546570  1
  1403.610322  1.5
