  66.825435  10
  73.649659  10
  152.746469  10
  229.860678  10
  341.780035  10
  482.209240  10
  651.135898  10
  848.412977  10
  1073.980733  10
  1327.809100  10
  0.000721  10.5
  108.655719  10.5
  144.272081  10.5
  230.520460  10.5
  341.758073  10.5
  482.209628  10.5
  651.135894  10.5
  848.412977  10.5
  1073.980733  10.5
  1327.809100  10.5
  57.943621  9
  66.889646  9
  139.112033  9
  218.802584  9
  330.921921  9
  471.543814  9
  640.576104  9
  837.919463  9
  1063.531535  9
  0.001956  9.5
  94.081125  9.5
  133.870645  9.5
  219.112603  9.5
  330.914020  9.5
  471.543918  9.5
  640.576103  9.5
  837.919463  9.5
  1063.531535  9.5
  49.163002  8
  60.499132  8
  127.418598  8
  208.978120  8
  321.288273  8
  462.052456  8
  631.164614  8
  828.558120  8
  0.005232  8.5
  80.796886  8.5
  124.426238  8.5
  209.109051  8.5
  321.285828  8.5
  462.052478  8.5
  631.164614  8.5
  828.558120  8.5
  40.674959  7
  54.549303  7
  117.547577  7
  200.376027  7
  312.849996  7
  453.717906  7
  622.889120  7
  0.013740  7.5
  68.952705  7.5
  115.999526  7.5
  200.424120  7.5
  312.849382  7.5
  453.717910  7.5
  622.889120  7.5
  32.693147  6
  49.113346  6
  109.345088  6
  192.978848  6
  305.582879  6
  446.525009  6
  0.035234  6.5
  58.669106  6.5
  108.639914  6.5
  192.993384  6.5
  305.582767  6.5
  446.525010  6.5
  25.420731  5
  44.265347  5
  102.653699  5
  186.765962  5
  299.466739  5
  0.087541  5.5
  50.036953  5.5
  102.384628  5.5
  186.769209  5.5
  299.466728  5.5
  19.024026  4
  40.080676  4
  97.336256  4
  181.716292  4
  0.208586  4.5
  43.111581  4.5
  97.258449  4.5
  181.716699  4.5
  13.616533  3
  36.638566  3
  93.287411  3
  0.470856  3.5
  37.900866  3.5
  93.274337  3.5
  9.250769  2
  34.027367  2
  0.994709  2.5
  34.352460  2.5
  5.914007  1
  1.948523  1.5
