  76.952923  10
  98.301064  10
  209.665746  10
  350.287753  10
  542.644152  10
  783.640498  10
  1073.113510  10
  1410.968630  10
  1797.164238  10
  2231.679382  10
  0.014329  10.5
  128.346390  10.5
  205.694272  10.5
  350.448965  10.5
  542.641170  10.5
  783.640528  10.5
  1073.113510  10.5
  1410.968630  10.5
  1797.164238  10.5
  2231.679382  10.5
  66.259280  9
  90.903526  9
  197.726621  9
  339.779605  9
  532.329209  9
  773.445102  9
  1062.986246  9
  1400.884165  9
  1787.108413  9
  0.029430  9.5
  113.794464  9.5
  195.355842  9.5
  339.854522  9.5
  532.328141  9.5
  773.445110  9.5
  1062.986246  9.5
  1400.884165  9.5
  1787.108413  9.5
  56.096334  8
  84.016735  8
  187.372425  8
  330.432051  8
  523.142722  8
  764.351071  8
  1053.945197  8
  1391.876406  8
  0.059585  8.5
  100.773843  8.5
  186.055824  8.5
  330.463437  8.5
  523.142393  8.5
  764.351072  8.5
  1053.945197  8.5
  1391.876406  8.5
  46.611625  7
  77.694723  7
  178.488134  7
  322.230080  7
  515.070127  7
  756.348973  7
  1045.983619  7
  0.118523  7.5
  89.349363  7.5
  177.820681  7.5
  322.241542  7.5
  515.070044  7.5
  756.348973  7.5
  1045.983619  7.5
  37.932553  6
  71.992187  6
  170.969810  6
  315.158358  6
  508.098817  6
  749.430514  6
  0.230648  6.5
  79.566544  6.5
  170.670034  6.5
  315.161808  6.5
  508.098802  6.5
  749.430514  6.5
  30.159134  5
  66.965384  5
  164.730157  5
  309.202179  5
  502.218014  5
  0.436956  5.5
  71.446860  5.5
  164.616850  5.5
  309.202947  5.5
  502.218012  5.5
  23.359632  4
  62.673845  4
  159.700526  4
  304.348219  4
  0.801553  4.5
  64.981797  4.5
  159.667964  4.5
  304.348315  4.5
  17.567977  3
  59.182952  3
  155.830428  3
  1.416344  3.5
  60.128091  3.5
  155.824979  3.5
  12.782131  2
  56.567199  2
  2.400511  2.5
  56.807522  2.5
  8.963192  1
  3.892544  1.5
