  68.676978  10
  77.387676  10
  160.684303  10
  247.470242  10
  371.285029  10
  526.609513  10
  713.376548  10
  931.453183  10
  1180.784018  10
  1461.341177  10
  0.001348  10.5
  111.506484  10.5
  153.278602  10.5
  247.977140  10.5
  371.269953  10.5
  526.609752  10.5
  713.376546  10.5
  931.453183  10.5
  1180.784018  10.5
  1461.341177  10.5
  59.414290  9
  70.499002  9
  147.419726  9
  236.534143  9
  360.555421  9
  516.054111  9
  702.917795  9
  921.055088  9
  1170.426493  9
  0.003448  9.5
  96.892933  9.5
  142.881134  9.5
  236.771582  9.5
  360.550003  9.5
  516.054175  9.5
  702.917794  9.5
  921.055088  9.5
  1170.426493  9.5
  50.334725  8
  64.009250  8
  136.034172  8
  226.817744  8
  351.026966  8
  506.655630  8
  693.592745  8
  911.776155  8
  0.008694  8.5
  83.632557  8.5
  133.462131  8.5
  226.917798  8.5
  351.025291  8.5
  506.655643  8.5
  693.592745  8.5
  911.776155  8.5
  41.631655  7
  57.986399  7
  126.397491  7
  218.307589  7
  342.674381  7
  498.398687  7
  685.390424  7
  0.021529  7.5
  71.854223  7.5
  125.074192  7.5
  218.344283  7.5
  342.673961  7.5
  498.398689  7.5
  685.390424  7.5
  33.506163  6
  52.499691  6
  118.359963  6
  210.985818  6
  335.476396  6
  491.269773  6
  0.052060  6.5
  61.661005  6.5
  117.759470  6.5
  210.996896  6.5
  335.476319  6.5
  491.269773  6.5
  26.140376  5
  47.619103  5
  111.777645  5
  204.832653  5
  329.415146  5
  0.122047  5.5
  53.128286  5.5
  111.549093  5.5
  204.835126  5.5
  329.415138  5.5
  19.678056  4
  43.416230  4
  106.529143  4
  199.828566  4
  0.274821  4.5
  46.296952  4.5
  106.463159  4.5
  199.828876  4.5
  14.213363  3
  39.967075  3
  102.522590  3
  0.588128  3.5
  41.162247  3.5
  102.511514  3.5
  9.785004  2
  37.357031  2
  1.184016  2.5
  37.663925  2.5
  6.373022  1
  2.225976  1.5
