  85.176483  10
  125.325502  10
  278.407331  10
  488.688833  10
  772.276147  10
  1127.256754  10
  1553.459920  10
  2050.809047  10
  2619.269956  10
  3258.825444  10
  0.077302  10.5
  151.708141  10.5
  276.172135  10.5
  488.748073  10.5
  772.275417  10.5
  1127.256758  10.5
  1553.459920  10.5
  2050.809047  10.5
  2619.269956  10.5
  3258.825444  10.5
  73.524336  9
  117.535303  9
  267.230718  9
  478.439383  9
  762.192122  9
  1117.264458  9
  1543.520287  9
  2040.902500  9
  2609.385545  9
  0.136255  9.5
  137.412153  9.5
  265.910863  9.5
  478.466827  9.5
  762.191861  9.5
  1117.264460  9.5
  1543.520287  9.5
  2040.902500  9.5
  2609.385545  9.5
  62.621240  8
  110.334479  8
  257.437579  8
  469.308765  8
  753.197417  8
  1108.342574  8
  1534.640274  8
  2032.048787  8
  0.236935  8.5
  124.719801  8.5
  256.710594  8.5
  469.320235  8.5
  753.197337  8.5
  1108.342574  8.5
  1534.640274  8.5
  2032.048787  8.5
  52.559020  7
  103.767698  7
  248.950624  7
  461.284821  7
  745.282641  7
  1100.484884  7
  1526.815426  7
  0.405433  7.5
  113.658196  7.5
  248.584297  7.5
  461.289002  7.5
  745.282621  7.5
  1100.484884  7.5
  1526.815426  7.5
  43.409847  6
  97.881089  6
  241.704481  6
  454.356042  6
  738.439583  6
  1093.685917  6
  0.680761  6.5
  104.236801  6.5
  241.540668  6.5
  454.357299  6.5
  738.439579  6.5
  1093.685917  6.5
  35.224312  5
  92.723329  5
  235.646204  5
  448.511935  5
  732.661175  5
  1.118318  5.5
  96.444156  5.5
  235.584480  5.5
  448.512215  5.5
  732.661174  5.5
  28.030166  4
  88.347124  4
  230.734813  4
  443.743308  4
  1.792184  4.5
  90.245482  4.5
  230.717113  4.5
  443.743343  4.5
  21.831434  3
  84.810987  3
  226.940216  3
  2.794942  3.5
  85.582470  3.5
  226.937258  3.5
  16.607823  2
  82.181115  2
  4.234103  2.5
  82.376190  2.5
  12.314623  1
  6.225300  1.5
