  57.355987  10
  58.761272  10
  126.094044  10
  164.415231  10
  231.190945  10
  314.505836  10
  415.223006  10
  533.032830  10
  667.842323  10
  819.604082  10
  0.000015  10.5
  97.560257  10.5
  110.428568  10.5
  166.943931  10.5
  231.033863  10.5
  314.510792  10.5
  415.222918  10.5
  533.032831  10.5
  667.842323  10.5
  819.604082  10.5
  50.491063  9
  52.740354  9
  110.488615  9
  152.589704  9
  219.339705  9
  303.024320  9
  403.917025  9
  521.837218  9
  656.720271  9
  0.000059  9.5
  83.761256  9.5
  100.122310  9.5
  153.820659  9.5
  219.282461  9.5
  303.025655  9.5
  403.917008  9.5
  521.837218  9.5
  656.720271  9.5
  43.472009  8
  46.923364  8
  96.888078  8
  142.041478  8
  208.909919  8
  292.846167  8
  393.869027  8
  511.870865  8
  0.000228  8.5
  70.696598  8.5
  90.594721  8.5
  142.574193  8.5
  208.892040  8.5
  292.846455  8.5
  393.869025  8.5
  511.870865  8.5
  36.360130  7
  41.389174  7
  85.386295  7
  132.796872  7
  199.831916  7
  283.939601  7
  385.056140  7
  0.000867  7.5
  58.686475  7.5
  81.961620  7.5
  132.995799  7.5
  199.827397  7.5
  283.939646  7.5
  385.056139  7.5
  29.320128  6
  36.229068  6
  75.945159  6
  124.858453  6
  192.053219  6
  276.276588  6
  0.003216  6.5
  47.997568  6.5
  74.326026  6.5
  124.919237  6.5
  192.052391  6.5
  276.276592  6.5
  22.612156  5
  31.542260  5
  68.406648  5
  118.210735  5
  185.533247  5
  0.011541  5.5
  38.839476  5.5
  67.773465  5.5
  118.224412  5.5
  185.533163  5.5
  16.530921  4
  27.431386  4
  62.554368  4
  112.827419  4
  0.039515  4.5
  31.368530  4.5
  62.368515  4.5
  112.829143  4.5
  11.331346  3
  24.000651  3
  58.184440  3
  0.126373  3.5
  25.683329  3.5
  58.152942  3.5
  7.179040  2
  21.359712  2
  0.367172  2.5
  21.802385  2.5
  4.127714  1
  0.943117  1.5
