  47.205566  10
  47.275321  10
  114.091146  10
  123.878620  10
  162.561675  10
  204.500309  10
  257.481313  10
  319.861099  10
  391.501304  10
  472.300376  10
  0.000000  10.5
  86.497728  10.5
  87.935136  10.5
  134.393192  10.5
  160.762937  10.5
  204.630222  10.5
  257.476366  10.5
  319.861204  10.5
  391.501303  10.5
  472.300376  10.5
  42.075417  9
  42.234854  9
  97.565937  9
  111.060319  9
  147.739456  9
  191.025589  9
  244.351246  9
  306.970266  9
  378.766671  9
  0.000000  9.5
  75.566523  9.5
  78.227123  9.5
  117.042496  9.5
  147.036269  9.5
  191.061657  9.5
  244.350297  9.5
  306.970278  9.5
  378.766671  9.5
  36.884652  8
  37.236064  8
  82.089003  8
  99.313319  8
  135.112994  8
  179.172008  8
  232.762338  8
  295.552811  8
  0.000001  8.5
  64.374745  8.5
  68.890702  8.5
  102.241207  8.5
  134.882937  8.5
  179.179963  8.5
  232.762209  8.5
  295.552812  8.5
  31.585559  7
  32.322565  7
  68.209486  7
  88.820814  7
  124.380426  7
  168.879033  7
  222.659108  7
  0.000006  7.5
  53.173022  7.5
  60.104153  7.5
  90.011157  7.5
  124.320486  7.5
  168.880282  7.5
  222.659098  7.5
  26.126856  6
  27.567728  6
  56.361359  6
  79.716285  6
  115.332844  6
  160.086041  6
  0.000047  6.5
  42.439259  6.5
  52.065288  6.5
  80.099770  6.5
  115.321642  6.5
  160.086147  6.5
  20.525527  5
  23.080609  5
  46.811673  5
  72.072245  5
  107.835455  5
  0.000330  5.5
  32.710535  5.5
  44.969941  5.5
  72.161255  5.5
  107.834315  5.5
  14.989840  4
  19.002778  4
  39.565173  4
  65.902342  4
  0.002214  4.5
  24.433661  4.5
  38.991192  4.5
  65.913760  4.5
  9.936314  3
  15.495241  3
  34.363385  3
  0.013782  3.5
  17.928747  3.5
  34.262932  3.5
  5.805274  2
  12.724609  2
  0.075446  2.5
  13.394785  2.5
  2.864919  1
  0.335092  1.5
