  60.043282  10
  62.399633  10
  131.656787  10
  179.475879  10
  256.818497  10
  353.688006  10
  470.537662  10
  607.129157  10
  763.381213  10
  939.252735  10
  0.000052  10.5
  100.303442  10.5
  118.314608  10.5
  181.204641  10.5
  256.729657  10.5
  353.690368  10.5
  470.537627  10.5
  607.129157  10.5
  763.381213  10.5
  939.252735  10.5
  52.620552  9
  56.154320  9
  116.588388  9
  167.891660  9
  245.324735  9
  342.492399  9
  459.492533  9
  596.178462  9
  752.493543  9
  0.000181  9.5
  86.154806  9.5
  107.955406  9.5
  168.720688  9.5
  245.292530  9.5
  342.493034  9.5
  459.492526  9.5
  596.178462  9.5
  752.493543  9.5
  45.077078  8
  50.161404  8
  103.567499  8
  157.580890  8
  235.177724  8
  332.554485  8
  449.666672  8
  586.422890  8
  0.000620  8.5
  72.949097  8.5
  98.439551  8.5
  157.936007  8.5
  235.167703  8.5
  332.554622  8.5
  449.666671  8.5
  586.422890  8.5
  37.527683  7
  44.499995  7
  92.602638  7
  148.553012  7
  226.324938  7
  323.847652  7
  441.041046  7
  0.002092  7.5
  60.946619  7.5
  89.864853  7.5
  148.684723  7.5
  226.322412  7.5
  323.847673  7.5
  441.041046  7.5
  30.176447  6
  39.257366  6
  83.591540  6
  140.800332  6
  218.725343  6
  316.348499  6
  0.006889  6.5
  50.359330  6.5
  82.315915  6.5
  140.840400  6.5
  218.724881  6.5
  316.348500  6.5
  23.284514  5
  34.525264  5
  76.355031  5
  134.303236  5
  212.346247  5
  0.021957  5.5
  41.353196  5.5
  75.861036  5.5
  134.312226  5.5
  212.346200  5.5
  17.111911  4
  30.397144  4
  70.694258  4
  129.035916  4
  0.066829  4.5
  34.049502  4.5
  70.550110  4.5
  129.037048  4.5
  11.865788  3
  26.968299  3
  66.438215  3
  0.190664  3.5
  28.515967  3.5
  66.413865  3.5
  7.670617  2
  24.340861  2
  0.498551  2.5
  24.745056  2.5
  4.554722  1
  1.170787  1.5
