  46.347395  10
  46.393903  10
  113.441655  10
  121.365955  10
  158.680567  10
  197.306921  10
  246.809582  10
  305.159893  10
  372.227597  10
  447.900302  10
  0.000000  10.5
  85.333265  10.5
  86.371843  10.5
  133.167673  10.5
  156.391419  10.5
  197.490371  10.5
  246.801960  10.5
  305.160068  10.5
  372.227595  10.5
  447.900302  10.5
  41.335162  9
  41.446493  9
  97.049055  9
  108.478426  9
  143.316922  9
  183.527308  9
  233.394444  9
  292.007431  9
  359.245586  9
  0.000000  9.5
  74.736359  9.5
  76.763948  9.5
  115.359461  9.5
  142.406102  9.5
  183.578597  9.5
  233.392977  9.5
  292.007452  9.5
  359.245586  9.5
  36.274114  8
  36.531280  8
  81.512940  8
  96.608856  8
  130.303019  8
  171.414827  8
  221.567059  8
  280.367231  8
  0.000000  8.5
  63.849138  8.5
  67.479262  8.5
  100.057560  8.5
  130.001663  8.5
  171.426193  8.5
  221.566859  8.5
  280.367233  8.5
  31.120346  7
  31.686163  7
  67.441312  7
  85.963488  7
  119.294551  7
  160.907690  7
  211.265558  7
  0.000003  7.5
  52.848527  7.5
  58.695349  7.5
  87.392229  7.5
  119.215484  7.5
  160.909480  7.5
  211.265544  7.5
  25.817039  6
  26.978649  6
  55.328586  6
  76.699952  6
  110.044758  6
  151.941025  6
  0.000027  6.5
  42.181899  6.5
  50.617533  6.5
  77.165891  6.5
  110.029919  6.5
  151.941176  6.5
  20.353663  5
  22.514441  5
  45.507006  5
  68.911006  5
  102.395757  5
  0.000207  5.5
  32.417448  5.5
  43.455432  5.5
  69.019907  5.5
  102.394242  5.5
  14.899369  4
  18.436805  4
  38.045498  4
  62.622864  4
  0.001519  4.5
  24.051873  4.5
  37.398551  4.5
  62.636886  4.5
  9.863876  3
  14.913625  3
  32.710341  3
  0.010346  3.5
  17.444335  3.5
  32.596379  3.5
  5.721026  2
  12.120602  2
  0.061835  2.5
  12.821938  2.5
  2.775734  1
  0.296806  1.5
