  51.156371  10
  51.456054  10
  117.484458  10
  137.103843  10
  184.506341  10
  241.480951  10
  311.254688  10
  393.098176  10
  486.883578  10
  592.540126  10
  0.000000  10.5
  91.261658  10.5
  95.658081  10.5
  143.184048  10.5
  183.862164  10.5
  241.512767  10.5
  311.253824  10.5
  393.098189  10.5
  486.883578  10.5
  592.540126  10.5
  45.428670  9
  46.007142  9
  100.961472  9
  124.666328  9
  171.344920  9
  229.039887  9
  299.074694  9
  381.086225  9
  474.982872  9
  0.000002  9.5
  78.906896  9.5
  85.612749  9.5
  127.837102  9.5
  171.104140  9.5
  229.048558  9.5
  299.074530  9.5
  381.086227  9.5
  474.982872  9.5
  39.581691  8
  40.655063  8
  86.069468  8
  113.447106  8
  159.918323  8
  218.056775  8
  288.285469  8
  370.419388  8
  0.000013  8.5
  66.637426  8.5
  76.133880  8.5
  114.888542  8.5
  159.841805  8.5
  218.058663  8.5
  288.285447  8.5
  370.419388  8.5
  33.576352  7
  35.464695  7
  73.143109  7
  103.545235  7
  150.068186  7
  208.483214  7
  278.849965  7
  0.000067  7.5
  54.868068  7.5
  67.382258  7.5
  104.101166  7.5
  150.048618  7.5
  208.483507  7.5
  278.849963  7.5
  27.429912  6
  30.525745  6
  62.393698  6
  95.017136  6
  141.685973  6
  200.275107  6
  0.000354  6.5
  44.037750  6.5
  59.515423  6.5
  95.190462  6.5
  141.682360  6.5
  200.275132  6.5
  21.294356  5
  25.950509  5
  53.847450  5
  87.878295  5
  134.696077  5
  0.001803  5.5
  34.520942  5.5
  52.675381  5.5
  87.917775  5.5
  134.695711  5.5
  15.481175  4
  21.866428  4
  47.331245  4
  82.112204  4
  0.008744  4.5
  26.602476  4.5
  46.978555  4.5
  82.117216  4.5
  10.367477  3
  18.407049  3
  42.569089  3
  0.039377  3.5
  20.482679  3.5
  42.508513  3.5
  6.258689  2
  15.708638  2
  0.157836  2.5
  16.267461  2.5
  3.305139  1
  0.534124  1.5
