  38.171421  10
  38.171421  10
  102.356979  10
  102.357011  10
  150.115769  10
  150.160930  10
  178.581422  10
  182.674637  10
  197.394524  10
  212.898900  10
  -0.000000  10.5
  72.295378  10.5
  72.295379  10.5
  128.326093  10.5
  128.327682  10.5
  167.270997  10.5
  167.941815  10.5
  186.546322  10.5
  196.863443  10.5
  212.919636  10.5
  34.151906  9
  34.151906  9
  90.289456  9
  90.289816  9
  129.767038  9
  130.057745  9
  149.516400  9
  157.416052  9
  171.754128  9
  -0.000000  9.5
  64.254774  9.5
  64.254778  9.5
  112.207049  9.5
  112.221356  9.5
  141.920168  9.5
  144.412375  9.5
  158.326016  9.5
  171.711288  9.5
  30.132304  8
  30.132304  8
  78.215444  8
  78.219186  8
  108.920628  8
  110.268520  8
  123.764170  8
  134.948147  8
  -0.000000  8.5
  56.213297  8.5
  56.213359  8.5
  96.020997  8.5
  96.129752  8.5
  116.610640  8.5
  122.301073  8.5
  135.034566  8.5
  26.112559  7
  26.112565  7
  66.117866  7
  66.151610  7
  87.684641  7
  91.475195  7
  102.770139  7
  0.000000  7.5
  48.170019  7.5
  48.170762  7.5
  79.564933  7.5
  80.193682  7.5
  93.656527  7.5
  102.601262  7.5
  22.092528  6
  22.092621  6
  53.905415  6
  54.148583  6
  67.892684  6
  74.657031  6
  0.000000  6.5
  40.120413  6.5
  40.128438  6.5
  62.619760  6.5
  64.889628  6.5
  74.972861  6.5
  18.071488  5
  18.072697  5
  41.328031  5
  42.494116  5
  51.650032  5
  0.000000  5.5
  32.034511  5.5
  32.107088  5.5
  46.331758  5.5
  51.094872  5.5
  14.043380  4
  14.057337  4
  28.842399  4
  31.886762  4
  0.000000  4.5
  23.767100  4.5
  24.241072  4.5
  32.783198  4.5
  9.961476  3
  10.088851  3
  18.301874  3
  0.000000  3.5
  15.324433  3.5
  16.998886  3.5
  5.710991  2
  6.395139  2
  0.000026  2.5
  8.086850  2.5
  2.014464  1
  0.004837  1.5
