  38.048193  10
  38.048193  10
  102.100543  10
  102.100543  10
  150.040364  10
  150.042356  10
  181.091710  10
  181.955912  10
  195.342110  10
  204.844793  10
  -0.000000  10.5
  72.083083  10.5
  72.083083  10.5
  128.092504  10.5
  128.092541  10.5
  167.870284  10.5
  167.930489  10.5
  189.033991  10.5
  193.416943  10.5
  204.984739  10.5
  34.042708  9
  34.042708  9
  90.081653  9
  90.081661  9
  129.967993  9
  129.992836  9
  151.830825  9
  154.981415  9
  165.614099  9
  -0.000000  9.5
  64.071677  9.5
  64.071677  9.5
  112.060876  9.5
  112.061495  9.5
  143.503963  9.5
  143.976181  9.5
  157.474839  9.5
  165.390836  9.5
  30.037200  8
  30.037200  8
  78.061345  8
  78.061505  8
  109.766493  8
  109.999912  8
  123.752378  8
  130.136000  8
  -0.000000  8.5
  56.060038  8.5
  56.060039  8.5
  96.018587  8.5
  96.027584  8.5
  118.527046  8.5
  120.654268  8.5
  130.482822  8.5
  26.031652  7
  26.031652  7
  66.037099  7
  66.039833  7
  89.092326  7
  90.416552  7
  99.592340  7
  0.000000  7.5
  48.047974  7.5
  48.048006  7.5
  79.916581  7.5
  80.018534  7.5
  94.119717  7.5
  99.071703  7.5
  22.026035  6
  22.026039  6
  53.989641  6
  54.027438  6
  68.526015  6
  72.187341  6
  0.000000  6.5
  40.034798  6.5
  40.035440  6.5
  63.509922  6.5
  64.250200  6.5
  72.935912  6.5
  18.020237  5
  18.020333  5
  41.781642  5
  42.138709  5
  50.492607  5
  0.000000  5.5
  32.014663  5.5
  32.025672  5.5
  46.929018  5.5
  49.470646  5.5
  14.013145  4
  14.015236  4
  29.296071  4
  30.908404  4
  0.000000  4.5
  23.929302  4.5
  24.067639  4.5
  32.225090  4.5
  9.988775  3
  10.024932  3
  18.085120  3
  0.000000  3.5
  15.603276  3.5
  16.487434  3.5
  5.834372  2
  6.195411  2
  0.000002  2.5
  8.024369  2.5
  2.004061  1
  0.001355  1.5
