  54.176090  10
  54.863228  10
  121.044079  10
  149.272873  10
  205.302895  10
  274.435870  10
  358.381978  10
  456.685300  10
  569.236071  10
  695.976995  10
  0.000003  10.5
  94.410331  10.5
  102.352879  10.5
  153.240247  10.5
  204.986133  10.5
  274.448283  10.5
  358.381707  10.5
  456.685303  10.5
  569.236071  10.5
  695.976995  10.5
  47.924428  9
  49.125533  9
  104.888950  9
  137.140582  9
  192.894724  9
  262.529170  9
  346.688733  9
  445.127142  9
  557.767723  9
  0.000013  9.5
  81.225044  9.5
  92.150379  9.5
  139.125620  9.5
  192.778169  9.5
  262.532529  9.5
  346.688681  9.5
  445.127142  9.5
  557.767723  9.5
  41.520884  8
  43.535159  8
  90.603246  8
  126.271607  8
  182.033766  8
  251.994238  8
  336.311709  8
  434.849303  8
  0.000059  8.5
  68.463316  8.5
  82.630379  8.5
  127.147129  8.5
  181.997118  8.5
  251.994966  8.5
  336.311702  8.5
  434.849303  8.5
  34.965502  7
  38.166552  7
  78.397412  7
  116.722366  7
  172.617386  7
  242.791670  7
  327.222018  7
  0.000263  7.5
  56.515342  7.5
  73.931837  7.5
  117.053385  7.5
  172.608080  7.5
  242.791783  7.5
  327.222018  7.5
  28.351815  6
  33.112765  6
  68.345593  6
  108.516125  6
  164.572039  6
  234.886369  6
  0.001146  6.5
  45.730760  6.5
  66.183570  6.5
  108.618067  6.5
  164.570329  6.5
  234.886378  6.5
  21.905237  5
  28.481051  5
  60.356268  5
  101.648034  5
  157.843466  5
  0.004838  5.5
  36.389537  5.5
  59.496591  5.5
  101.671084  5.5
  157.843293  5.5
  15.946426  4
  24.386327  4
  54.213011  4
  96.093931  4
  0.019473  4.5
  28.702277  4.5
  53.958130  4.5
  96.096845  4.5
  10.793177  3
  20.946044  3
  49.671147  3
  0.072961  3.5
  22.812465  3.5
  49.627714  3.5
  6.673421  2
  18.281394  2
  0.245738  2.5
  18.777592  2.5
  3.681779  1
  0.716036  1.5
