  87.103939  10
  132.358823  10
  296.773221  10
  525.252062  10
  832.858259  10
  1217.850800  10
  1680.060300  10
  2219.412902  10
  2835.875611  10
  3529.431824  10
  0.105865  10.5
  157.982590  10.5
  294.794248  10.5
  525.300145  10.5
  832.857714  10.5
  1217.850803  10.5
  1680.060300  10.5
  2219.412902  10.5
  2835.875611  10.5
  3529.431824  10.5
  75.276128  9
  124.491447  9
  285.716568  9
  515.045634  9
  822.811600  9
  1207.891509  9
  1670.151201  9
  2209.535334  9
  2826.019139  9
  0.181453  9.5
  143.755750  9.5
  284.549702  9.5
  515.067900  9.5
  822.811405  9.5
  1207.891510  9.5
  1670.151201  9.5
  2209.535334  9.5
  2826.019139  9.5
  64.231092  8
  117.228085  8
  276.010649  8
  505.950755  8
  813.848001  8
  1198.997626  8
  1661.297413  8
  2200.706729  8
  0.306908  8.5
  131.140443  8.5
  275.368641  8.5
  505.960058  8.5
  813.847941  8.5
  1198.997626  8.5
  1661.297413  8.5
  2200.706729  8.5
  54.050506  7
  110.611867  7
  267.585279  7
  497.955966  7
  805.958868  7
  1191.163447  7
  1653.494847  7
  0.511055  7.5
  120.157164  7.5
  267.262040  7.5
  497.959356  7.5
  805.958853  7.5
  1191.163447  7.5
  1653.494847  7.5
  44.797329  6
  104.687547  6
  260.381497  6
  491.050518  6
  799.136679  6
  1184.383951  6
  0.835670  6.5
  110.809203  6.5
  260.237041  6.5
  491.051537  6.5
  799.136676  6.5
  1184.383951  6.5
  36.514327  5
  99.502573  5
  254.351712  5
  485.224678  5
  793.374952  5
  1.338348  5.5
  103.079861  5.5
  254.297306  5.5
  485.224905  5.5
  793.374952  5.5
  29.223069  4
  95.108465  4
  249.459121  4
  480.469959  4
  2.094078  4.5
  96.930728  4.5
  249.443524  4.5
  480.469988  4.5
  22.923204  3
  91.562426  3
  245.676675  3
  3.194460  3.5
  92.302054  3.5
  245.674069  3.5
  17.591998  2
  88.928988  2
  4.744000  2.5
  89.115839  2.5
  13.184328  1
  6.853754  1.5
