  145.637637  10
  403.396042  10
  1034.649696  10
  1975.847426  10
  3232.041607  10
  4802.642499  10
  6687.514899  10
  8886.607461  10
  11399.897263  10
  14227.372811  10
  5.716314  10.5
  417.619229  10.5
  1034.412212  10.5
  1975.848780  10.5
  3232.041604  10.5
  4802.642499  10.5
  6687.514899  10.5
  8886.607461  10.5
  11399.897263  10.5
  14227.372811  10.5
  130.775820  9
  394.397074  9
  1024.530643  9
  1966.025853  9
  3222.320308  9
  4792.971913  9
  6677.873415  9
  8876.984212  9
  11390.286191  9
  7.130992  9.5
  404.839202  9.5
  1024.391875  9.5
  1966.026479  9.5
  3222.320306  9.5
  4792.971913  9.5
  6677.873415  9.5
  8876.984212  9.5
  11390.286191  9.5
  116.887056  8
  386.202669  8
  1015.508067  8
  1957.247683  8
  3213.628250  8
  4784.323294  8
  6669.249709  8
  8868.376110  8
  8.843429  8.5
  393.574422  8.5
  1015.432263  8.5
  1957.247943  8.5
  3213.628249  8.5
  4784.323294  8.5
  6669.249709  8.5
  8868.376110  8.5
  103.967774  7
  378.841350  7
  1007.570306  7
  1949.509751  7
  3205.963447  7
  4776.695304  7
  6661.642818  7
  10.900084  7.5
  383.792905  7.5
  1007.532356  7.5
  1949.509845  7.5
  3205.963447  7.5
  4776.695304  7.5
  6661.642818  7.5
  92.009108  6
  372.343403  6
  1000.707679  6
  1942.809251  6
  3199.324151  6
  4770.086764  6
  13.350427  6.5
  375.458377  6.5
  1000.690794  6.5
  1942.809280  6.5
  3199.324151  6.5
  4770.086764  6.5
  80.996881  5
  366.741046  5
  994.912326  5
  1937.143743  5
  3193.708846  5
  16.246231  5.5
  368.530891  5.5
  994.905989  5.5
  1937.143749  5.5
  3193.708846  5.5
  70.911620  4
  362.068575  4
  990.178043  4
  1932.511155  4
  19.640746  4.5
  362.967551  4.5
  990.176231  4.5
  1932.511156  4.5
  61.728621  3
  358.362458  3
  986.500120  3
  23.587786  3.5
  358.723314  3.5
  986.499818  3.5
  53.418082  2
  355.661361  2
  28.140788  2.5
  355.751802  2.5
  45.945315  1
  33.351888  1.5
