  53.051627  10
  53.566600  10
  119.593762  10
  144.511521  10
  197.152353  10
  261.639461  10
  340.137139  10
  432.109407  10
  537.439870  10
  656.066812  10
  0.000001  10.5
  93.270247  10.5
  99.763078  10.5
  149.163819  10.5
  196.742242  10.5
  261.656913  10.5
  340.136727  10.5
  432.109413  10.5
  537.439870  10.5
  656.066812  10.5
  47.002040  9
  47.934090  9
  103.278918  9
  132.266454  9
  184.496503  9
  249.551922  9
  328.279256  9
  420.397516  9
  525.824913  9
  0.000007  9.5
  80.364395  9.5
  89.611215  9.5
  134.625376  9.5
  184.344868  9.5
  249.556655  9.5
  328.279177  9.5
  420.397516  9.5
  525.824913  9.5
  40.810114  8
  42.429558  8
  88.759297  8
  121.272530  8
  173.447444  8
  238.865333  8
  317.762635  8
  409.987784  8
  0.000034  8.5
  67.758150  8.5
  80.101744  8.5
  122.322847  8.5
  173.399607  8.5
  238.866360  8.5
  317.762625  8.5
  409.987784  8.5
  34.458368  7
  37.124554  7
  76.289667  7
  111.600200  7
  163.885505  7
  229.537137  7
  308.555710  7
  0.000163  7.5
  55.859308  7.5
  71.381964  7.5
  111.999766  7.5
  163.873331  7.5
  229.537296  7.5
  308.555709  7.5
  28.011625  6
  32.111594  6
  65.992216  6
  103.283184  6
  155.726458  6
  221.529194  6
  0.000760  6.5
  45.050791  6.5
  63.590926  6.5
  103.406710  6.5
  155.724217  6.5
  221.529207  6.5
  21.672552  5
  27.500244  5
  57.812540  5
  96.322695  5
  148.909389  5
  0.003425  5.5
  35.644125  5.5
  56.850301  5.5
  96.350690  5.5
  148.909163  5.5
  15.763545  4
  23.410044  4
  51.543789  4
  90.696540  4
  0.014712  4.5
  27.874208  4.5
  51.257142  4.5
  90.700083  4.5
  10.625210  3
  19.963992  3
  46.927893  3
  0.058761  3.5
  21.903581  3.5
  46.878923  3.5
  6.511967  2
  17.288313  2
  0.210187  2.5
  17.806207  2.5
  3.536805  1
  0.644862  1.5
