  41.837842  10
  41.839557  10
  108.980257  10
  110.020483  10
  146.320656  10
  164.883673  10
  196.382874  10
  233.439961  10
  276.585465  10
  325.525818  10
  0.000000  10.5
  78.475785  10.5
  78.541011  10.5
  130.731776  10.5
  137.534898  10.5
  166.555576  10.5
  196.247686  10.5
  233.445549  10.5
  276.585347  10.5
  325.525819  10.5
  37.393660  9
  37.399610  9
  94.715386  9
  97.059734  9
  126.245328  9
  148.550613  9
  180.313658  9
  217.928108  9
  261.389399  9
  0.000000  9.5
  69.477039  9.5
  69.667942  9.5
  111.324973  9.5
  121.894299  9.5
  149.070925  9.5
  180.286304  9.5
  217.928797  9.5
  261.389392  9.5
  32.941880  8
  32.961862  8
  80.063079  8
  84.613063  8
  109.316328  8
  134.164033  8
  166.317976  8
  204.292848  8
  0.000000  8.5
  60.346040  8.5
  60.866754  8.5
  93.204940  8.5
  107.620428  8.5
  134.287372  8.5
  166.314129  8.5
  204.292893  8.5
  28.470473  7
  28.534713  7
  65.534905  7
  73.000346  7
  95.491579  7
  121.741579  7
  154.236746  7
  0.000000  7.5
  50.963722  7.5
  52.245024  7.5
  77.283606  7.5
  94.998477  7.5
  121.761852  7.5
  154.236461  7.5
  23.948336  6
  24.142582  6
  52.013869  6
  62.563181  6
  84.292017  6
  111.220366  6
  0.000000  6.5
  41.280670  6.5
  43.992984  6.5
  64.186868  6.5
  84.193816  6.5
  111.222130  6.5
  19.310400  5
  19.845770  5
  40.341767  5
  53.596880  5
  75.253320  5
  0.000005  5.5
  31.622953  5.5
  36.381989  5.5
  54.013665  5.5
  75.242955  5.5
  14.494076  4
  15.767025  4
  31.127374  4
  46.292260  4
  0.000074  4.5
  22.738801  4.5
  29.724031  4.5
  46.348572  4.5
  9.662671  3
  12.104563  3
  24.577948  3
  0.001052  3.5
  15.380884  3.5
  24.311304  3.5
  5.400224  2
  9.108293  2
  0.012981  2.5
  10.060908  2.5
  2.337777  1
  0.120463  1.5
