  41.732703  10
  41.734224  10
  108.830683  10
  109.788678  10
  146.255846  10
  164.259797  10
  195.339563  10
  231.863727  10
  274.423229  10
  322.712022  10
  0.000000  10.5
  78.303769  10.5
  78.362592  10.5
  130.736792  10.5
  137.188221  10.5
  166.038816  10.5
  195.192159  10.5
  231.869939  10.5
  274.423095  10.5
  322.712023  10.5
  37.300995  9
  37.306342  9
  94.641855  9
  96.837087  9
  126.036885  9
  147.837807  9
  179.161795  9
  216.259592  9
  259.141104  9
  0.000000  9.5
  69.336489  9.5
  69.511087  9.5
  111.339595  9.5
  121.506247  9.5
  148.394943  9.5
  179.131889  9.5
  216.260358  9.5
  259.141097  9.5
  32.862171  8
  32.880373  8
  80.050692  8
  84.382266  8
  108.955407  8
  133.366370  8
  165.080207  8
  202.546746  8
  0.000000  8.5
  60.243557  8.5
  60.726767  8.5
  93.166844  8.5
  107.174888  8.5
  133.498936  8.5
  165.075993  8.5
  202.546796  8.5
  28.404870  7
  28.464189  7
  65.539672  7
  72.744576  7
  95.009983  7
  120.870183  7
  152.929553  7
  0.000000  7.5
  50.906509  7.5
  52.113811  7.5
  77.152975  7.5
  94.489322  7.5
  120.892022  7.5
  152.929240  7.5
  23.899247  6
  24.081100  6
  51.991922  6
  62.270549  6
  83.728587  6
  110.288685  6
  0.000000  6.5
  41.264506  6.5
  43.859718  6.5
  63.952878  6.5
  83.624562  6.5
  110.290587  6.5
  19.281337  5
  19.789683  5
  40.267192  5
  53.263129  5
  74.634331  5
  0.000004  5.5
  31.622851  5.5
  36.235907  5.5
  53.697045  5.5
  74.623332  5.5
  14.485129  4
  15.711083  4
  30.993047  4
  45.920762  4
  0.000066  4.5
  22.727336  4.5
  29.557856  4.5
  45.979536  4.5
  9.662969  3
  12.043598  3
  24.396811  3
  0.000969  3.5
  15.345325  3.5
  24.123166  3.5
  5.396427  2
  9.039571  2
  0.012280  2.5
  10.001105  2.5
  2.328122  1
  0.116816  1.5
