  66.079934  10
  72.234432  10
  149.840594  10
  223.285227  10
  330.743111  10
  465.579702  10
  627.810604  10
  817.282222  10
  1033.932899  10
  1277.731606  10
  0.000555  10.5
  107.589483  10.5
  140.903705  10.5
  224.018930  10.5
  330.717542  10.5
  465.580173  10.5
  627.810599  10.5
  817.282222  10.5
  1033.932899  10.5
  1277.731606  10.5
  57.355549  9
  65.527648  9
  136.052208  9
  212.175332  9
  319.828692  9
  454.866335  9
  617.206821  9
  806.747191  9
  1023.443832  9
  0.001543  9.5
  93.038155  9.5
  130.502169  9.5
  212.520592  9.5
  319.819488  9.5
  454.866462  9.5
  617.206820  9.5
  806.747191  9.5
  1023.443832  9.5
  48.700818  8
  59.178139  8
  124.227231  8
  202.304519  8
  310.149087  8
  445.334532  8
  607.757718  8
  797.350008  8
  0.004229  8.5
  79.748711  8.5
  121.048009  8.5
  202.450486  8.5
  310.146238  8.5
  445.334559  8.5
  607.757718  8.5
  797.350008  8.5
  40.304164  7
  53.258316  7
  114.254272  7
  193.662727  7
  301.673445  7
  436.966207  7
  599.450398  7
  0.011385  7.5
  67.880207  7.5
  112.605383  7.5
  193.716383  7.5
  301.672730  7.5
  436.966211  7.5
  599.450398  7.5
  32.383056  6
  47.842987  6
  105.979313  6
  186.232856  6
  294.376224  6
  429.745478  6
  0.029927  6.5
  57.560884  6.5
  105.226879  6.5
  186.249081  6.5
  294.376093  6.5
  429.745478  6.5
  25.148984  5
  43.007994  5
  99.239869  5
  179.994023  5
  288.236204  5
  0.076198  5.5
  48.888293  5.5
  98.952433  5.5
  179.997650  5.5
  288.236191  5.5
  18.777872  4
  38.830359  4
  93.892115  4
  174.924536  4
  0.185953  4.5
  41.923954  4.5
  93.808938  4.5
  174.924991  4.5
  13.391714  3
  35.390732  3
  89.824762  3
  0.429386  3.5
  36.681258  3.5
  89.810780  3.5
  9.049194  2
  32.778729  2
  0.925881  2.5
  33.111519  2.5
  5.740897  1
  1.845635  1.5
