  43.315255  10
  43.322202  10
  110.802882  10
  113.418896  10
  148.506557  10
  174.387481  10
  211.785744  10
  256.015833  10
  307.142081  10
  364.976719  10
  0.000000  10.5
  80.843579  10.5
  81.058554  10.5
  130.855571  10.5
  142.890517  10.5
  175.127699  10.5
  211.740479  10.5
  256.017313  10.5
  307.142056  10.5
  364.976720  10.5
  38.692812  9
  38.713425  9
  95.558348  9
  100.399349  9
  130.341925  9
  159.127754  9
  196.915633  9
  241.548902  9
  292.923039  9
  0.000000  9.5
  71.370781  9.5
  71.903596  9.5
  111.669029  9.5
  127.834989  9.5
  159.344917  9.5
  196.906712  9.5
  241.549081  9.5
  292.923038  9.5
  34.053672  8
  34.112809  8
  80.288228  8
  88.108923  8
  115.192172  8
  145.728412  8
  183.885488  8
  228.794315  8
  0.000000  8.5
  61.673829  8.5
  62.896012  8.5
  94.425223  8.5
  114.295375  8.5
  145.778069  8.5
  183.884256  8.5
  228.794326  8.5
  29.375258  7
  29.537424  7
  65.722796  7
  76.840875  7
  102.686682  7
  134.148684  7
  172.590947  7
  0.000000  7.5
  51.671955  7.5
  54.182059  7.5
  79.746358  7.5
  102.439959  7.5
  134.156666  7.5
  172.590856  7.5
  24.610289  6
  25.027364  6
  52.637502  6
  66.867001  6
  92.382451  6
  124.313048  6
  0.000002  6.5
  41.511715  6.5
  45.974308  6.5
  67.890369  6.5
  92.334832  6.5
  124.313733  6.5
  19.690031  5
  20.663856  5
  41.657689  5
  58.392445  5
  83.965484  5
  0.000024  5.5
  31.724366  5.5
  38.531318  5.5
  58.642673  5.5
  83.960544  5.5
  14.618426  4
  16.584839  4
  33.169284  4
  51.526193  4
  0.000264  4.5
  23.012891  4.5
  32.117953  4.5
  51.559169  4.5
  9.687628  3
  12.982092  3
  27.156167  3
  0.002750  3.5
  15.953127  3.5
  26.963662  3.5
  5.476353  2
  10.075109  2
  0.024912  2.5
  10.922318  2.5
  2.475993  1
  0.173877  1.5
