  149.762790  10
  425.001859  10
  1094.198472  10
  2092.629041  10
  3425.112071  10
  5091.071423  10
  7090.372793  10
  9422.965224  10
  12088.825972  10
  15087.943636  10
  6.472111  10.5
  438.843930  10.5
  1093.981165  10.5
  2092.630209  10.5
  3425.112068  10.5
  5091.071423  10.5
  7090.372793  10.5
  9422.965224  10.5
  12088.825972  10.5
  15087.943636  10.5
  134.738061  9
  415.963388  9
  1084.093772  9
  2082.814582  9
  3415.396681  9
  5081.406101  9
  7080.736197  9
  9413.346625  9
  12079.219391  9
  8.009246  9.5
  426.120352  9.5
  1083.966808  9.5
  2082.815121  9.5
  3415.396680  9.5
  5081.406101  9.5
  7080.736197  9.5
  9413.346625  9.5
  12079.219391  9.5
  120.685568  8
  407.736467  8
  1075.081846  8
  2074.042230  8
  3406.709566  8
  5072.761959  8
  7072.116697  8
  9404.742558  8
  9.855894  8.5
  414.903464  8.5
  1075.012497  8.5
  2074.042455  8.5
  3406.709565  8.5
  5072.761959  8.5
  7072.116697  8.5
  9404.742558  8.5
  107.600576  7
  400.349183  7
  1067.151867  7
  2066.309001  7
  3399.048854  7
  5065.137738  7
  7064.513386  7
  12.057925  7.5
  405.161142  7.5
  1067.117151  7.5
  2066.309082  7.5
  3399.048854  7.5
  5065.137738  7.5
  7064.513386  7.5
  95.473355  6
  393.831322  6
  1060.294841  6
  2059.612248  6
  3392.412898  6
  5058.532325  6
  14.663901  6.5
  396.857346  6.5
  1060.279396  6.5
  2059.612272  6.5
  3392.412898  6.5
  5058.532325  6.5
  84.289170  5
  388.214524  5
  1054.503454  5
  2053.949670  5
  3386.800271  5
  17.724405  5.5
  389.952705  5.5
  1054.497657  5.5
  2053.949676  5.5
  3386.800271  5.5
  74.028306  4
  383.532402  4
  1049.771930  4
  2049.319317  4
  21.291263  4.5
  384.405202  4.5
  1049.770273  4.5
  2049.319317  4.5
  64.666132  3
  379.820625  3
  1046.095874  3
  25.416705  3.5
  380.170902  3.5
  1046.095598  3.5
  56.173231  2
  377.116935  2
  30.152505  2.5
  377.204711  2.5
  48.515607  1
  35.549132  1.5
