  38.481836  10
  38.481836  10
  102.998306  10
  102.999433  10
  150.062987  10
  150.582994  10
  175.087051  10
  185.881576  10
  204.915664  10
  226.901340  10
  -0.000000  10.5
  72.829201  10.5
  72.829222  10.5
  128.885903  10.5
  128.918922  10.5
  165.055538  10.5
  168.757992  10.5
  187.113217  10.5
  204.828776  10.5
  226.903474  10.5
  34.426931  9
  34.426933  9
  90.804331  9
  90.812012  9
  128.773488  9
  130.611802  9
  148.693686  9
  163.210055  9
  182.778889  9
  0.000000  9.5
  64.714759  9.5
  64.714930  9.5
  112.489051  9.5
  112.663239  9.5
  139.059447  9.5
  146.467046  9.5
  163.412908  9.5
  182.773045  9.5
  30.371768  8
  30.371784  8
  78.578545  8
  78.625791  8
  106.978979  8
  111.530163  8
  126.767634  8
  143.421385  8
  0.000000  8.5
  56.597327  8.5
  56.598662  8.5
  95.794179  8.5
  96.551574  8.5
  115.131010  8.5
  126.319633  8.5
  143.437040  8.5
  26.316145  7
  26.316287  7
  66.239493  7
  66.489189  7
  86.146466  7
  94.107913  7
  108.883208  7
  0.000000  7.5
  48.471899  7.5
  48.481504  7.5
  78.544308  7.5
  80.946398  7.5
  95.022567  7.5
  108.842479  7.5
  22.259334  6
  22.260544  6
  53.565031  6
  54.591488  6
  68.174489  6
  79.027101  6
  0.000000  6.5
  40.315424  6.5
  40.376960  6.5
  61.395071  6.5
  66.499174  6.5
  79.128891  6.5
  18.197471  5
  18.206932  5
  40.571836  5
  43.394120  5
  54.195464  5
  0.000000  5.5
  32.031998  5.5
  32.358676  5.5
  46.084187  5.5
  53.955571  5.5
  14.108373  4
  14.173344  4
  28.471307  4
  33.591088  4
  0.000000  4.5
  23.447356  4.5
  24.681017  4.5
  34.107427  4.5
  9.900772  3
  10.250945  3
  18.843049  3
  0.000002  3.5
  15.038419  3.5
  17.875110  3.5
  5.569494  2
  6.730197  2
  0.000206  2.5
  8.245330  2.5
  2.040800  1
  0.013722  1.5
