  102.371013  10
  194.318291  10
  462.240198  10
  852.110003  10
  1373.859753  10
  2026.466957  10
  2809.776716  10
  3723.727793  10
  4768.292777  10
  5943.457891  10
  0.627228  10.5
  215.202961  10.5
  461.346902  10.5
  852.122487  10.5
  1373.859670  10.5
  2026.466958  10.5
  2809.776716  10.5
  3723.727793  10.5
  4768.292777  10.5
  5943.457891  10.5
  89.489065  9
  185.983226  9
  451.728070  9
  842.112850  9
  1363.991655  9
  2016.665839  9
  2800.014120  9
  3713.989377  9
  4758.570527  9
  0.922871  9.5
  201.501382  9.5
  451.204359  9.5
  842.118621  9.5
  1363.991626  9.5
  2016.665839  9.5
  2800.014120  9.5
  3713.989377  9.5
  4758.570527  9.5
  77.529565  8
  178.336762  8
  442.417398  8
  833.190748  8
  1355.176939  8
  2007.906256  8
  2791.286235  8
  3705.281381  8
  1.343298  8.5
  189.415488  8.5
  442.130534  8.5
  833.193156  8.5
  1355.176930  8.5
  2007.906256  8.5
  2791.286235  8.5
  3705.281381  8.5
  66.524906  7
  171.414731  7
  434.272156  7
  825.336355  7
  1347.410703  7
  2000.184924  7
  2783.590704  7
  1.932016  7.5
  178.932675  7.5
  434.128221  7.5
  825.337231  7.5
  1347.410700  7.5
  2000.184924  7.5
  2783.590704  7.5
  56.495287  6
  165.255211  6
  427.262615  6
  818.543032  6
  1340.688637  6
  1993.498948  6
  2.742597  6.5
  170.027787  6.5
  427.198460  6.5
  818.543295  6.5
  1340.688637  6.5
  1993.498948  6.5
  47.448369  5
  159.899225  5
  421.364924  5
  812.804924  5
  1335.007018  5
  3.838648  5.5
  162.662998  5.5
  421.340810  5.5
  812.804983  5.5
  1335.007017  5.5
  39.379009  4
  155.391485  4
  416.560579  4
  808.117016  4
  5.292787  4.5
  156.788600  4.5
  416.553677  4.5
  808.117023  4.5
  32.269096  3
  151.781102  3
  412.835840  3
  7.184607  3.5
  152.344740  3.5
  412.834688  3.5
  26.087543  2
  149.122183  2
  9.597769  2.5
  149.263954  2.5
  20.790573  1
  12.616572  1.5
