  40.567437  10
  40.567735  10
  106.988806  10
  107.291868  10
  146.468169  10
  157.927921  10
  184.451912  10
  214.657490  10
  250.411511  10
  291.153616  10
  0.000000  10.5
  76.372013  10.5
  76.386359  10.5
  130.735323  10.5
  133.677370  10.5
  161.596826  10.5
  184.023768  10.5
  214.680859  10.5
  250.410878  10.5
  291.153623  10.5
  36.272498  9
  36.273754  9
  93.637064  9
  94.499653  9
  124.714213  9
  140.385136  9
  166.702848  9
  197.771424  9
  233.936359  9
  0.000000  9.5
  67.734372  9.5
  67.785772  9.5
  111.815926  9.5
  117.568271  9.5
  141.661466  9.5
  166.611940  9.5
  197.774377  9.5
  233.936322  9.5
  31.974490  8
  31.979621  8
  79.866443  8
  81.999550  8
  105.712832  8
  124.786521  8
  151.411060  8
  182.983085  8
  0.000000  8.5
  59.036617  8.5
  59.209176  8.5
  93.260031  8.5
  102.556637  8.5
  125.110432  8.5
  151.397872  8.5
  182.983280  8.5
  27.668274  7
  27.688365  7
  65.749604  7
  70.091795  7
  90.071132  7
  111.282638  7
  138.295040  7
  0.000000  7.5
  50.191339  7.5
  50.718953  7.5
  76.229765  7.5
  89.060098  7.5
  111.338040  7.5
  138.294043  7.5
  23.337663  6
  23.411822  6
  51.998526  6
  59.168192  6
  77.606236  6
  99.868679  6
  0.000000  6.5
  41.061687  6.5
  42.458893  6.5
  61.734135  6.5
  77.393122  6.5
  99.873614  6.5
  18.937105  5
  19.187697  5
  39.666245  5
  49.627701  5
  67.726085  5
  0.000001  5.5
  31.690956  5.5
  34.686206  5.5
  50.340040  5.5
  67.702907  5.5
  14.380415  4
  15.113139  4
  29.635129  4
  41.777737  4
  0.000015  4.5
  22.696219  4.5
  27.752221  4.5
  41.878187  4.5
  9.689859  3
  11.380694  3
  22.403752  3
  0.000319  3.5
  15.013178  3.5
  22.025973  3.5
  5.375273  2
  8.271640  2
  0.005814  2.5
  9.351209  2.5
  2.222669  1
  0.077725  1.5
