  38.151036  10
  38.151036  10
  102.314626  10
  102.314646  10
  150.106616  10
  150.139809  10
  178.951199  10
  182.516468  10
  196.937986  10
  211.763897  10
  -0.000000  10.5
  72.260275  10.5
  72.260275  10.5
  128.287796  10.5
  128.288888  10.5
  167.391556  10.5
  167.924010  10.5
  186.751657  10.5
  196.308063  10.5
  211.789982  10.5
  34.133843  9
  34.133843  9
  90.255191  9
  90.255438  9
  129.810890  9
  130.039623  9
  149.755199  9
  157.019876  9
  170.870701  9
  -0.000000  9.5
  64.224504  9.5
  64.224507  9.5
  112.184000  9.5
  112.194482  9.5
  142.174057  9.5
  144.314797  9.5
  158.063539  9.5
  170.818380  9.5
  30.116573  8
  30.116573  8
  78.190278  8
  78.193014  8
  109.066612  8
  110.209314  8
  123.654447  8
  134.267071  8
  -0.000000  8.5
  56.187973  8.5
  56.188015  8.5
  96.024845  8.5
  96.109928  8.5
  116.834712  8.5
  122.031040  8.5
  134.369515  8.5
  26.099178  7
  26.099183  7
  66.105870  7
  66.132175  7
  87.864435  7
  91.300678  7
  102.295638  7
  0.000000  7.5
  48.149903  7.5
  48.150445  7.5
  79.629787  7.5
  80.157225  7.5
  93.649020  7.5
  102.101403  7.5
  22.081538  6
  22.081605  6
  53.922852  6
  54.125389  6
  67.937350  6
  74.307692  6
  0.000000  6.5
  40.106581  6.5
  40.112822  6.5
  62.742246  6.5
  64.783882  6.5
  74.660004  6.5
  18.063059  5
  18.063998  5
  41.394739  5
  42.435252  5
  51.466645  5
  0.000000  5.5
  32.032401  5.5
  32.092601  5.5
  46.390367  5.5
  50.865915  5.5
  14.038610  4
  14.050163  4
  28.892555  4
  31.749630  4
  0.000000  4.5
  23.792269  4.5
  24.212335  4.5
  32.692427  4.5
  9.965857  3
  10.078261  3
  18.266103  3
  0.000000  3.5
  15.357053  3.5
  16.927721  3.5
  5.725900  2
  6.367581  2
  0.000020  2.5
  8.076497  2.5
  2.012741  1
  0.004259  1.5
