  83.732893  10
  120.211820  10
  265.148296  10
  462.217725  10
  728.400080  10
  1061.633730  10
  1461.747321  10
  1928.661913  10
  2462.342328  10
  3062.770855  10
  0.059986  10.5
  147.188899  10.5
  262.691273  10.5
  462.287438  10.5
  728.399163  10.5
  1061.633737  10.5
  1461.747321  10.5
  1928.661913  10.5
  2462.342328  10.5
  3062.770855  10.5
  72.222431  9
  112.482855  9
  253.869672  9
  451.932321  9
  718.284625  9
  1051.613702  9
  1451.782040  9
  1918.731029  9
  2452.434458  9
  0.108163  9.5
  132.842209  9.5
  252.416961  9.5
  451.964629  9.5
  718.284297  9.5
  1051.613704  9.5
  1451.782040  9.5
  1918.731029  9.5
  2452.434458  9.5
  61.432010  8
  105.331471  8
  244.002215  8
  442.771767  8
  709.263771  8
  1042.668294  8
  1442.880003  8
  1909.856236  8
  0.192372  8.5
  120.091410  8.5
  243.201270  8.5
  442.785274  8.5
  709.263670  8.5
  1042.668295  8.5
  1442.880003  8.5
  1909.856236  8.5
  51.461827  7
  98.803633  7
  235.462788  7
  434.723370  7
  701.327447  7
  1034.790859  7
  1435.036445  7
  0.336566  7.5
  108.969051  7.5
  235.058898  7.5
  434.728295  7.5
  701.327421  7.5
  1034.790859  7.5
  1435.036445  7.5
  42.391794  6
  92.946627  6
  228.180613  6
  427.775007  6
  694.466859  6
  1027.975542  6
  0.577489  6.5
  99.489734  6.5
  227.999905  6.5
  427.776487  6.5
  694.466855  6.5
  1027.975543  6.5
  34.279155  5
  87.810160  5
  222.098170  5
  421.915562  5
  688.674443  5
  0.968602  5.5
  91.646476  5.5
  222.030053  5.5
  421.915891  5.5
  688.674443  5.5
  27.156966  4
  83.447907  4
  217.170887  4
  417.135256  4
  1.583000  4.5
  85.407750  4.5
  217.151348  4.5
  417.135298  4.5
  21.033053  3
  79.919422  3
  213.366052  3
  2.513794  3.5
  80.716732  3.5
  213.362786  3.5
  15.889311  2
  77.292214  2
  3.870742  2.5
  77.493973  2.5
  11.681514  1
  5.773110  1.5
