  140.881217  10
  378.779797  10
  966.853621  10
  1842.880428  10
  3012.208768  10
  4474.230723  10
  6228.809940  10
  8275.894561  10
  10615.461434  10
  13247.498946  10
  4.898990  10.5
  393.477635  10.5
  966.589069  10.5
  1842.882050  10.5
  3012.208763  10.5
  4474.230723  10.5
  6228.809940  10.5
  8275.894561  10.5
  10615.461434  10.5
  13247.498946  10.5
  126.210719  9
  369.829712  9
  956.715726  9
  1833.049621  9
  3002.479793  9
  4464.553302  9
  6219.162109  9
  8266.265274  9
  10605.844531  9
  6.174035  9.5
  380.627663  9.5
  956.561119  9.5
  1833.050370  9.5
  3002.479791  9.5
  4464.553302  9.5
  6219.162109  9.5
  8266.265274  9.5
  10605.844531  9.5
  112.513803  8
  361.675572  8
  947.679189  8
  1824.263896  8
  2993.781316  8
  4455.898870  8
  6210.532942  8
  8257.651933  8
  7.732413  8.5
  369.303257  8.5
  947.594723  8.5
  1824.264208  8.5
  2993.781315  8.5
  4455.898870  8.5
  6210.532942  8.5
  8257.651933  8.5
  99.788468  7
  354.346430  7
  939.731243  7
  1816.519858  7
  2986.111202  7
  4448.265988  7
  6202.921402  7
  9.621211  7.5
  359.472738  7.5
  939.688952  7.5
  1816.519971  7.5
  2986.111202  7.5
  4448.265988  7.5
  6202.921402  7.5
  88.027028  6
  347.873178  6
  932.861301  6
  1809.814493  6
  2979.467568  6
  4441.653388  6
  11.890942  6.5
  351.099654  6.5
  932.842483  6.5
  1809.814527  6.5
  2979.467568  6.5
  4441.653388  6.5
  77.216092  5
  342.288743  5
  927.060776  5
  1804.145180  5
  2973.848786  5
  14.594808  5.5
  344.143421  5.5
  927.053713  5.5
  1804.145188  5.5
  2973.848786  5.5
  67.336563  4
  337.628252  4
  922.322902  4
  1799.509692  4
  17.787798  4.5
  338.560106  4.5
  922.320882  4.5
  1799.509693  4.5
  58.363706  3
  333.929152  3
  918.642550  3
  21.525693  3.5
  334.303304  3.5
  918.642214  3.5
  50.267276  2
  331.231260  2
  25.864020  2.5
  331.325050  2.5
  43.011747  1
  30.857014  1.5
