  73.205625  10
  87.969021  10
  184.720560  10
  298.774187  10
  456.932777  10
  655.199072  10
  893.433014  10
  1171.526400  10
  1489.432377  10
  1847.127360  10
  0.005361  10.5
  119.851422  10.5
  179.452549  10.5
  299.042098  10.5
  456.926673  10.5
  655.199147  10.5
  893.433013  10.5
  1171.526400  10.5
  1489.432377  10.5
  1847.127360  10.5
  63.097915  9
  80.787892  9
  172.255624  9
  288.095779  9
  446.458628  9
  644.864651  9
  883.177573  9
  1161.320559  9
  1479.259723  9
  0.012057  9.5
  105.233499  9.5
  169.081614  9.5
  288.220615  9.5
  446.456439  9.5
  644.864671  9.5
  883.177573  9.5
  1161.320559  9.5
  1479.259723  9.5
  53.375074  8
  74.071126  8
  161.503308  8
  278.603185  8
  437.140435  8
  635.652946  8
  874.026635  8
  1152.207798  8
  0.026728  8.5
  92.083615  8.5
  159.728240  8.5
  278.655588  8.5
  437.139760  8.5
  635.652950  8.5
  874.026635  8.5
  1152.207798  8.5
  44.211808  7
  67.878694  7
  152.333295  7
  270.280962  7
  428.959769  7
  627.552265  7
  865.971846  7
  0.058190  7.5
  80.490987  7.5
  151.428829  7.5
  270.300127  7.5
  428.959600  7.5
  627.552266  7.5
  865.971846  7.5
  35.769019  6
  62.271120  6
  144.619073  6
  263.112120  6
  421.900830  6
  620.552331  6
  0.123811  6.5
  70.523870  6.5
  144.211391  6.5
  263.117894  6.5
  421.900799  6.5
  620.552331  6.5
  28.180123  5
  57.309953  5
  138.249961  5
  257.079599  5
  415.950185  5
  0.255914  5.5
  62.225353  5.5
  138.095490  5.5
  257.080886  5.5
  415.950182  5.5
  21.542460  4
  53.059325  4
  133.137108  4
  252.167489  4
  0.510273  4.5
  55.606219  4.5
  133.092642  4.5
  252.167650  4.5
  15.912452  3
  49.588789  3
  129.214684  3
  0.974361  3.5
  50.637132  3.5
  129.207234  3.5
  11.302825  2
  46.977381  2
  1.770445  2.5
  47.244963  2.5
  7.680980  1
  3.048581  1.5
