  42.163159  10
  42.165595  10
  109.425601  10
  110.745616  10
  146.602654  10
  166.861852  10
  199.660579  10
  238.342057  10
  283.281183  10
  334.217274  10
  0.000000  10.5
  79.005310  10.5
  79.093473  10.5
  130.722814  10.5
  138.637566  10.5
  168.246381  10.5
  199.556284  10.5
  238.346128  10.5
  283.281101  10.5
  334.217275  10.5
  37.680220  9
  37.688349  9
  94.928674  9
  97.761228  9
  126.968634  9
  150.792435  9
  183.903445  9
  223.097835  9
  268.334888  9
  0.000000  9.5
  69.907297  9.5
  70.154907  9.5
  111.312500  9.5
  123.126003  9.5
  151.215968  9.5
  183.882499  9.5
  223.098334  9.5
  268.334884  9.5
  33.188052  8
  33.214297  8
  80.102128  8
  85.342862  8
  110.488613  8
  136.654329  8
  170.156231  8
  209.687745  8
  0.000000  8.5
  60.656316  8.5
  61.303435  8.5
  93.366773  8.5
  109.025573  8.5
  136.753692  8.5
  170.153300  8.5
  209.687777  8.5
  28.672483  7
  28.753568  7
  65.535640  7
  73.807320  7
  97.010707  7
  124.446428  7
  158.276362  7
  0.000000  7.5
  51.134184  7.5
  52.656627  7.5
  77.729456  7.5
  96.591967  7.5
  124.462658  7.5
  158.276145  7.5
  24.098552  6
  24.334027  6
  52.102293  6
  63.480686  6
  86.045884  6
  114.100302  6
  0.000000  6.5
  41.330123  6.5
  44.412078  6.5
  64.939057  6.5
  85.963232  6.5
  114.101709  6.5
  19.398449  5
  20.021128  5
  40.590261  5
  54.635756  5
  77.167662  5
  0.000007  5.5
  31.629536  5.5
  36.840018  5.5
  55.005094  5.5
  77.158980  5.5
  14.521534  4
  15.942077  4
  31.553210  4
  47.441507  4
  0.000102  4.5
  22.781790  4.5
  30.241679  4.5
  47.491063  4.5
  9.663661  3
  12.294430  3
  25.140162  3
  0.001338  3.5
  15.495721  3.5
  24.893422  3.5
  5.413527  2
  9.320787  2
  0.015275  2.5
  10.247192  2.5
  2.367801  1
  0.131877  1.5
