  42.620389  10
  42.624204  10
  110.008032  10
  111.786131  10
  147.197060  10
  169.756487  10
  204.382398  10
  245.296722  10
  292.716269  10
  346.415579  10
  0.000000  10.5
  79.742131  10.5
  79.871415  10.5
  130.738388  10.5
  140.261992  10.5
  170.828185  10.5
  204.308581  10.5
  245.299396  10.5
  292.716219  10.5
  346.415579  10.5
  38.082531  9
  38.094636  9
  95.197767  9
  98.779479  9
  128.167783  9
  154.030114  9
  189.012567  9
  230.389085  9
  278.084539  9
  0.000000  9.5
  70.499688  9.5
  70.844020  9.5
  111.379514  9.5
  124.932607  9.5
  154.351609  9.5
  188.997870  9.5
  230.389411  9.5
  278.084537  9.5
  33.532801  8
  33.569960  8
  80.164026  8
  86.407525  8
  112.262078  8
  140.209069  8
  175.576598  8
  217.262551  8
  0.000000  8.5
  61.075083  8.5
  61.926610  8.5
  93.700494  8.5
  111.064585  8.5
  140.283603  8.5
  175.574554  8.5
  217.262572  8.5
  28.953815  7
  29.062922  7
  65.575969  7
  74.979571  7
  99.212340  7
  128.272363  7
  163.950070  7
  0.000000  7.5
  51.358641  7.5
  53.249415  7.5
  78.453852  7.5
  98.875805  7.5
  128.284449  7.5
  163.949920  7.5
  24.305404  6
  24.606269  6
  52.275531  6
  64.799789  6
  88.537348  6
  118.146945  6
  0.000001  6.5
  41.399928  6.5
  45.017844  6.5
  66.061091  6.5
  88.471603  6.5
  118.147988  6.5
  19.517718  5
  20.272183  5
  40.981215  5
  56.111978  5
  79.859678  5
  0.000012  5.5
  31.654261  5.5
  37.498646  5.5
  56.426349  5.5
  79.852811  5.5
  14.559859  4
  16.192988  4
  32.175699  4
  49.058420  4
  0.000153  4.5
  22.859803  4.5
  30.978199  4.5
  49.100256  4.5
  9.669589  3
  12.564464  3
  25.935275  3
  0.001820  3.5
  15.668405  3.5
  25.712688  3.5
  5.435782  2
  9.619534  2
  0.018816  2.5
  10.512223  2.5
  2.410387  1
  0.148248  1.5
