  72.597730  10
  86.426452  10
  181.102279  10
  291.187116  10
  444.288977  10
  636.235556  10
  866.892993  10
  1136.150379  10
  1443.959868  10
  1790.297374  10
  0.004509  10.5
  118.610722  10.5
  175.585462  10.5
  291.478651  10.5
  444.282099  10.5
  636.235643  10.5
  866.892992  10.5
  1136.150379  10.5
  1443.959868  10.5
  1790.297374  10.5
  62.595070  9
  79.282665  9
  168.540084  9
  280.477482  9
  433.784876  9
  625.875084  9
  856.613557  9
  1125.921831  9
  1433.765366  9
  0.010305  9.5
  103.987193  9.5
  165.209925  9.5
  280.613400  9.5
  433.782409  9.5
  625.875107  9.5
  856.613557  9.5
  1125.921831  9.5
  1433.765366  9.5
  52.951253  8
  72.595041  8
  157.712741  8
  270.958058  8
  424.441958  8
  616.641343  8
  847.442058  8
  1116.789434  8
  0.023215  8.5
  90.819005  8.5
  155.847674  8.5
  271.015136  8.5
  424.441196  8.5
  616.641348  8.5
  847.442058  8.5
  1116.789434  8.5
  43.844805  7
  66.424593  7
  148.488323  7
  262.613467  7
  416.241035  7
  608.522214  7
  839.369837  7
  0.051357  7.5
  79.199944  7.5
  147.537010  7.5
  262.634348  7.5
  416.240845  7.5
  608.522215  7.5
  839.369837  7.5
  35.442288  6
  60.832917  6
  140.736675  6
  255.426500  6
  409.165689  6
  601.507041  6
  0.111023  6.5
  69.202418  6.5
  140.307566  6.5
  255.432793  6.5
  409.165655  6.5
  601.507041  6.5
  27.883207  5
  55.882559  5
  134.342879  5
  249.379710  5
  403.201980  5
  0.233085  5.5
  60.873438  5.5
  134.180209  5.5
  249.381114  5.5
  403.201977  5.5
  21.270392  4
  51.638520  4
  129.214242  4
  244.456729  4
  0.471767  4.5
  54.227400  4.5
  129.167400  4.5
  244.456904  4.5
  15.664608  3
  48.171118  3
  125.281960  3
  0.913514  3.5
  49.237754  3.5
  125.274110  3.5
  11.081501  2
  45.560182  2
  1.680852  2.5
  45.832626  2.5
  7.489809  1
  2.925707  1.5
