  160.259978  10
  480.978863  10
  1248.633514  10
  2395.459833  10
  3925.759477  10
  5838.984054  10
  8135.001180  10
  10813.760728  10
  13875.240334  10
  17319.428790  10
  8.583081  10.5
  493.959357  10.5
  1248.457086  10.5
  2395.460657  10.5
  3925.759475  10.5
  5838.984054  10.5
  8135.001180  10.5
  10813.760728  10.5
  13875.240334  10.5
  17319.428790  10.5
  144.831793  9
  471.850207  9
  1238.558853  9
  2385.660505  9
  3916.056652  9
  5829.329923  9
  8125.374978  9
  10804.152019  9
  13865.643304  9
  10.435668  9.5
  481.364199  9.5
  1238.455797  9.5
  2385.660885  9.5
  3916.056652  9.5
  5829.329923  9.5
  8125.374978  9.5
  10804.152019  9.5
  13865.643304  9.5
  130.372753  8
  463.549133  8
  1229.569267  8
  2376.900527  8
  3907.380045  8
  5820.695302  8
  8116.764423  8
  10795.556533  8
  12.624851  8.5
  470.255549  8.5
  1229.512988  8.5
  2376.900685  8.5
  3907.380045  8.5
  5820.695302  8.5
  8116.764423  8.5
  10795.556533  8.5
  116.875794  7
  456.102705  7
  1221.655653  7
  2369.177297  7
  3899.728032  7
  5813.079094  7
  8109.168726  7
  15.194890  7.5
  460.601314  7.5
  1221.627484  7.5
  2369.177354  7.5
  3899.728032  7.5
  5813.079094  7.5
  8109.168726  7.5
  104.329500  6
  449.539538  6
  1214.810433  6
  2362.488510  6
  3893.099179  6
  5806.480332  6
  18.192089  6.5
  452.366256  6.5
  1214.797903  6.5
  2362.488528  6.5
  3893.099179  6.5
  5806.480332  6.5
  92.718108  5
  443.889911  5
  1209.027431  5
  2356.832165  5
  3887.492247  5
  21.664202  5.5
  445.512511  5.5
  1209.022728  5.5
  2356.832169  5.5
  3887.492247  5.5
  82.021542  4
  439.185856  4
  1204.301752  4
  2352.206563  4
  25.659771  4.5
  440.000167  4.5
  1204.300407  4.5
  2352.206563  4.5
  72.215483  3
  435.461203  3
  1200.629661  3
  30.227441  3.5
  435.787867  3.5
  1200.629437  3.5
  63.271492  2
  432.751579  2
  35.415256  2.5
  432.833413  2.5
  55.157187  1
  41.269987  1.5
