  38.000071  10
  38.000071  10
  102.000149  10
  102.000149  10
  150.000062  10
  150.000062  10
  181.999289  10
  181.999346  10
  197.804100  10
  198.202040  10
  -0.000000  10.5
  72.000123  10.5
  72.000123  10.5
  128.000137  10.5
  128.000137  10.5
  167.999860  10.5
  167.999860  10.5
  191.992441  10.5
  192.002130  10.5
  200.010490  10.5
  34.000063  9
  34.000063  9
  90.000121  9
  90.000121  9
  129.999974  9
  129.999974  9
  153.995152  9
  154.001465  9
  162.006962  9
  -0.000000  9.5
  64.000106  9.5
  64.000106  9.5
  112.000091  9.5
  112.000091  9.5
  143.999616  9.5
  143.999646  9.5
  159.841118  9.5
  160.163084  9.5
  30.000055  8
  30.000055  8
  78.000091  8
  78.000091  8
  109.999828  8
  109.999842  8
  125.874398  8
  126.128376  8
  -0.000000  8.5
  56.000089  8.5
  56.000089  8.5
  96.000035  8.5
  96.000035  8.5
  119.997070  8.5
  120.000972  8.5
  128.004414  8.5
  26.000047  7
  26.000047  7
  66.000057  7
  66.000057  7
  89.998364  7
  90.000617  7
  98.002645  7
  -0.000000  7.5
  48.000071  7.5
  48.000071  7.5
  79.999952  7.5
  79.999958  7.5
  95.903885  7.5
  96.097869  7.5
  22.000039  6
  22.000039  6
  54.000012  6
  54.000015  6
  69.929534  6
  70.071518  6
  0.000000  6.5
  40.000052  6.5
  40.000052  6.5
  63.999182  6.5
  64.000370  6.5
  72.001476  6.5
  18.000030  5
  18.000030  5
  41.999655  5
  42.000205  5
  50.000750  5
  0.000000  5.5
  32.000030  5.5
  32.000030  5.5
  47.951305  5.5
  48.049285  5.5
  14.000021  4
  14.000021  4
  29.969167  4
  30.031135  4
  0.000000  4.5
  23.999892  4.5
  24.000100  4.5
  32.000336  4.5
  9.999983  3
  10.000037  3
  18.000126  3
  0.000000  3.5
  15.983096  3.5
  16.017038  3.5
  5.993094  2
  6.006950  2
  0.000000  2.5
  8.000036  2.5
  2.000006  1
  0.000002  1.5
