  110.248971  10
  229.422988  10
  557.482603  10
  1039.412272  10
  1683.669221  10
  2489.390851  10
  3456.428086  10
  4584.722969  10
  5874.249569  10
  7324.994863  10
  1.145614  10.5
  248.549147  10.5
  556.832755  10.5
  1039.419582  10.5
  1683.669182  10.5
  2489.390851  10.5
  3456.428086  10.5
  4584.722969  10.5
  5874.249569  10.5
  7324.994863  10.5
  96.945601  9
  220.915904  9
  547.105969  9
  1029.472323  9
  1673.849183  9
  2479.632421  9
  3446.705076  9
  4575.022183  9
  5864.563637  9
  1.605799  9.5
  235.075068  9.5
  546.725445  9.5
  1029.475701  9.5
  1673.849169  9.5
  2479.632421  9.5
  3446.705076  9.5
  4575.022183  9.5
  5864.563637  9.5
  84.591568  8
  213.127478  8
  537.894046  8
  1020.597193  8
  1665.074598  8
  2470.909113  8
  3438.011233  8
  4566.346819  8
  2.229395  8.5
  223.200655  8.5
  537.685817  8.5
  1020.598602  8.5
  1665.074594  8.5
  2470.909113  8.5
  3438.011233  8.5
  4566.346819  8.5
  73.206543  7
  206.091501  7
  529.819414  7
  1012.780843  7
  1657.341532  7
  2463.218286  7
  3430.344659  7
  3.063123  7.5
  212.904965  7.5
  529.715017  7.5
  1012.781356  7.5
  1657.341531  7.5
  2463.218286  7.5
  3430.344659  7.5
  62.800149  6
  199.844027  6
  522.859456  6
  1006.017855  6
  1650.646520  6
  2456.557607  6
  4.161864  6.5
  204.156797  6.5
  522.812952  6.5
  1006.018009  6.5
  1650.646520  6.5
  2456.557607  6.5
  53.371751  5
  194.423901  5
  516.995993  5
  1000.303471  5
  1644.986567  5
  5.588105  5.5
  196.915096  5.5
  516.978523  5.5
  1000.303506  5.5
  1644.986567  5.5
  44.910304  4
  189.873297  4
  512.214876  4
  995.633637  4
  7.410705  4.5
  191.129980  4.5
  512.209877  4.5
  995.633641  4.5
  37.394295  3
  186.238197  3
  508.505540  3
  9.703045  3.5
  186.744349  3.5
  508.504706  3.5
  30.791813  2
  183.568754  2
  12.540696  2.5
  183.695917  2.5
  25.060848  1
  15.998870  1.5
