  38.647996  10
  38.647996  10
  103.338404  10
  103.341520  10
  149.888915  10
  150.893357  10
  174.363546  10
  187.909207  10
  208.873580  10
  233.169133  10
  0.000000  10.5
  73.114367  10.5
  73.114434  10.5
  129.162467  10.5
  129.239890  10.5
  163.924262  10.5
  169.495044  10.5
  188.659652  10.5
  208.829163  10.5
  233.170087  10.5
  34.574119  9
  34.574125  9
  91.073318  9
  91.091594  9
  128.137508  9
  131.074289  9
  149.338738  9
  166.174710  9
  187.746487  9
  0.000000  9.5
  64.960180  9.5
  64.960657  9.5
  112.581577  9.5
  112.929854  9.5
  138.182164  9.5
  147.809489  9.5
  166.289500  9.5
  187.743607  9.5
  30.499882  8
  30.499926  8
  78.755093  8
  78.851598  8
  106.225043  8
  112.370834  8
  128.695202  8
  147.245299  8
  0.000000  8.5
  56.801410  8.5
  56.804617  8.5
  95.580421  8.5
  96.854562  8.5
  115.142924  8.5
  128.413713  8.5
  147.253800  8.5
  26.424961  7
  26.425305  7
  66.263355  7
  66.698539  7
  85.843990  7
  95.501451  7
  111.695942  7
  0.000000  7.5
  48.629497  7.5
  48.649378  7.5
  78.059950  7.5
  81.446084  7.5
  96.142075  7.5
  111.671558  7.5
  22.348117  6
  22.350641  6
  53.364714  6
  54.875257  6
  68.668918  6
  81.015151  6
  0.000000  6.5
  40.408313  6.5
  40.517793  6.5
  61.035083  6.5
  67.360644  6.5
  81.082394  6.5
  18.263101  5
  18.280121  5
  40.300901  5
  43.878700  5
  55.433737  5
  0.000000  5.5
  32.013595  5.5
  32.510425  5.5
  46.191794  5.5
  55.258602  5.5
  14.138713  4
  14.239362  4
  28.417485  4
  34.365183  4
  0.000000  4.5
  23.314457  4.5
  24.918318  4.5
  34.782252  4.5
  9.872474  3
  10.338348  3
  19.130440  3
  0.000005  3.5
  14.962011  3.5
  18.269959  3.5
  5.524730  2
  6.879304  2
  0.000372  2.5
  8.330805  2.5
  2.054975  1
  0.018546  1.5
