  59.286006  10
  61.336707  10
  129.954263  10
  174.996104  10
  249.209204  10
  342.087696  10
  454.180845  10
  585.233397  10
  735.160993  10
  903.920905  10
  0.000037  10.5
  99.512164  10.5
  115.979357  10.5
  176.920437  10.5
  249.105043  10.5
  342.090600  10.5
  454.180799  10.5
  585.233398  10.5
  735.160993  10.5
  903.920905  10.5
  52.023325  9
  55.153343  9
  114.730022  9
  163.345692  9
  237.622729  9
  330.817015  9
  443.067171  9
  574.218291  9
  724.211648  9
  0.000133  9.5
  85.448819  9.5
  105.632431  9.5
  164.271886  9.5
  237.584921  9.5
  330.817795  9.5
  443.067163  9.5
  574.218291  9.5
  724.211648  9.5
  44.626986  8
  49.208745  8
  101.547234  8
  152.970864  8
  227.401940  8
  320.815984  8
  433.182900  8
  564.407256  8
  0.000473  8.5
  72.274491  8.5
  96.111966  8.5
  153.368596  8.5
  227.390165  8.5
  320.816153  8.5
  433.182899  8.5
  564.407256  8.5
  37.197352  7
  43.582224  7
  90.436864  7
  143.885170  7
  218.490160  7
  312.056642  7
  424.508004  7
  0.001648  7.5
  60.265634  7.5
  87.520669  7.5
  144.032933  7.5
  218.487190  7.5
  312.056668  7.5
  424.508004  7.5
  29.929648  6
  38.362347  6
  81.311822  6
  136.083292  6
  210.843535  6
  304.514380  6
  0.005604  6.5
  49.648281  6.5
  79.948040  6.5
  136.128292  6.5
  210.842992  6.5
  304.514382  6.5
  23.086854  5
  33.642975  5
  73.996326  5
  129.546459  5
  204.427391  5
  0.018443  5.5
  40.599572  5.5
  73.466896  5.5
  129.556564  5.5
  204.427336  5.5
  16.939366  4
  29.520033  4
  68.285643  4
  124.248589  4
  0.057944  4.5
  33.249944  4.5
  68.130927  4.5
  124.249861  4.5
  11.707191  3
  26.091145  3
  63.999836  3
  0.170465  3.5
  27.675312  3.5
  63.973679  3.5
  7.525497  2
  23.460403  2
  0.458491  2.5
  23.874931  2.5
  4.429086  1
  1.102847  1.5
