  60.618877  10
  63.229376  10
  133.027165  10
  183.014375  10
  262.821169  10
  362.823258  10
  483.409170  10
  624.352176  10
  785.573239  10
  967.032436  10
  0.000066  10.5
  100.917862  10.5
  120.154255  10.5
  184.607853  10.5
  262.742400  10.5
  362.825279  10.5
  483.409141  10.5
  624.352176  10.5
  785.573239  10.5
  967.032436  10.5
  53.073333  9
  56.937621  9
  118.078934  9
  171.479496  9
  251.394245  9
  351.682158  9
  472.413831  9
  613.448294  9
  774.730410  9
  0.000226  9.5
  86.710595  9.5
  109.786958  9.5
  172.241717  9.5
  251.365716  9.5
  351.682701  9.5
  472.413825  9.5
  613.448294  9.5
  774.730410  9.5
  45.418697  8
  50.908584  8
  105.179914  8
  161.215993  8
  241.300606  8
  341.790085  8
  462.630416  8
  603.733043  8
  0.000758  8.5
  73.484837  8.5
  100.275194  8.5
  161.541926  8.5
  241.291735  8.5
  341.790202  8.5
  462.630416  8.5
  603.733043  8.5
  37.780226  7
  45.221100  7
  94.322539  7
  152.230490  7
  232.490596  7
  333.121405  7
  454.040607  7
  0.002496  7.5
  61.489113  7.5
  91.713153  7.5
  152.351236  7.5
  232.488361  7.5
  333.121423  7.5
  454.040607  7.5
  30.367542  6
  39.961396  6
  85.394483  6
  144.513714  6
  224.925149  6
  325.653587  6
  0.008028  6.5
  50.925319  6.5
  84.181856  6.5
  144.550418  6.5
  224.924740  6.5
  325.653589  6.5
  23.439470  5
  35.219614  5
  78.215124  5
  138.045549  5
  218.572977  5
  0.024989  5.5
  41.951427  5.5
  77.746336  5.5
  138.053781  5.5
  218.572936  5.5
  17.247978  4
  31.087395  4
  72.590405  4
  132.800453  4
  0.074297  4.5
  34.682079  4.5
  72.453754  4.5
  132.801488  4.5
  11.990775  3
  27.658348  3
  68.355909  3
  0.207231  3.5
  29.179002  3.5
  68.332840  3.5
  7.784626  2
  25.033185  2
  0.530739  2.5
  25.429766  2.5
  4.653242  1
  1.224589  1.5
