  43.750501  10
  43.760213  10
  111.251709  10
  114.475222  10
  149.553015  10
  177.418396  10
  216.550008  10
  262.825951  10
  316.249345  10
  376.649781  10
  0.000000  10.5
  81.521159  10.5
  81.806214  10.5
  130.999357  10.5
  144.630821  10.5
  178.011950  10.5
  216.516050  10.5
  262.826998  10.5
  316.249329  10.5
  376.649781  10.5
  39.074305  9
  39.102057  9
  95.766601  9
  101.458360  9
  131.888895  9
  162.421500  9
  201.950409  9
  248.600225  9
  302.256591  9
  0.000000  9.5
  71.897704  9.5
  72.575980  9.5
  111.962708  9.5
  129.742851  9.5
  162.593775  9.5
  201.943750  9.5
  248.600352  9.5
  302.256590  9.5
  34.377886  8
  34.454540  8
  80.391065  8
  89.223784  8
  117.149138  8
  149.255579  8
  189.141712  8
  236.049553  8
  0.000000  8.5
  62.026898  8.5
  63.517665  8.5
  95.001196  8.5
  116.394451  8.5
  149.294705  8.5
  189.140796  8.5
  236.049561  8.5
  29.635316  7
  29.837605  7
  65.865209  7
  78.053009  7
  104.932770  7
  137.871959  7
  178.029045  7
  0.000000  7.5
  51.854911  7.5
  54.785643  7.5
  80.659126  7.5
  104.727298  7.5
  137.878221  7.5
  178.028978  7.5
  24.795555  6
  25.295817  6
  52.919043  6
  68.198552  6
  94.827495  6
  128.195283  6
  0.000003  6.5
  41.587660  6.5
  46.594627  6.5
  69.102071  6.5
  94.788075  6.5
  128.195819  6.5
  19.793153  5
  20.915359  5
  42.126342  5
  59.844307  5
  86.552420  5
  0.000034  5.5
  31.786929  5.5
  39.196919  5.5
  60.063114  5.5
  86.548345  5.5
  14.655775  4
  16.836583  4
  33.817888  4
  53.082013  4
  0.000359  4.5
  23.127501  4.5
  32.844698  4.5
  53.110707  4.5
  9.703862  3
  13.248239  3
  27.929505  3
  0.003466  3.5
  16.143700  3.5
  27.752696  3.5
  5.505309  2
  10.362149  2
  0.029172  2.5
  11.183789  2.5
  2.517645  1
  0.190397  1.5
