  260.443630  10
  1066.739560  10
  2870.347854  10
  5574.520621  10
  9181.133284  10
  13689.727530  10
  19100.178605  10
  25412.439559  10
  32626.489488  10
  40742.317929  10
  39.179038  10.5
  1075.359236  10.5
  2870.299249  10.5
  5574.520717  10.5
  9181.133283  10.5
  13689.727530  10.5
  19100.178605  10.5
  25412.439559  10.5
  32626.489488  10.5
  40742.317929  10.5
  241.681780  9
  1057.132378  9
  2860.382241  9
  5564.779799  9
  9171.478979  9
  13680.116647  9
  19090.592580  9
  25402.869086  9
  32616.929391  9
  43.996386  9.5
  1063.422013  9.5
  2860.353872  9.5
  5564.779843  9.5
  9171.478979  9.5
  13680.116647  9.5
  19090.592580  9.5
  25402.869086  9.5
  32616.929391  9.5
  223.849162  8
  1048.440060  8
  2851.474510  8
  5556.067649  8
  9162.842967  8
  13671.518820  8
  19082.016606  8
  25394.306782  8
  49.294083  8.5
  1052.855860  8.5
  2851.459029  8.5
  5556.067667  8.5
  9162.842967  8.5
  13671.518820  8.5
  19082.016606  8.5
  25394.306782  8.5
  206.932846  7
  1040.683340  7
  2843.621459  7
  5548.383063  7
  9155.224566  7
  13663.933589  7
  19074.450351  7
  55.103617  7.5
  1043.634907  7.5
  2843.613715  7.5
  5548.383070  7.5
  9155.224566  7.5
  13663.933589  7.5
  19074.450351  7.5
  190.918103  6
  1033.883711  6
  2836.820384  6
  5541.725066  6
  9148.623170  6
  13657.360545  6
  61.456579  6.5
  1035.732620  6.5
  2836.816941  6.5
  5541.725068  6.5
  9148.623170  6.5
  13657.360545  6.5
  175.788435  5
  1028.063431  5
  2831.069050  5
  5536.092809  5
  9143.038258  5
  68.384469  5.5
  1029.121974  5.5
  2831.067758  5.5
  5536.092810  5.5
  9143.038258  5.5
  161.525607  4
  1023.245512  4
  2826.365653  4
  5531.485577  4
  75.918505  4.5
  1023.775613  4.5
  2826.365284  4.5
  5531.485577  4.5
  148.109700  3
  1019.453716  3
  2822.708791  3
  84.089435  3.5
  1019.666015  3.5
  2822.708730  3.5
  135.519166  2
  1016.712517  2
  92.927360  2.5
  1016.765638  2.5
  123.730905  1
  102.461563  1.5
