  529.685351  10
  2868.701713  10
  7871.461105  10
  15376.914301  10
  25385.180196  10
  37895.830791  10
  52908.744980  10
  70423.877294  10
  90441.207510  10
  112960.725510  10
  170.555191  10.5
  2873.923223  10.5
  7871.450607  10.5
  15376.914309  10.5
  25385.180196  10.5
  37895.830791  10.5
  52908.744980  10.5
  70423.877294  10.5
  90441.207510  10.5
  112960.725510  10.5
  504.213720  9
  2858.691418  9
  7861.541696  9
  15367.200948  9
  25375.548654  9
  37886.240210  9
  52899.177823  9
  70414.324783  9
  90431.664764  9
  181.890633  9.5
  2862.493401  9.5
  7861.535571  9.5
  15367.200952  9.5
  25375.548654  9.5
  37886.240210  9.5
  52899.177823  9.5
  70414.324783  9.5
  90431.664764  9.5
  479.615091  8
  2849.672574  8
  7852.669227  8
  15358.511248  8
  25366.931694  8
  37877.659662  8
  52890.618093  8
  70405.778068  8
  193.818898  8.5
  2852.336796  8.5
  7852.665886  8.5
  15358.511250  8.5
  25366.931694  8.5
  37877.659662  8.5
  52890.618093  8.5
  70405.778068  8.5
  455.878134  7
  2841.659148  7
  7844.842717  7
  15350.844803  7
  25359.329073  7
  37870.088980  7
  52883.065671  7
  206.358590  7.5
  2843.436964  7.5
  7844.841046  7.5
  15350.844803  7.5
  25359.329073  7.5
  37870.088980  7.5
  52883.065671  7.5
  432.990915  6
  2834.665373  6
  7838.061322  6
  15344.201260  6
  25352.740572  6
  37863.528018  6
  219.528135  6.5
  2835.777412  6.5
  7838.060580  6.5
  15344.201260  6.5
  25352.740572  6.5
  37863.528018  6.5
  410.940913  5
  2828.705744  5
  7832.324338  5
  15338.580316  5
  25347.166004  5
  233.345733  5.5
  2829.341632  5.5
  7832.324060  5.5
  15338.580316  5.5
  25347.166004  5.5
  389.715030  4
  2823.795006  4
  7827.631185  4
  15333.981713  4
  247.829331  4.5
  2824.113129  4.5
  7827.631105  4.5
  15333.981713  4.5
  369.299611  3
  2819.948150  3
  7823.981405  3
  262.996577  3.5
  2820.075455  3.5
  7823.981391  3.5
  349.680457  2
  2817.180398  2
  278.864793  2.5
  2817.212234  2.5
  330.842851  1
  295.450937  1.5
