  816.056256  10
  4945.463319  10
  13638.604228  10
  26680.562076  10
  44070.823513  10
  65808.966104  10
  91894.869616  10
  122328.488930  10
  157109.803987  10
  196238.804753  10
  345.686132  10.5
  4949.433041  10.5
  13638.599647  10.5
  26680.562078  10.5
  44070.823513  10.5
  65808.966104  10.5
  91894.869616  10.5
  122328.488930  10.5
  157109.803987  10.5
  196238.804753  10.5
  785.104641  9
  4935.297127  9
  13628.695146  9
  26670.855279  9
  44061.197404  9
  65799.380370  9
  91885.306964  9
  122318.940708  9
  157100.265386  9
  362.453784  9.5
  4938.186173  9.5
  13628.692473  9.5
  26670.855280  9.5
  44061.197404  9.5
  65799.380370  9.5
  91885.306964  9.5
  122318.940708  9.5
  157100.265386  9.5
  755.000329  8
  4926.152680  8
  13619.830650  8
  26662.170938  8
  44052.584993  8
  65790.803948  8
  91876.751113  8
  122310.397717  8
  379.854232  8.5
  4928.176250  8.5
  13619.829192  8.5
  26662.170938  8.5
  44052.584993  8.5
  65790.803948  8.5
  91876.751113  8.5
  122310.397717  8.5
  725.733802  7
  4918.040980  7
  13612.010209  7
  26654.508822  7
  44044.986139  7
  65783.236740  7
  91869.201994  7
  397.901269  7.5
  4919.390755  7.5
  13612.009479  7.5
  26654.508822  7.5
  44044.986139  7.5
  65783.236740  7.5
  91869.201994  7.5
  697.295209  6
  4910.973171  6
  13605.233365  6
  26647.868731  6
  44038.400717  6
  65776.678664  6
  416.608541  6.5
  4911.817176  6.5
  13605.233041  6.5
  26647.868731  6.5
  44038.400717  6.5
  65776.678664  6.5
  669.674378  5
  4904.960543  5
  13599.499734  5
  26642.250488  5
  44032.828620  5
  435.989530  5.5
  4905.443022  5.5
  13599.499613  5.5
  26642.250488  5.5
  44032.828620  5.5
  642.860816  4
  4900.014520  4
  13594.808996  4
  26637.653946  4
  456.057541  4.5
  4900.255838  4.5
  13594.808961  4.5
  26637.653946  4.5
  616.843725  3
  4896.146660  3
  13591.160896  3
  476.825686  3.5
  4896.243211  3.5
  13591.160890  3.5
  591.612005  2
  4893.368646  2
  498.306867  2.5
  4893.392788  2.5
  567.154264  1
  520.513766  1.5
