  39.546709  10
  39.546740  10
  105.123538  10
  105.182163  10
  148.091170  10
  153.505601  10
  176.733708  10
  200.037935  10
  228.940533  10
  262.122237  10
  0.000000  10.5
  74.648924  10.5
  74.650960  10.5
  130.271371  10.5
  131.120961  10.5
  160.694774  10.5
  175.368856  10.5
  200.144312  10.5
  228.936673  10.5
  262.122292  10.5
  35.369822  9
  35.369994  9
  92.413337  9
  92.632927  9
  125.485987  9
  134.768882  9
  156.488439  9
  181.342906  9
  210.778768  9
  0.000000  9.5
  66.275298  9.5
  66.284697  9.5
  112.468850  9.5
  114.765327  9.5
  137.768702  9.5
  156.168547  9.5
  181.357013  9.5
  210.778536  9.5
  31.191753  8
  31.192658  8
  79.470325  8
  80.198842  8
  104.612085  8
  117.782529  8
  139.395999  8
  165.036937  8
  0.000000  8.5
  57.880276  8.5
  57.921076  8.5
  94.218193  8.5
  99.126610  8.5
  118.653311  8.5
  139.346797  8.5
  165.037895  8.5
  27.010783  7
  27.015331  7
  66.095845  7
  68.097963  7
  86.759071  7
  102.928445  7
  124.900946  7
  0.000000  7.5
  49.422867  7.5
  49.585366  7.5
  76.487224  7.5
  84.716621  7.5
  103.089370  7.5
  124.897089  7.5
  22.820497  6
  22.842089  6
  52.477234  6
  56.713223  6
  72.510806  6
  90.356832  6
  0.000000  6.5
  40.793378  6.5
  41.361189  6.5
  60.639291  6.5
  72.032304  6.5
  90.371792  6.5
  18.597147  5
  18.691313  5
  39.619870  5
  46.534995  5
  61.462546  5
  0.000000  5.5
  31.850427  5.5
  33.453531  5.5
  47.758766  5.5
  61.407542  5.5
  14.269887  4
  14.627422  4
  28.733202  4
  38.021294  4
  0.000002  4.5
  22.872211  4.5
  26.223821  4.5
  38.207286  4.5
  9.759131  3
  10.818845  3
  20.668357  3
  0.000071  3.5
  14.859964  3.5
  20.124935  3.5
  5.406258  2
  7.571049  2
  0.002113  2.5
  8.800952  2.5
  2.132579  1
  0.045458  1.5
