  1445.428270  10
  9758.248289  10
  27005.926821  10
  52880.545062  10
  87381.013906  10
  130506.914122  10
  182258.126063  10
  242634.604849  10
  311636.330527  10
  389263.293119  10
  785.788483  10.5
  9761.070765  10.5
  27005.925181  10.5
  52880.545062  10.5
  87381.013906  10.5
  130506.914122  10.5
  182258.126063  10.5
  242634.604849  10.5
  311636.330527  10.5
  389263.293119  10.5
  1405.094871  9
  9747.935626  9
  26996.024454  9
  52870.842670  9
  87371.391448  9
  130497.331646  9
  182248.566440  9
  242625.059510  9
  311626.794711  9
  811.905354  9.5
  9749.989042  9.5
  26996.023498  9.5
  52870.842670  9.5
  87371.391448  9.5
  130497.331646  9.5
  182248.566440  9.5
  242625.059510  9.5
  311626.794711  9.5
  1365.583029  8
  9738.673457  8
  26987.165172  8
  52862.161929  8
  87362.782093  8
  130488.757996  8
  182240.013196  8
  242616.519021  8
  838.690555  8.5
  9740.111292  8.5
  26987.164651  8.5
  52862.161930  8.5
  87362.782093  8.5
  130488.757996  8.5
  182240.013196  8.5
  242616.519021  8.5
  1326.885420  7
  9730.469842  7
  26979.348725  7
  52854.502724  7
  87355.185771  7
  130481.193123  7
  182232.466297  7
  866.153598  7.5
  9731.428659  7.5
  26979.348464  7.5
  52854.502724  7.5
  87355.185771  7.5
  130481.193123  7.5
  182232.466297  7.5
  1288.994557  6
  9723.332904  6
  26972.574893  6
  52847.864951  6
  87348.602418  6
  130474.636986  6
  894.303901  6.5
  9723.932306  6.5
  26972.574777  6.5
  52847.864951  6.5
  87348.602418  6.5
  130474.636986  6.5
  1251.902802  5
  9717.270838  5
  26966.843492  5
  52842.248524  5
  87343.031982  5
  923.150787  5.5
  9717.613422  5.5
  26966.843448  5.5
  52842.248524  5.5
  87343.031982  5.5
  1215.602362  4
  9712.291899  4
  26962.154366  4
  52837.653366  4
  952.703474  4.5
  9712.463219  4.5
  26962.154354  4.5
  52837.653366  4.5
  1180.085294  3
  9708.404408  3
  26958.507393  3
  982.971074  3.5
  9708.472944  3.5
  26958.507391  3.5
  1145.343511  2
  9705.616742  2
  1013.962585  2.5
  9705.633878  2.5
  1111.368783  1
  1045.686888  1.5
