  80.440803  10
  109.104562  10
  236.699161  10
  405.123830  10
  633.706300  10
  919.962267  10
  1263.721170  10
  1664.897599  10
  2123.453653  10
  2639.370250  10
  0.031547  10.5
  137.518438  10.5
  233.617894  10.5
  405.227032  10.5
  633.704708  10.5
  919.962280  10.5
  1263.721170  10.5
  1664.897599  10.5
  2123.453653  10.5
  2639.370250  10.5
  69.292262  9
  101.527123  9
  225.141344  9
  394.742468  9
  623.505975  9
  909.867487  9
  1253.686801  9
  1654.901184  9
  2113.482635  9
  0.060284  9.5
  123.062975  9.5
  223.312635  9.5
  394.790347  9.5
  623.505405  9.5
  909.867490  9.5
  1253.686801  9.5
  1654.901184  9.5
  2113.482635  9.5
  58.783607  8
  94.497352  8
  215.069513  8
  385.501698  8
  614.414580  8
  900.858701  8
  1244.725454  8
  1645.969643  8
  0.113588  8.5
  110.178630  8.5
  214.058376  8.5
  385.521731  8.5
  614.414404  8.5
  900.858702  8.5
  1244.725454  8.5
  1645.969643  8.5
  49.036605  7
  88.064698  7
  206.385646  7
  377.387604  7
  606.420173  7
  892.928085  7
  1236.831528  7
  0.210393  7.5
  98.912091  7.5
  205.874684  7.5
  377.394913  7.5
  606.420129  7.5
  892.928085  7.5
  1236.831528  7.5
  40.151846  6
  82.279593  6
  199.004480  6
  370.386552  6
  599.512364  6
  886.068752  6
  0.381710  6.5
  89.291490  6.5
  198.775514  6.5
  370.388750  6.5
  599.512356  6.5
  886.068752  6.5
  32.204735  5
  77.194520  5
  192.855921  5
  364.485817  5
  593.682232  5
  0.675615  5.5
  81.322043  5.5
  192.769518  5.5
  364.486307  5.5
  593.682231  5.5
  25.243036  4
  72.865685  4
  187.885392  4
  359.674075  4
  1.161803  4.5
  74.981651  4.5
  187.860589  4.5
  359.674137  4.5
  19.285317  3
  69.355251  3
  184.052846  3
  1.933697  3.5
  70.218511  3.5
  184.048698  3.5
  14.319896  2
  66.733938  2
  3.105993  2.5
  66.952836  2.5
  10.304384  1
  4.806882  1.5
