  88.972541  10
  139.382457  10
  315.238306  10
  561.918299  10
  893.590683  10
  1308.655449  10
  1806.944855  10
  2388.387354  10
  3052.950958  10
  3800.619570  10
  0.140176  10.5
  164.308271  10.5
  313.470859  10.5
  561.957941  10.5
  893.590268  10.5
  1308.655451  10.5
  1806.944855  10.5
  2388.387354  10.5
  3052.950958  10.5
  3800.619570  10.5
  76.987157  9
  131.444924  9
  304.282632  9
  551.748792  9
  883.575894  9
  1298.724335  9
  1797.061834  9
  2378.534542  9
  3043.118356  9
  0.234382  9.5
  150.149133  9.5
  303.241704  9.5
  551.767143  9.5
  883.575746  9.5
  1298.724336  9.5
  1797.061834  9.5
  2378.534542  9.5
  3043.118356  9.5
  65.812459  8
  124.124510  8
  294.650027  8
  542.684519  8
  874.638840  8
  1289.854363  8
  1788.230447  8
  2369.727387  8
  0.386838  8.5
  137.606903  8.5
  294.077822  8.5
  542.692184  8.5
  874.638794  8.5
  1289.854364  8.5
  1788.230447  8.5
  2369.727387  8.5
  55.521345  7
  117.463037  7
  286.276450  7
  534.714662  7
  866.771599  7
  1282.040266  7
  1780.446919  7
  0.628857  7.5
  126.696305  7.5
  285.988550  7.5
  534.717455  7.5
  866.771588  7.5
  1282.040266  7.5
  1780.446919  7.5
  46.168941  6
  111.504090  6
  279.108366  6
  527.829151  6
  859.967233  6
  1275.277405  6
  1.004592  6.5
  117.415338  6.5
  278.979769  6.5
  527.829990  6.5
  859.967231  6.5
  1275.277405  6.5
  37.791426  5
  106.294053  5
  273.102666  5
  522.018918  5
  854.219756  5
  1.573371  5.5
  109.742953  5.5
  273.054251  5.5
  522.019105  5.5
  854.219756  5.5
  30.405225  4
  101.883396  4
  268.226024  4
  517.276082  4
  2.410673  4.5
  103.637892  4.5
  268.212150  4.5
  517.276105  4.5
  24.006396  3
  98.328134  3
  264.453925  3
  3.606927  3.5
  99.039490  3.5
  264.451607  3.5
  18.570276  2
  95.691269  2
  5.263754  2.5
  95.870837  2.5
  14.051545  1
  7.488068  1.5
