  45.435047  10
  45.463746  10
  112.734515  10
  118.825924  10
  154.981001  10
  189.988304  10
  235.830438  10
  289.935509  10
  352.193887  10
  422.478445  10
  0.000000  10.5
  84.041960  10.5
  84.743073  10.5
  132.142288  10.5
  152.001960  10.5
  190.258689  10.5
  235.818012  10.5
  289.935824  10.5
  352.193883  10.5
  422.478445  10.5
  40.544183  9
  40.616754  9
  96.564306  9
  105.876057  9
  138.934551  9
  175.838504  9
  222.064256  9
  276.462450  9
  338.909278  9
  0.000000  9.5
  73.797591  9.5
  75.254449  9.5
  113.862402  9.5
  137.720038  9.5
  175.914826  9.5
  222.061853  9.5
  276.462488  9.5
  338.909277  9.5
  35.615913  8
  35.793107  8
  81.013830  8
  93.875486  8
  125.426645  8
  163.409515  8
  209.944305  8
  264.549733  8
  0.000000  8.5
  63.255950  8.5
  66.036079  8.5
  97.995632  8.5
  125.018476  8.5
  163.426539  8.5
  209.943977  8.5
  264.549735  8.5
  30.611857  7
  31.024399  7
  66.753961  7
  83.056500  7
  114.070583  7
  152.640107  7
  199.400143  7
  0.000002  7.5
  52.508008  7.5
  57.261572  7.5
  84.805708  7.5
  113.962462  7.5
  152.642800  7.5
  199.400119  7.5
  25.473533  6
  26.370931  6
  54.352115  6
  73.606135  6
  104.569893  6
  143.460924  6
  0.000014  6.5
  41.942631  6.5
  49.142578  6.5
  74.186063  6.5
  104.549483  6.5
  143.461153  6.5
  20.165226  5
  21.933317  5
  44.216118  5
  65.643323  5
  96.734644  5
  0.000119  5.5
  32.149575  5.5
  41.903896  5.5
  65.780144  5.5
  96.732554  5.5
  14.808990  4
  17.855504  4
  36.494841  4
  59.211653  4
  0.000972  4.5
  23.684931  4.5
  35.754656  4.5
  59.229356  4.5
  9.796700  3
  14.312866  3
  30.995191  3
  0.007370  3.5
  16.957895  3.5
  30.863688  3.5
  5.637935  2
  11.492149  2
  0.048924  2.5
  12.230624  2.5
  2.683116  1
  0.257847  1.5
