  38.005772  10
  38.005772  10
  102.012049  10
  102.012049  10
  150.005045  10
  150.005055  10
  181.923742  10
  181.964406  10
  196.478285  10
  200.020436  10
  0.000000  10.5
  72.009952  10.5
  72.009952  10.5
  128.011106  10.5
  128.011106  10.5
  167.988142  10.5
  167.989040  10.5
  191.445962  10.5
  192.172181  10.5
  200.791929  10.5
  34.005115  9
  34.005115  9
  90.009789  9
  90.009789  9
  129.997683  9
  129.998049  9
  153.633424  9
  154.118531  9
  162.537970  9
  0.000000  9.5
  64.008586  9.5
  64.008586  9.5
  112.007365  9.5
  112.007368  9.5
  143.959223  9.5
  143.980441  9.5
  158.731776  9.5
  161.609203  9.5
  30.004455  8
  30.004455  8
  78.007369  8
  78.007370  8
  109.981450  8
  109.991606  8
  124.974309  8
  127.250637  8
  0.000000  8.5
  56.007193  8.5
  56.007193  8.5
  96.002776  8.5
  96.002907  8.5
  119.773096  8.5
  120.078689  8.5
  128.347206  8.5
  26.003791  7
  26.003791  7
  66.004611  7
  66.004650  7
  89.871061  7
  90.049968  7
  98.210706  7
  -0.000000  7.5
  48.005751  7.5
  48.005751  7.5
  79.994149  7.5
  79.998491  7.5
  95.200089  7.5
  96.942079  7.5
  22.003119  6
  22.003119  6
  54.000290  6
  54.001878  6
  69.404325  6
  70.680920  6
  -0.000000  6.5
  40.004207  6.5
  40.004216  6.5
  63.934790  6.5
  64.029969  6.5
  72.118525  6.5
  18.002429  5
  18.002431  5
  41.972288  5
  42.016604  5
  50.060527  5
  0.000000  5.5
  32.002199  5.5
  32.002658  5.5
  47.583115  5.5
  48.464687  5.5
  14.001658  4
  14.001744  4
  29.733354  4
  30.291112  4
  0.000000  4.5
  23.991292  4.5
  24.008095  4.5
  32.027186  4.5
  9.998639  3
  10.002984  3
  18.010205  3
  0.000000  3.5
  15.852658  3.5
  16.158198  3.5
  5.939412  2
  6.064152  2
  0.000000  2.5
  8.002916  2.5
  2.000486  1
  0.000162  1.5
