  66.291989  10
  72.631923  10
  150.650741  10
  225.126504  10
  333.834907  10
  470.239489  10
  634.347496  10
  826.007258  10
  1045.157672  10
  1291.767989  10
  0.000598  10.5
  107.888260  10.5
  141.847281  10.5
  225.838377  10.5
  333.810421  10.5
  470.239935  10.5
  634.347491  10.5
  826.007258  10.5
  1045.157672  10.5
  1291.767989  10.5
  57.522628  9
  65.909915  9
  136.906389  9
  214.031500  9
  322.936786  9
  459.539981  9
  623.756428  9
  815.484225  9
  1034.680126  9
  0.001651  9.5
  93.329838  9.5
  131.445678  9.5
  214.366342  9.5
  322.927972  9.5
  459.540101  9.5
  623.756427  9.5
  815.484225  9.5
  1034.680126  9.5
  48.831779  8
  59.548680  8
  125.119255  8
  204.174039  8
  313.270474  8
  450.019869  8
  614.318195  8
  806.097399  8
  0.004495  8.5
  80.041596  8.5
  121.994259  8.5
  204.315558  8.5
  313.267746  8.5
  450.019895  8.5
  614.318195  8.5
  806.097399  8.5
  40.408843  7
  53.620286  7
  115.175742  7
  195.543700  7
  304.805636  7
  441.661306  7
  606.020072  7
  0.012016  7.5
  68.179872  7.5
  113.556175  7.5
  195.595710  7.5
  304.804951  7.5
  441.661310  7.5
  606.020072  7.5
  32.470289  6
  48.199077  6
  106.921765  6
  188.123270  6
  297.517116  6
  434.448620  6
  0.031361  6.5
  57.870666  6.5
  106.183093  6.5
  188.138995  6.5
  297.516991  6.5
  434.448620  6.5
  25.225256  5
  43.360392  5
  100.196244  5
  181.891933  5
  291.383998  5
  0.079290  5.5
  49.209598  5.5
  99.914161  5.5
  181.895447  5.5
  291.383985  5.5
  18.846908  4
  39.180775  4
  94.857270  4
  176.828172  4
  0.192173  4.5
  42.256406  4.5
  94.775658  4.5
  176.828613  4.5
  13.454779  3
  35.740463  3
  90.795272  3
  0.440865  3.5
  37.022888  3.5
  90.781555  3.5
  9.105762  2
  33.128710  2
  0.945046  2.5
  33.459288  2.5
  5.789475  1
  1.874406  1.5
