  38.458492  10
  38.458492  10
  102.950333  10
  102.951282  10
  150.079729  10
  150.544179  10
  175.239721  10
  185.608279  10
  204.351417  10
  225.974935  10
  -0.000000  10.5
  72.789104  10.5
  72.789121  10.5
  128.845606  10.5
  128.874199  10.5
  165.224761  10.5
  168.668253  10.5
  186.935929  10.5
  204.254878  10.5
  225.977358  10.5
  34.406251  9
  34.406252  9
  90.766131  9
  90.772769  9
  128.861049  9
  130.554826  9
  148.642830  9
  162.787138  9
  182.045693  9
  0.000000  9.5
  64.680232  9.5
  64.680376  9.5
  112.472702  9.5
  112.627567  9.5
  139.214041  9.5
  146.288118  9.5
  163.008862  9.5
  182.039156  9.5
  30.353765  8
  30.353779  8
  78.552688  8
  78.594571  8
  107.100615  8
  111.418996  8
  126.504119  8
  142.857505  8
  0.000000  8.5
  56.568565  8.5
  56.569717  8.5
  95.820242  8.5
  96.512894  8.5
  115.161089  8.5
  126.022665  8.5
  142.874748  8.5
  26.300847  7
  26.300970  7
  66.234033  7
  66.461277  7
  86.210189  7
  93.911354  7
  108.470046  7
  0.000000  7.5
  48.449519  7.5
  48.458018  7.5
  78.617260  7.5
  80.880430  7.5
  94.877253  7.5
  108.425882  7.5
  22.246831  6
  22.247900  6
  53.593052  6
  54.553741  6
  68.117259  6
  78.734736  6
  0.000000  6.5
  40.301750  6.5
  40.357595  6.5
  61.458045  6.5
  66.378153  6.5
  78.843385  6.5
  18.188151  5
  18.196723  5
  40.615843  5
  43.326199  5
  54.016088  5
  0.000000  5.5
  32.033865  5.5
  32.338159  5.5
  46.078059  5.5
  53.764096  5.5
  14.103895  4
  14.164259  4
  28.484275  4
  33.477292  4
  0.000000  4.5
  23.467879  4.5
  24.647778  4.5
  34.011004  4.5
  9.904969  3
  10.238701  3
  18.802558  3
  0.000002  3.5
  15.051985  3.5
  17.816946  3.5
  5.576922  2
  6.708152  2
  0.000186  2.5
  8.233358  2.5
  2.038813  1
  0.013048  1.5
