  44.977360  10
  44.999346  10
  112.361860  10
  117.601225  10
  153.311347  10
  186.448246  10
  230.463717  10
  282.446204  10
  342.304020  10
  409.900877  10
  0.000000  10.5
  83.374013  10.5
  83.937098  10.5
  131.736210  10.5
  149.902857  10.5
  186.779783  10.5
  230.447625  10.5
  282.446632  10.5
  342.304014  10.5
  409.900877  10.5
  40.145957  9
  40.203255  9
  96.340172  9
  104.625911  9
  136.874175  9
  172.091591  9
  216.498423  9
  268.792164  9
  328.848848  9
  0.000000  9.5
  73.303252  9.5
  74.513624  9.5
  113.231332  9.5
  135.463604  9.5
  172.185737  9.5
  216.495301  9.5
  268.792215  9.5
  328.848848  9.5
  35.282348  8
  35.426576  8
  80.807069  8
  92.560105  8
  123.078527  8
  159.484474  8
  204.213127  8
  256.725815  8
  0.000000  8.5
  62.941275  8.5
  65.333531  8.5
  97.071278  8.5
  122.599808  8.5
  159.505556  8.5
  204.212700  8.5
  256.725818  8.5
  30.351339  7
  30.697704  7
  66.461903  7
  81.649557  7
  111.521377  7
  148.567139  7
  193.532119  7
  0.000001  7.5
  52.335888  7.5
  56.566911  7.5
  83.592389  7.5
  111.393813  7.5
  148.570483  7.5
  193.532088  7.5
  25.295201  6
  26.072957  6
  53.912766  6
  72.097623  6
  101.877405  6
  139.268142  6
  0.000010  6.5
  41.835526  6.5
  48.427609  6.5
  72.748229  6.5
  101.853239  6.5
  139.268426  6.5
  20.067719  5
  21.649721  5
  43.608505  5
  64.038513  5
  93.936756  5
  0.000088  5.5
  32.033299  5.5
  41.148113  5.5
  64.192894  5.5
  93.934276  5.5
  14.765746  4
  17.571698  4
  35.742851  4
  57.526512  4
  0.000760  4.5
  23.517136  4.5
  34.948327  4.5
  57.546546  4.5
  9.767194  3
  14.018024  3
  30.149957  3
  0.006117  3.5
  16.725451  3.5
  30.008080  3.5
  5.599024  2
  11.181603  2
  0.043039  2.5
  11.940570  2.5
  2.637466  1
  0.238957  1.5
