  77.927233  10
  101.210018  10
  216.866698  10
  364.970569  10
  567.041003  10
  820.173784  10
  1124.202614  10
  1479.035779  10
  1884.632800  10
  2340.973294  10
  0.018077  10.5
  130.789918  10.5
  213.171470  10.5
  365.112480  10.5
  567.038512  10.5
  820.173807  10.5
  1124.202614  10.5
  1479.035779  10.5
  1884.632800  10.5
  2340.973294  10.5
  67.098236  9
  93.760150  9
  205.043987  9
  354.500721  9
  556.761008  9
  810.009023  9
  1114.103622  9
  1468.978105  9
  1874.602773  9
  0.036344  9.5
  116.262266  9.5
  202.842199  9.5
  354.566634  9.5
  556.760116  9.5
  810.009029  9.5
  1114.103622  9.5
  1468.978105  9.5
  1874.602773  9.5
  56.833093  8
  86.831927  8
  194.776473  8
  345.185528  8
  547.603493  8
  800.940939  8
  1105.086825  8
  1459.993532  8
  0.072037  8.5
  103.278672  8.5
  193.555423  8.5
  345.213130  8.5
  547.603218  8.5
  800.940940  8.5
  1105.086825  8.5
  1459.993532  8.5
  47.271967  7
  80.478006  7
  185.953858  7
  337.010242  7
  539.554706  7
  792.960593  7
  1097.145828  7
  0.140296  7.5
  91.898525  7.5
  185.335473  7.5
  337.020319  7.5
  539.554637  7.5
  792.960593  7.5
  1097.145828  7.5
  38.534271  6
  74.751783  6
  178.477740  6
  329.960004  6
  532.602723  6
  786.060122  6
  0.267399  6.5
  82.162147  6.5
  178.200203  6.5
  329.963037  6.5
  532.602710  6.5
  786.060122  6.5
  30.712536  5
  69.708361  5
  172.266065  5
  324.020690  5
  526.737336  5
  0.496443  5.5
  74.086107  5.5
  172.161218  5.5
  324.021366  5.5
  526.737335  5.5
  23.868717  4
  65.406264  4
  167.254534  4
  319.179573  4
  0.893312  4.5
  67.657689  4.5
  167.224413  4.5
  319.179658  4.5
  18.031973  3
  61.909917  3
  163.395899  3
  1.550562  3.5
  62.830855  3.5
  163.390859  3.5
  13.197223  2
  59.292720  2
  2.586242  2.5
  59.526692  2.5
  9.324396  1
  4.135892  1.5
