  38.808273  10
  38.808274  10
  103.663975  10
  103.670598  10
  149.642904  10
  151.248192  10
  174.152419  10
  189.964085  10
  212.598694  10
  238.811638  10
  0.000000  10.5
  73.389036  10.5
  73.389196  10.5
  129.410394  10.5
  129.555316  10.5
  162.987815  10.5
  170.342410  10.5
  190.455123  10.5
  212.573080  10.5
  238.812136  10.5
  34.716076  9
  34.716089  9
  91.327419  9
  91.362133  9
  127.538153  9
  131.602409  9
  150.291155  9
  168.970891  9
  192.226375  9
  0.000000  9.5
  65.196321  9.5
  65.197344  9.5
  112.631892  9.5
  113.208703  9.5
  137.648115  9.5
  149.191833  9.5
  169.042645  9.5
  192.224753  9.5
  30.623409  8
  30.623505  8
  78.912451  8
  79.075828  8
  105.664723  8
  113.247016  8
  130.596622  8
  150.698722  8
  0.000000  8.5
  56.997100  8.5
  57.003252  8.5
  95.342253  8.5
  97.188181  8.5
  115.438430  8.5
  130.405528  8.5
  150.703897  8.5
  26.529798  7
  26.530463  7
  66.264401  7
  66.917016  7
  85.748939  7
  96.837672  7
  114.247727  7
  0.000000  7.5
  48.778528  7.5
  48.812630  7.5
  77.654388  7.5
  81.969161  7.5
  97.311449  7.5
  114.231677  7.5
  22.433372  6
  22.437736  6
  53.176684  6
  55.170121  6
  69.248368  6
  82.817865  6
  0.000000  6.5
  40.490830  6.5
  40.658437  6.5
  60.804466  6.5
  68.191927  6.5
  82.865757  6.5
  18.325234  5
  18.351579  5
  40.097085  5
  44.348021  5
  56.576976  5
  0.000000  5.5
  31.989538  5.5
  32.665025  5.5
  46.375188  5.5
  56.441870  5.5
  14.165750  4
  14.305044  4
  28.413674  4
  35.068028  4
  0.000000  4.5
  23.205283  4.5
  25.148416  4.5
  35.416978  4.5
  9.847629  3
  10.423078  3
  19.406469  3
  0.000010  3.5
  14.913282  3.5
  18.627520  3.5
  5.491547  2
  7.013620  2
  0.000578  2.5
  8.413680  2.5
  2.068699  1
  0.023244  1.5
