  66.398298  10
  72.832699  10
  151.061768  10
  226.058227  10
  335.399053  10
  472.596483  10
  637.653693  10
  830.419960  10
  1050.834456  10
  1298.866570  10
  0.000621  10.5
  108.039379  10.5
  142.324640  10.5
  226.759402  10.5
  335.375093  10.5
  472.596917  10.5
  637.653689  10.5
  830.419960  10.5
  1050.834456  10.5
  1298.866570  10.5
  57.606445  9
  66.103084  9
  137.339422  9
  214.970641  9
  324.509017  9
  461.903857  9
  627.068938  9
  819.902886  9
  1040.362631  9
  0.001708  9.5
  93.477545  9.5
  131.923033  9.5
  215.300381  9.5
  324.500394  9.5
  461.903973  9.5
  627.068937  9.5
  819.902886  9.5
  1040.362631  9.5
  48.897582  8
  59.735990  8
  125.571134  8
  205.119823  8
  314.849303  8
  452.389549  8
  617.636103  8
  810.521203  8
  0.004634  8.5
  80.189990  8.5
  122.472998  8.5
  205.259165  8.5
  314.846634  8.5
  452.389574  8.5
  617.636103  8.5
  810.521203  8.5
  40.461555  7
  53.803309  7
  115.642248  7
  196.495178  7
  306.389828  7
  444.035833  7
  609.342548  7
  0.012343  7.5
  68.331707  7.5
  114.037188  7.5
  196.546382  7.5
  306.389158  7.5
  444.035837  7.5
  609.342548  7.5
  32.514309  6
  48.379157  6
  107.398678  6
  189.079438  6
  299.105629  6
  436.827141  6
  0.032102  6.5
  58.027586  6.5
  106.666808  6.5
  189.094918  6.5
  299.105507  6.5
  436.827141  6.5
  25.263798  5
  43.538619  5
  100.680061  5
  182.851824  5
  292.975938  5
  0.080879  5.5
  49.372290  5.5
  100.400622  5.5
  182.855284  5.5
  292.975926  5.5
  18.881809  4
  39.358001  4
  95.345440  4
  177.790907  4
  0.195355  4.5
  42.424667  4.5
  95.264602  4.5
  177.791341  4.5
  13.486658  3
  35.917340  3
  91.286099  3
  0.446714  3.5
  37.195726  3.5
  91.272513  3.5
  9.134350  2
  33.305706  2
  0.954777  2.5
  33.635182  2.5
  5.814025  1
  1.888977  1.5
