  72.118046  10
  85.236092  10
  178.333253  10
  285.354493  10
  434.564526  10
  621.646800  10
  846.472976  10
  1108.929896  10
  1408.968898  10
  1746.565487  10
  0.003923  10.5
  117.658688  10.5
  172.611999  10.5
  285.666226  10.5
  434.556964  10.5
  621.646898  10.5
  846.472975  10.5
  1108.929896  10.5
  1408.968898  10.5
  1746.565487  10.5
  62.200221  9
  78.122201  9
  165.691986  9
  274.619486  9
  424.035900  9
  611.265023  9
  836.173923  9
  1098.682787  9
  1398.756541  9
  0.009082  9.5
  103.031935  9.5
  162.233014  9.5
  274.764888  9.5
  424.033188  9.5
  611.265049  9.5
  836.173923  9.5
  1098.682787  9.5
  1398.756541  9.5
  52.620345  8
  71.457870  8
  154.803281  8
  265.078207  8
  414.672751  8
  602.013266  8
  826.985616  8
  1089.534341  8
  0.020727  8.5
  89.849962  8.5
  152.863748  8.5
  265.139289  8.5
  414.671914  8.5
  602.013271  8.5
  826.985616  8.5
  1089.534341  8.5
  43.559749  7
  65.304947  7
  145.534211  7
  256.715364  7
  406.455261  7
  593.879054  7
  818.899148  7
  0.046449  7.5
  78.210305  7.5
  144.544053  7.5
  256.737716  7.5
  406.455051  7.5
  593.879055  7.5
  818.899148  7.5
  35.189461  6
  59.725898  6
  137.751805  6
  249.513593  6
  399.366501  6
  586.851427  6
  0.101709  6.5
  68.188746  6.5
  137.304903  6.5
  249.520331  6.5
  399.366463  6.5
  586.851427  6.5
  27.653905  5
  54.784083  5
  131.337728  5
  243.455144  5
  393.392113  5
  0.216235  5.5
  59.835484  5.5
  131.168243  5.5
  243.456647  5.5
  393.392109  5.5
  21.060408  4
  50.545216  4
  126.196140  4
  238.523277  4
  0.442994  4.5
  53.167855  4.5
  126.147323  4.5
  238.523465  4.5
  15.473311  3
  47.080240  3
  122.255784  3
  0.867560  3.5
  48.161620  3.5
  122.247601  3.5
  10.910675  2
  44.469621  2
  1.612602  2.5
  44.745992  2.5
  7.342370  1
  2.831519  1.5
