  38.330759  10
  38.330759  10
  102.687067  10
  102.687375  10
  150.134810  10
  150.352642  10
  176.352252  10
  184.184509  10
  201.234957  10
  220.626544  10
  0.000000  10.5
  72.569566  10.5
  72.569570  10.5
  128.619526  10.5
  128.630561  10.5
  166.169657  10.5
  168.249837  10.5
  186.244171  10.5
  201.051085  10.5
  220.631882  10.5
  34.293087  9
  34.293087  9
  90.555513  9
  90.558047  9
  129.314915  9
  130.283440  9
  148.615099  9
  160.439810  9
  177.820149  9
  0.000000  9.5
  64.491118  9.5
  64.491164  9.5
  112.368861  9.5
  112.439773  9.5
  140.221593  9.5
  145.365769  9.5
  160.820557  9.5
  177.807075  9.5
  30.255242  8
  30.255246  8
  78.406858  8
  78.425743  8
  107.839328  8
  110.849739  8
  125.126495  8
  139.610084  8
  0.000000  8.5
  56.410828  8.5
  56.411264  8.5
  95.939895  8.5
  96.320103  8.5
  115.512779  8.5
  124.383826  8.5
  139.641384  8.5
  26.217104  7
  26.217151  7
  66.194002  7
  66.315553  7
  86.680589  7
  92.831992  7
  106.102697  7
  0.000000  7.5
  48.326091  7.5
  48.329886  7.5
  79.033408  7.5
  80.542484  7.5
  94.167170  7.5
  106.029976  7.5
  22.178291  6
  22.178766  6
  53.742322  6
  54.358369  6
  67.881834  6
  77.055282  6
  0.000000  6.5
  40.224119  6.5
  40.253544  6.5
  61.872397  6.5
  65.715939  6.5
  77.217373  6.5
  18.136710  5
  18.141189  5
  40.888760  5
  42.955243  5
  53.004813  5
  0.000000  5.5
  32.039960  5.5
  32.230003  5.5
  46.099110  5.5
  52.664732  5.5
  14.078320  4
  14.115496  4
  28.588047  4
  32.823434  4
  0.000000  4.5
  23.589496  4.5
  24.466350  4.5
  33.475122  4.5
  9.928958  3
  10.171862  3
  18.580441  3
  0.000001  3.5
  15.143552  3.5
  17.481963  3.5
  5.624560  2
  6.580704  2
  0.000097  2.5
  8.168004  2.5
  2.027959  1
  0.009377  1.5
