  101.341681  10
  189.864019  10
  450.207666  10
  828.422288  10
  1334.672332  10
  1967.907996  10
  2727.973503  10
  3614.807082  10
  4628.381084  10
  5768.681608  10
  0.572880  10.5
  211.007326  10.5
  449.272798  10.5
  828.435766  10.5
  1334.672241  10.5
  1967.907996  10.5
  2727.973503  10.5
  3614.807082  10.5
  4628.381084  10.5
  5768.681608  10.5
  88.518854  9
  181.554205  9
  439.673119  9
  818.415921  9
  1324.796469  9
  1958.099984  9
  2718.204515  9
  3605.062592  9
  4618.652972  9
  0.849225  9.5
  197.273556  9.5
  439.124921  9.5
  818.422152  9.5
  1324.796436  9.5
  1958.099984  9.5
  2718.204515  9.5
  3605.062592  9.5
  4618.652972  9.5
  76.613534  8
  173.928554  8
  430.346141  8
  809.486244  8
  1315.975269  8
  1949.334544  8
  2709.471135  8
  3596.349329  8
  1.245161  8.5
  185.157084  8.5
  430.045813  8.5
  809.488844  8.5
  1315.975259  8.5
  1949.334544  8.5
  2709.471135  8.5
  3596.349329  8.5
  65.660218  7
  167.023216  7
  422.189273  7
  801.625711  7
  1308.203676  7
  1941.608287  7
  2701.770930  7
  1.803588  7.5
  174.646728  7.5
  422.038564  7.5
  801.626658  7.5
  1308.203673  7.5
  1941.608287  7.5
  2701.770930  7.5
  55.680868  6
  160.876579  6
  415.171601  6
  794.827492  6
  1301.477243  6
  1934.918227  6
  2.577738  6.5
  165.718422  6.5
  415.104419  6.5
  794.827776  6.5
  1301.477242  6.5
  1934.918227  6.5
  46.684553  5
  155.529989  5
  409.268321  5
  789.085554  5
  1295.792126  5
  3.631235  5.5
  158.335010  5.5
  409.243066  5.5
  789.085618  5.5
  1295.792126  5.5
  38.667154  4
  151.028521  4
  404.460198  4
  784.394729  4
  5.037139  4.5
  152.446967  4.5
  404.452969  4.5
  784.394737  4.5
  31.611179  3
  147.421739  3
  400.732965  3
  6.875897  3.5
  147.994135  3.5
  400.731758  3.5
  25.485753  2
  144.764326  2
  9.232356  2.5
  144.908328  2.5
  20.246887  1
  12.192189  1.5
