  38.257287  10
  38.257287  10
  102.535080  10
  102.535209  10
  150.137948  10
  150.258059  10
  177.244872  10
  183.439419  10
  199.436692  10
  217.261050  10
  0.000000  10.5
  72.443180  10.5
  72.443182  10.5
  128.485623  10.5
  128.490899  10.5
  166.702453  10.5
  168.073784  10.5
  186.158067  10.5
  199.150864  10.5
  217.270330  10.5
  34.227989  9
  34.227989  9
  90.433248  9
  90.434452  9
  129.544461  9
  130.162027  9
  148.858715  9
  159.060463  9
  175.170300  9
  0.000000  9.5
  64.382196  9.5
  64.382215  9.5
  112.298470  9.5
  112.337070  9.5
  140.939942  9.5
  144.891191  9.5
  159.609418  9.5
  175.149075  9.5
  30.198559  8
  30.198561  8
  78.319820  8
  78.330013  8
  108.319384  8
  110.559536  8
  124.420039  8
  137.574783  8
  0.000000  8.5
  56.319843  8.5
  56.320049  8.5
  95.987916  8.5
  96.224871  8.5
  115.900898  8.5
  123.429287  8.5
  137.622214  8.5
  26.168908  7
  26.168930  7
  66.162690  7
  66.237379  7
  87.069937  7
  92.207909  7
  104.634259  7
  0.000000  7.5
  48.254395  7.5
  48.256432  7.5
  79.280501  7.5
  80.369441  7.5
  93.856617  7.5
  104.531463  7.5
  22.138779  6
  22.139033  6
  53.822249  6
  54.256084  6
  67.828914  6
  76.006510  6
  0.000000  6.5
  40.177263  6.5
  40.195194  6.5
  62.177394  6.5
  65.334970  6.5
  76.220037  6.5
  18.106782  5
  18.109498  5
  41.075130  5
  42.742392  5
  52.395529  5
  0.000000  5.5
  32.039609  5.5
  32.171408  5.5
  46.167631  5.5
  51.978423  5.5
  14.062682  4
  14.088260  4
  28.681770  4
  32.414548  4
  0.000000  4.5
  23.667428  4.5
  24.362329  4.5
  33.159695  4.5
  9.943580  3
  10.133534  3
  18.452212  3
  0.000000  3.5
  15.214323  3.5
  17.271648  3.5
  5.659286  2
  6.500208  2
  0.000059  2.5
  8.130532  2.5
  2.021730  1
  0.007278  1.5
