  327.946946  10
  1495.971056  10
  4060.936799  10
  7908.175715  10
  13038.849865  10
  19452.516235  10
  27149.051764  10
  36128.410189  10
  46390.570924  10
  57935.523667  10
  67.165193  10.5
  1503.228489  10.5
  4060.908174  10.5
  7908.175754  10.5
  13038.849865  10.5
  19452.516235  10.5
  27149.051764  10.5
  36128.410189  10.5
  46390.570924  10.5
  57935.523667  10.5
  307.275767  9
  1486.205715  9
  4050.993166  9
  7898.447660  9
  13029.206140  9
  19442.914787  9
  27139.474506  9
  36118.848062  9
  46381.018889  9
  73.804421  9.5
  1491.496132  9.5
  4050.976462  9.5
  7898.447678  9.5
  13029.206140  9.5
  19442.914787  9.5
  27139.474506  9.5
  36118.848062  9.5
  46381.018889  9.5
  287.513746  8
  1477.384962  8
  4042.102145  8
  7889.745944  8
  13020.578983  8
  19434.324990  8
  27130.906081  8
  36110.293002  8
  80.969528  8.5
  1481.095963  8.5
  4042.093031  8.5
  7889.745951  8.5
  13020.578983  8.5
  19434.324990  8.5
  27130.906081  8.5
  36110.293002  8.5
  268.647987  7
  1469.527041  7
  4034.261621  7
  7882.069789  7
  13012.967915  7
  19426.746520  7
  27123.346254  7
  88.686967  7.5
  1472.005583  7.5
  4034.257062  7.5
  7882.069792  7.5
  13012.967915  7.5
  19426.746520  7.5
  27123.346254  7.5
  250.664359  6
  1462.650729  6
  4027.469798  6
  7875.418509  6
  13006.372512  6
  19420.179090  6
  96.983089  6.5
  1464.202281  6.5
  4027.467772  6.5
  7875.418510  6.5
  13006.372512  6.5
  19420.179090  6.5
  233.547515  5
  1456.775336  5
  4021.725186  5
  7869.791510  5
  13000.792407  5
  105.884028  5.5
  1457.663129  5.5
  4021.724426  5.5
  7869.791510  5.5
  13000.792407  5.5
  217.280923  4
  1451.920696  4
  4017.026572  4
  7865.188288  4
  115.415593  4.5
  1452.365081  4.5
  4017.026354  4.5
  7865.188288  4.5
  201.846902  3
  1448.107150  3
  4013.373008  3
  125.603160  3.5
  1448.285056  3.5
  4013.372972  3.5
  187.226658  2
  1445.355525  2
  136.471573  2.5
  1445.400029  2.5
  173.400335  1
  148.045044  1.5
