  38.871069  10
  38.871072  10
  103.790801  10
  103.799342  10
  149.530148  10
  151.401530  10
  174.172974  10
  190.788075  10
  214.036169  10
  240.942323  10
  0.000000  10.5
  73.496541  10.5
  73.496756  10.5
  129.502027  10.5
  129.680829  10.5
  162.666074  10.5
  170.704653  10.5
  191.208852  10.5
  214.015126  10.5
  240.942717  10.5
  34.771689  9
  34.771707  9
  91.425394  9
  91.468477  9
  127.314193  9
  131.828229  9
  150.724398  9
  170.052383  9
  193.919505  9
  0.000000  9.5
  65.288673  9.5
  65.289996  9.5
  112.641662  9.5
  113.323823  9.5
  137.508492  9.5
  149.751185  9.5
  170.113025  9.5
  193.918183  9.5
  30.671793  8
  30.671917  8
  78.970549  8
  79.165500  8
  105.484424  8
  113.604164  8
  131.345788  8
  152.005000  8
  0.000000  8.5
  57.073430  8.5
  57.081094  8.5
  95.244226  8.5
  97.328793  8.5
  115.610762  8.5
  131.179549  8.5
  152.009338  8.5
  26.570836  7
  26.571667  7
  66.259799  7
  67.006723  7
  85.752849  7
  97.359390  7
  115.214974  7
  0.000000  7.5
  48.836075  7.5
  48.876983  7.5
  77.511906  7.5
  82.183125  7.5
  97.784057  7.5
  115.201143  7.5
  22.466665  6
  22.471916  6
  53.105722  6
  55.290426  6
  69.494474  6
  83.501341  6
  0.000000  6.5
  40.521356  6.5
  40.714773  6.5
  60.738921  6.5
  68.517764  6.5
  83.543773  6.5
  18.349268  5
  18.379804  5
  40.029772  5
  44.532415  5
  57.014050  5
  0.000000  5.5
  31.978950  5.5
  32.727510  5.5
  46.462953  5.5
  56.890932  5.5
  14.175822  4
  14.331257  4
  28.421901  4
  35.334808  4
  0.000000  4.5
  23.166895  4.5
  25.238890  4.5
  35.662032  4.5
  9.838506  3
  10.456389  3
  19.514345  3
  0.000013  3.5
  14.899184  3.5
  18.763065  3.5
  5.480534  2
  7.064387  2
  0.000671  2.5
  8.446265  2.5
  2.074089  1
  0.025096  1.5
