  38.082446  10
  38.082446  10
  102.171919  10
  102.171922  10
  150.065856  10
  150.073375  10
  180.342411  10
  182.084571  10
  195.641599  10
  207.470764  10
  -0.000000  10.5
  72.142115  10.5
  72.142115  10.5
  128.157900  10.5
  128.158080  10.5
  167.738420  10.5
  167.908816  10.5
  187.955819  10.5
  194.398014  10.5
  207.539737  10.5
  34.073063  9
  34.073063  9
  90.139567  9
  90.139607  9
  129.928409  9
  129.999609  9
  150.921106  9
  155.668227  9
  167.569215  9
  -0.000000  9.5
  64.122599  9.5
  64.122599  9.5
  112.103048  9.5
  112.105397  9.5
  143.065496  9.5
  144.052388  9.5
  157.451045  9.5
  167.447631  9.5
  30.063638  8
  30.063638  8
  78.104623  8
  78.105232  8
  109.547719  8
  110.048933  8
  123.536212  8
  131.700125  8
  -0.000000  8.5
  56.102677  8.5
  56.102684  8.5
  96.025591  8.5
  96.051597  8.5
  117.825865  8.5
  121.115620  8.5
  131.909049  8.5
  26.054146  7
  26.054146  7
  66.061557  7
  66.069503  7
  88.607857  7
  90.711722  7
  100.566065  7
  0.000000  7.5
  48.081998  7.5
  48.082118  7.5
  79.831493  7.5
  80.054476  7.5
  93.823522  7.5
  100.218983  7.5
  22.044530  6
  22.044545  6
  53.972217  6
  54.055833  6
  68.230816  6
  72.991474  6
  0.000000  6.5
  40.059079  6.5
  40.060951  6.5
  63.220916  6.5
  64.427984  6.5
  73.542710  6.5
  18.034554  5
  18.034835  5
  41.642286  5
  42.237394  5
  50.827230  5
  0.000000  5.5
  32.022106  5.5
  32.046622  5.5
  46.683035  5.5
  50.001390  5.5
  14.021924  4
  14.026596  4
  29.120260  4
  31.229793  4
  0.000000  4.5
  23.881687  4.5
  24.115779  4.5
  32.382591  4.5
  9.980988  3
  10.042675  3
  18.145496  3
  0.000000  3.5
  15.498746  3.5
  16.656525  3.5
  5.789065  2
  6.261911  2
  0.000006  2.5
  8.041712  2.5
  2.006949  1
  0.002320  1.5
