  41.010996  10
  41.011593  10
  107.729101  10
  108.228045  10
  146.179244  10
  160.202052  10
  188.427048  10
  221.149481  10
  259.575756  10
  303.276436  10
  0.000000  10.5
  77.112419  10.5
  77.138686  10.5
  130.765221  10.5
  134.940617  10.5
  162.967244  10.5
  188.149033  10.5
  221.163081  10.5
  259.575422  10.5
  303.276439  10.5
  36.664289  9
  36.666621  9
  94.064610  9
  95.361725  9
  124.984327  9
  143.116459  9
  171.373034  9
  204.817340  9
  243.615693  9
  0.000000  9.5
  68.353272  9.5
  68.440153  9.5
  111.572746  9.5
  118.984383  9.5
  144.032134  9.5
  171.315266  9.5
  204.819039  9.5
  243.615674  9.5
  32.313243  8
  32.322058  8
  79.953967  8
  82.867508  8
  106.760198  8
  127.992194  8
  156.608614  8
  190.493298  8
  0.000000  8.5
  59.511167  8.5
  59.779952  8.5
  93.107158  8.5
  104.240241  8.5
  128.217533  8.5
  156.600347  8.5
  190.493409  8.5
  27.950618  7
  27.982536  7
  65.637306  7
  71.059970  7
  91.851383  7
  114.919567  7
  143.910137  7
  0.000000  7.5
  50.482327  7.5
  51.237071  7.5
  76.456739  7.5
  91.077313  7.5
  114.957434  7.5
  143.909518  7.5
  23.555181  6
  23.664039  6
  51.937767  6
  60.316785  6
  79.908318  6
  103.864133  6
  0.000000  6.5
  41.146343  6.5
  42.975024  6.5
  62.487212  6.5
  79.749218  6.5
  103.867471  6.5
  19.073186  5
  19.412538  5
  39.841062  5
  50.997989  5
  70.371244  5
  0.000001  5.5
  31.649857  5.5
  35.260341  5.5
  51.580858  5.5
  70.354167  5.5
  14.421893  4
  15.335789  4
  30.120539  4
  43.363505  4
  0.000029  4.5
  22.685090  4.5
  28.431793  4.5
  43.444177  4.5
  9.674096  3
  11.630289  3
  23.159774  3
  0.000513  3.5
  15.124667  3.5
  22.828501  3.5
  5.378173  2
  8.565964  2
  0.007993  2.5
  9.595824  2.5
  2.262477  1
  0.092318  1.5
