  224.573947  10
  848.330191  10
  2264.993426  10
  4387.929947  10
  7219.587661  10
  10759.492587  10
  15007.518415  10
  19963.617556  10
  25627.768816  10
  31999.961580  10
  26.401823  10.5
  858.020394  10.5
  2264.923511  10.5
  4387.930122  10.5
  7219.587661  10.5
  10759.492587  10.5
  15007.518415  10.5
  19963.617556  10.5
  25627.768816  10.5
  31999.961580  10.5
  206.921257  9
  838.844235  9
  2255.006885  9
  4378.177348  9
  7209.923596  9
  10749.873001  9
  14997.924302  9
  19954.039386  9
  25618.201282  9
  30.188304  9.5
  845.921425  9.5
  2254.966073  9.5
  4378.177429  9.5
  7209.923596  9.5
  10749.873001  9.5
  14997.924302  9.5
  19954.039386  9.5
  25618.201282  9.5
  190.211137  8
  830.250656  8
  2246.083327  8
  4369.455571  8
  7201.279416  8
  10741.267768  8
  14989.341366  8
  19945.470401  8
  34.419288  8.5
  835.223417  8.5
  2246.061052  8.5
  4369.455605  8.5
  7201.279416  8.5
  10741.267768  8.5
  14989.341366  8.5
  19945.470401  8.5
  174.431229  7
  822.571957  7
  2238.218473  7
  4361.763209  7
  7193.654250  7
  10733.676301  7
  14981.769184  7
  39.129966  7.5
  825.898188  7.5
  2238.207330  7.5
  4361.763221  7.5
  7193.654250  7.5
  10733.676301  7.5
  14981.769184  7.5
  159.566859  6
  815.831590  6
  2231.408728  6
  4355.099015  6
  7187.047327  6
  10727.098080  6
  44.355912  6.5
  817.916491  6.5
  2231.403773  6.5
  4355.099019  6.5
  7187.047327  6.5
  10727.098080  6.5
  145.601059  5
  810.053973  5
  2225.651125  5
  4349.461910  5
  7181.457982  5
  50.132804  5.5
  811.248256  5.5
  2225.649267  5.5
  4349.461910  5.5
  7181.457982  5.5
  132.514617  4
  805.264498  4
  2220.943288  4
  4344.850979  4
  56.496150  4.5
  805.862832  4.5
  2220.942757  4.5
  4344.850979  4.5
  120.286127  3
  801.489517  3
  2217.283376  3
  63.481012  3.5
  801.729222  3.5
  2217.283287  3.5
  108.892069  2
  798.756317  2
  71.121744  2.5
  798.816310  2.5
  98.306905  1
  79.451739  1.5
