  53.288816  10
  53.837092  10
  119.886571  10
  145.492214  10
  198.830632  10
  264.284475  10
  343.913196  10
  437.199430  10
  544.028202  10
  664.338780  10
  0.000002  10.5
  93.513221  10.5
  100.299150  10.5
  149.990887  10.5
  198.442476  10.5
  264.300703  10.5
  343.912819  10.5
  437.199435  10.5
  544.028202  10.5
  664.338780  10.5
  47.197285  9
  48.182166  9
  103.603488  9
  133.271069  9
  186.229818  9
  252.236679  9
  332.091497  9
  425.521306  9
  532.445436  9
  0.000008  9.5
  80.545507  9.5
  90.135894  9.5
  135.545270  9.5
  186.086459  9.5
  252.241078  9.5
  332.091426  9.5
  425.521306  9.5
  532.445436  9.5
  40.961099  8
  42.659255  8
  89.132586  8
  122.304032  8
  175.222369  8
  241.583419  8
  321.605544  8
  415.140535  8
  0.000039  8.5
  67.903957  8.5
  80.623785  8.5
  123.314452  8.5
  175.177176  8.5
  241.584373  8.5
  321.605534  8.5
  415.140535  8.5
  34.566210  7
  37.340581  7
  76.719130  7
  112.658421  7
  165.692517  7
  232.282822  7
  312.424362  7
  0.000181  7.5
  55.993260  7.5
  71.908365  7.5
  113.042270  7.5
  165.681022  7.5
  232.282970  7.5
  312.424361  7.5
  28.083543  6
  32.318838  6
  66.474857  6
  104.365589  6
  157.558479  6
  224.297420  6
  0.000831  6.5
  45.189223  6.5
  64.126484  6.5
  104.484152  6.5
  157.556364  6.5
  224.297432  6.5
  21.721032  5
  27.703138  5
  58.336886  5
  97.425338  5
  150.760851  5
  0.003691  5.5
  35.796374  5.5
  57.397480  5.5
  97.452194  5.5
  150.760638  5.5
  15.801145  4
  23.612038  4
  52.095787  4
  91.814989  4
  0.015633  4.5
  28.044204  4.5
  51.816241  4.5
  91.818388  4.5
  10.659702  3
  20.167323  3
  47.496207  3
  0.061578  3.5
  22.091057  3.5
  47.448478  3.5
  6.545315  2
  17.494108  2
  0.217394  2.5
  18.007282  2.5
  3.566892  1
  0.659518  1.5
