  53.448088  10
  54.019605  10
  120.087050  10
  146.157745  10
  199.969783  10
  266.076613  10
  346.470161  10
  440.645011  10
  548.487135  10
  669.936446  10
  0.000002  10.5
  93.675559  10.5
  100.662119  10.5
  150.556091  10.5
  199.595645  10.5
  266.092072  10.5
  346.469806  10.5
  440.645015  10.5
  548.487135  10.5
  669.936446  10.5
  47.328187  9
  48.349696  9
  103.825901  9
  133.952628  9
  187.405050  9
  254.055008  9
  334.672308  9
  428.989145  9
  536.925592  9
  0.000009  9.5
  80.667187  9.5
  90.491433  9.5
  136.171770  9.5
  187.266966  9.5
  254.059197  9.5
  334.672241  9.5
  428.989146  9.5
  536.925592  9.5
  41.062161  8
  42.814526  8
  89.387917  8
  123.003483  8
  176.424936  8
  243.423711  8
  324.206567  8
  418.627467  8
  0.000042  8.5
  68.002706  8.5
  80.977682  8.5
  123.988068  8.5
  176.381428  8.5
  243.424619  8.5
  324.206558  8.5
  418.627467  8.5
  34.638352  7
  37.486751  7
  77.012031  7
  113.375584  7
  166.916199  7
  234.141305  7
  315.042357  7
  0.000194  7.5
  56.084516  7.5
  72.265229  7.5
  113.749277  7.5
  166.905136  7.5
  234.141446  7.5
  315.042356  7.5
  28.131774  6
  32.459163  6
  66.803054  6
  105.098738  6
  158.798635  6
  226.170762  6
  0.000882  6.5
  45.283667  6.5
  64.489456  6.5
  105.214099  6.5
  158.796600  6.5
  226.170774  6.5
  21.753759  5
  27.840559  5
  58.692608  5
  98.171845  5
  152.013821  5
  0.003879  5.5
  35.900095  5.5
  57.768161  5.5
  98.197967  5.5
  152.013616  5.5
  15.826684  4
  23.748838  4
  52.469712  4
  92.571921  4
  0.016276  4.5
  28.159746  4.5
  52.194809  4.5
  92.575226  4.5
  10.683144  3
  20.304984  3
  47.880870  3
  0.063522  3.5
  22.218202  3.5
  47.833950  3.5
  6.567918  2
  17.633381  2
  0.222320  2.5
  18.143430  2.5
  3.587240  1
  0.669465  1.5
