  82.200110  10
  114.939453  10
  251.577190  10
  435.040838  10
  683.337211  10
  994.223577  10
  1367.528471  10
  1803.170159  10
  2301.112277  10
  2861.336517  10
  0.044993  10.5
  142.571804  10.5
  248.851893  10.5
  435.124219  10.5
  683.336032  10.5
  994.223586  10.5
  1367.528471  10.5
  1803.170159  10.5
  2301.112277  10.5
  2861.336517  10.5
  70.850926  9
  107.278919  9
  240.177242  9
  424.713333  9
  673.184704  9
  984.170889  9
  1357.532997  9
  1793.210632  9
  2291.176802  9
  0.083257  9.5
  128.172985  9.5
  238.563337  9.5
  424.751993  9.5
  673.184282  9.5
  984.170891  9.5
  1357.532997  9.5
  1793.210632  9.5
  2291.176802  9.5
  60.187031  8
  100.182587  8
  230.221171  8
  415.517645  8
  664.133040  8
  975.197786  8
  1348.605037  8
  1784.311032  8
  0.151935  8.5
  115.359858  8.5
  229.330277  8.5
  415.533813  8.5
  664.132910  8.5
  975.197786  8.5
  1348.605037  8.5
  1784.311032  8.5
  50.318251  7
  93.697951  7
  221.619155  7
  407.440504  7
  656.171339  7
  967.297107  7
  1340.739462  7
  0.272657  7.5
  104.171236  7.5
  221.169503  7.5
  407.446401  7.5
  656.171307  7.5
  967.297107  7.5
  1340.739462  7.5
  41.333578  6
  87.873665  6
  214.294056  6
  400.469103  6
  649.290115  6
  960.462550  6
  0.479583  6.5
  94.627696  6.5
  214.092741  6.5
  400.470876  6.5
  649.290109  6.5
  960.462550  6.5
  33.298159  5
  82.760649  5
  208.182897  5
  394.591608  5
  643.481214  5
  0.823834  5.5
  86.727574  5.5
  208.106977  5.5
  394.592002  5.5
  643.481213  5.5
  26.251411  4
  78.413694  4
  203.236792  4
  389.797560  4
  1.377135  4.5
  80.443363  4.5
  203.215008  4.5
  389.797610  4.5
  20.205769  3
  74.893525  3
  199.419871  3
  2.232915  3.5
  75.720264  3.5
  199.416228  3.5
  15.145846  2
  72.269107  2
  3.503280  2.5
  72.478502  2.5
  11.028129  1
  5.311544  1.5
