  61.986631  10
  65.282850  10
  136.564532  10
  191.915088  10
  277.891845  10
  385.708028  10
  515.622544  10
  667.432438  10
  841.063651  10
  1036.478841  10
  0.000117  10.5
  102.432255  10.5
  124.765904  10.5
  193.227855  10.5
  277.832560  10.5
  385.709427  10.5
  515.622525  10.5
  667.432438  10.5
  841.063651  10.5
  1036.478841  10.5
  54.146325  9
  58.882886  9
  121.906017  9
  180.494031  9
  266.612475  9
  374.688360  9
  504.738208  9
  656.632995  9
  830.320906  9
  0.000378  9.5
  88.105202  9.5
  114.383271  9.5
  181.118680  9.5
  266.591044  9.5
  374.688735  9.5
  504.738204  9.5
  656.632995  9.5
  830.320906  9.5
  46.230760  8
  52.769975  8
  109.291372  8
  170.338113  8
  256.637197  8
  364.898463  8
  495.049477  8
  647.007737  8
  0.001200  8.5
  74.843608  8.5
  104.883033  8.5
  170.604252  8.5
  256.630542  8.5
  364.898544  8.5
  495.049476  8.5
  647.007737  8.5
  38.387560  7
  47.021920  7
  98.678507  7
  161.448200  7
  247.922328  7
  356.314876  7
  486.539603  7
  0.003745  7.5
  62.869816  7.5
  96.351121  7.5
  161.546554  7.5
  247.920653  7.5
  356.314889  7.5
  486.539603  7.5
  30.835512  6
  41.722282  6
  89.936062  6
  153.811962  6
  240.432975  6
  348.916988  6
  0.011409  6.5
  52.363852  6.5
  88.860526  6.5
  153.841811  6.5
  240.432669  6.5
  348.916989  6.5
  23.825222  5
  36.957436  5
  82.883299  5
  147.408495  5
  234.140873  5
  0.033640  5.5
  43.466190  5.5
  82.469034  5.5
  147.415182  5.5
  234.140842  5.5
  17.589219  4
  32.814929  4
  77.338322  4
  142.213032  4
  0.094809  4.5
  36.276637  4.5
  77.217833  4.5
  142.213872  4.5
  12.303916  3
  29.384636  3
  73.151632  3
  0.251180  3.5
  30.843424  3.5
  73.131317  3.5
  8.069122  2
  26.764124  2
  0.613703  2.5
  27.143368  2.5
  4.898560  1
  1.360472  1.5
