  43.400713  10
  43.408149  10
  110.893769  10
  113.624206  10
  148.698946  10
  174.974987  10
  212.713748  10
  257.347013  10
  308.925439  10
  367.264970  10
  0.000000  10.5
  80.977400  10.5
  81.205074  10.5
  130.879247  10.5
  143.226635  10.5
  175.683345  10.5
  212.671013  10.5
  257.348394  10.5
  308.925416  10.5
  367.264970  10.5
  38.767766  9
  38.789661  9
  95.599976  9
  100.604591  9
  130.635226  9
  159.768542  9
  197.899044  9
  242.929345  9
  294.752588  9
  0.000000  9.5
  71.475394  9.5
  72.035055  9.5
  111.719976  9.5
  128.204295  9.5
  159.975885  9.5
  197.890630  9.5
  242.929512  9.5
  294.752587  9.5
  34.117459  8
  34.179794  8
  80.306750  8
  88.324889  8
  115.569574  8
  146.416737  8
  184.914162  8
  230.216385  8
  0.000000  8.5
  61.744445  8.5
  63.017173  8.5
  94.531216  8.5
  114.703080  8.5
  146.464081  8.5
  184.913000  8.5
  230.216395  8.5
  29.426562  7
  29.596175  7
  65.747761  7
  77.076131  7
  103.123654  7
  134.877024  7
  173.656754  7
  0.000000  7.5
  51.708578  7.5
  54.299394  7.5
  79.919686  7.5
  102.885791  7.5
  134.884628  7.5
  173.656669  7.5
  24.647008  6
  25.079783  6
  52.689603  6
  67.126255  6
  92.860277  6
  125.073833  6
  0.000002  6.5
  41.526208  6.5
  46.094836  6.5
  68.124532  6.5
  92.814426  6.5
  125.074485  6.5
  19.710552  5
  20.712864  5
  41.747121  5
  58.676066  5
  84.472332  5
  0.000025  5.5
  31.735555  5.5
  38.660883  5.5
  58.919666  5.5
  84.467579  5.5
  14.625707  4
  16.633889  4
  33.295112  4
  51.830963  4
  0.000281  4.5
  23.034320  4.5
  32.259857  4.5
  51.863033  4.5
  9.690531  3
  13.034069  3
  27.307460  3
  0.002882  3.5
  15.989838  3.5
  27.118205  3.5
  5.481839  2
  10.131347  2
  0.025722  2.5
  10.973374  2.5
  2.484137  1
  0.177092  1.5
