  42.016731  10
  42.018818  10
  109.228395  10
  110.417721  10
  146.460721  10
  165.962710  10
  198.176297  10
  236.130884  10
  280.266097  10
  330.307422  10
  0.000000  10.5
  78.767485  10.5
  78.844718  10.5
  130.725320  10.5
  138.135680  10.5
  167.468909  10.5
  198.059257  10.5
  236.135569  10.5
  280.266001  10.5
  330.307423  10.5
  37.551268  9
  37.558355  9
  94.835199  9
  97.443119  9
  126.628847  9
  149.776733  9
  182.282892  9
  220.769387  9
  265.210317  9
  0.000000  9.5
  69.714511  9.5
  69.935401  9.5
  111.311950  9.5
  122.565894  9.5
  150.240885  9.5
  182.259311  9.5
  220.769963  9.5
  265.210312  9.5
  33.077335  8
  33.100615  8
  80.084282  8
  85.011467  8
  109.950981  8
  135.529326  8
  168.426918  8
  207.260598  8
  0.000000  8.5
  60.517934  8.5
  61.106209  8.5
  93.285855  8.5
  108.388230  8.5
  135.638702  8.5
  168.423611  8.5
  207.260635  8.5
  28.581741  7
  28.654937  7
  65.532414  7
  73.441223  7
  96.321710  7
  123.227281  7
  156.458807  7
  0.000000  7.5
  51.058647  7.5
  52.470312  7.5
  77.521200  7.5
  95.871392  7.5
  123.245196  7.5
  156.458562  7.5
  24.031252  6
  24.247627  6
  52.058741  6
  63.065485  6
  85.254498  6
  112.804388  6
  0.000000  6.5
  41.307925  6.5
  44.222190  6.5
  64.595402  6.5
  85.165272  6.5
  112.805943  6.5
  19.359160  5
  19.941859  5
  40.475185  5
  54.166983  5
  76.306072  5
  0.000006  5.5
  31.625412  5.5
  36.632741  5.5
  54.556703  5.5
  76.296681  5.5
  14.509210  4
  15.862921  4
  31.359682  4
  46.924205  4
  0.000089  4.5
  22.761075  4.5
  30.008028  4.5
  46.976652  4.5
  9.662866  3
  12.208738  3
  24.886765  3
  0.001204  3.5
  15.443158  3.5
  24.631378  3.5
  5.407260  2
  9.225157  2
  0.014219  2.5
  10.163110  2.5
  2.354259  1
  0.126716  1.5
