  38.000000  10
  38.000000  10
  102.000000  10
  102.000000  10
  150.000000  10
  150.000000  10
  182.000000  10
  182.000000  10
  198.000000  10
  198.000000  10
  0.000000  10.5
  72.000000  10.5
  72.000000  10.5
  128.000000  10.5
  128.000000  10.5
  168.000000  10.5
  168.000000  10.5
  192.000000  10.5
  192.000000  10.5
  200.000000  10.5
  34.000000  9
  34.000000  9
  90.000000  9
  90.000000  9
  130.000000  9
  130.000000  9
  154.000000  9
  154.000000  9
  162.000000  9
  0.000000  9.5
  64.000000  9.5
  64.000000  9.5
  112.000000  9.5
  112.000000  9.5
  144.000000  9.5
  144.000000  9.5
  160.000000  9.5
  160.000000  9.5
  30.000000  8
  30.000000  8
  78.000000  8
  78.000000  8
  110.000000  8
  110.000000  8
  126.000000  8
  126.000000  8
  0.000000  8.5
  56.000000  8.5
  56.000000  8.5
  96.000000  8.5
  96.000000  8.5
  120.000000  8.5
  120.000000  8.5
  128.000000  8.5
  26.000000  7
  26.000000  7
  66.000000  7
  66.000000  7
  90.000000  7
  90.000000  7
  98.000000  7
  0.000000  7.5
  48.000000  7.5
  48.000000  7.5
  80.000000  7.5
  80.000000  7.5
  96.000000  7.5
  96.000000  7.5
  22.000000  6
  22.000000  6
  54.000000  6
  54.000000  6
  70.000000  6
  70.000000  6
  0.000000  6.5
  40.000000  6.5
  40.000000  6.5
  64.000000  6.5
  64.000000  6.5
  72.000000  6.5
  18.000000  5
  18.000000  5
  42.000000  5
  42.000000  5
  50.000000  5
  0.000000  5.5
  32.000000  5.5
  32.000000  5.5
  48.000000  5.5
  48.000000  5.5
  14.000000  4
  14.000000  4
  30.000000  4
  30.000000  4
  0.000000  4.5
  24.000000  4.5
  24.000000  4.5
  32.000000  4.5
  10.000000  3
  10.000000  3
  18.000000  3
  0.000000  3.5
  16.000000  3.5
  16.000000  3.5
  6.000000  2
  6.000000  2
  0.000000  2.5
  8.000000  2.5
  2.000000  1
  0.000000  1.5
