  38.031433  10
  38.031433  10
  102.065594  10
  102.065594  10
  150.026841  10
  150.027530  10
  181.448719  10
  181.927964  10
  195.421441  10
  203.310466  10
  -0.000000  10.5
  72.054193  10.5
  72.054193  10.5
  128.060396  10.5
  128.060406  10.5
  167.923150  10.5
  167.949172  10.5
  189.773665  10.5
  192.929352  10.5
  203.534839  10.5
  34.027856  9
  34.027856  9
  90.053279  9
  90.053281  9
  129.982349  9
  129.993024  9
  152.415391  9
  154.642206  9
  164.523524  9
  -0.000000  9.5
  64.046755  9.5
  64.046755  9.5
  112.039884  9.5
  112.040098  9.5
  143.702911  9.5
  143.959946  9.5
  157.676480  9.5
  164.190053  9.5
  30.024263  8
  30.024263  8
  78.040065  8
  78.040120  8
  109.861951  8
  109.987341  8
  124.007091  8
  129.222542  8
  -0.000000  8.5
  56.039165  8.5
  56.039165  8.5
  96.013298  8.5
  96.017149  8.5
  118.952309  8.5
  120.427443  8.5
  129.704991  8.5
  26.020645  7
  26.020645  7
  66.024557  7
  66.025723  7
  89.370481  7
  90.271862  7
  99.075591  7
  -0.000000  7.5
  48.031303  7.5
  48.031314  7.5
  79.952078  7.5
  80.006372  7.5
  94.375606  7.5
  98.400479  7.5
  22.016982  6
  22.016984  6
  53.995684  6
  54.015704  6
  68.749630  6
  71.715260  6
  0.000000  6.5
  40.022781  6.5
  40.023055  6.5
  63.667523  6.5
  64.163199  6.5
  72.623097  6.5
  18.013212  5
  18.013253  5
  41.854370  5
  42.090453  5
  50.324442  5
  0.000000  5.5
  32.010275  5.5
  32.016088  5.5
  47.103031  5.5
  49.157511  5.5
  14.008708  4
  14.009810  4
  29.415690  4
  30.717629  4
  0.000000  4.5
  23.953379  4.5
  24.044105  4.5
  32.147294  4.5
  9.992642  3
  10.016257  3
  18.055542  3
  0.000000  3.5
  15.672747  3.5
  16.386400  3.5
  5.864015  2
  6.155406  2
  0.000001  2.5
  8.015890  2.5
  2.002648  1
  0.000883  1.5
