  59.192180  10
  61.207187  10
  129.751008  10
  174.454498  10
  248.288473  10
  340.682368  10
  452.198286  10
  582.578722  10
  731.738923  10
  899.635954  10
  0.000036  10.5
  99.415324  10.5
  115.696501  10.5
  176.404551  10.5
  248.182229  10.5
  340.685348  10.5
  452.198238  10.5
  582.578722  10.5
  731.738923  10.5
  899.635954  10.5
  51.949192  9
  55.031567  9
  114.507667  9
  162.795784  9
  236.690108  9
  329.402105  9
  441.075867  9
  571.555400  9
  720.781713  9
  0.000128  9.5
  85.363224  9.5
  105.351231  9.5
  163.734810  9.5
  236.651538  9.5
  329.402906  9.5
  441.075858  9.5
  571.555400  9.5
  720.781713  9.5
  44.571138  8
  49.093021  8
  101.304715  8
  152.412868  8
  226.459880  8
  319.393021  8
  431.184145  8
  561.737293  8
  0.000457  8.5
  72.193205  8.5
  95.830260  8.5
  152.816243  8.5
  226.447866  8.5
  319.393194  8.5
  431.184144  8.5
  561.737293  8.5
  37.156542  7
  43.470872  7
  90.175994  7
  143.319841  7
  217.540564  7
  310.626981  7
  422.502966  7
  0.001599  7.5
  60.183768  7.5
  87.236911  7.5
  143.469733  7.5
  217.537533  7.5
  310.627007  7.5
  422.502966  7.5
  29.899407  6
  38.253838  6
  81.036453  6
  135.511706  6
  209.887937  6
  303.079222  6
  0.005460  6.5
  49.562762  6.5
  79.661309  6.5
  135.557361  6.5
  209.887382  6.5
  303.079224  6.5
  23.062836  5
  33.536044  5
  73.710856  5
  128.969811  5
  203.467068  5
  0.018042  5.5
  40.508765  5.5
  73.176845  5.5
  128.980063  5.5
  203.467012  5.5
  16.918486  4
  29.413726  4
  67.993783  4
  123.668046  4
  0.056913  4.5
  33.153384  4.5
  67.837699  4.5
  123.669337  4.5
  11.687992  3
  25.984808  3
  63.704170  3
  0.168082  3.5
  27.573576  3.5
  63.677779  3.5
  7.507891  2
  23.353630  2
  0.453702  2.5
  23.769465  2.5
  4.413823  1
  1.094646  1.5
