  38.747889  10
  38.747891  10
  103.541624  10
  103.546708  10
  149.743287  10
  151.108263  10
  174.184345  10
  189.180987  10
  211.205195  10
  236.723292  10
  0.000000  10.5
  73.285603  10.5
  73.285721  10.5
  129.319303  10.5
  129.435697  10.5
  163.321308  10.5
  170.009417  10.5
  189.754018  10.5
  211.173958  10.5
  236.723920  10.5
  34.662597  9
  34.662607  9
  91.232350  9
  91.260075  9
  127.759989  9
  131.394940  9
  149.903499  9
  167.923851  9
  190.567618  9
  0.000000  9.5
  65.107428  9.5
  65.108210  9.5
  112.617306  9.5
  113.101123  9.5
  137.817695  9.5
  148.662788  9.5
  168.008868  9.5
  190.565625  9.5
  30.576877  8
  30.576950  8
  78.854690  8
  78.990580  8
  105.858225  8
  112.910553  8
  129.877856  8
  149.419525  8
  0.000000  8.5
  56.923518  8.5
  56.928414  8.5
  95.434479  8.5
  97.058085  8.5
  115.300610  8.5
  129.658011  8.5
  149.425711  8.5
  26.490317  7
  26.490845  7
  66.266282  7
  66.832897  7
  85.765765  7
  96.335082  7
  113.301521  7
  0.000000  7.5
  48.722739  7.5
  48.750962  7.5
  77.800033  7.5
  81.767988  7.5
  96.863748  7.5
  113.282863  7.5
  22.401299  6
  22.404900  6
  53.246490  6
  55.056875  6
  69.020977  6
  82.149375  6
  0.000000  6.5
  40.460532  6.5
  40.604912  6.5
  60.879960  6.5
  67.878694  6.5
  82.203496  6.5
  18.301960  5
  18.324560  5
  40.168146  5
  44.170987  5
  56.151263  5
  0.000000  5.5
  31.999164  5.5
  32.605924  5.5
  46.298672  5.5
  56.002889  5.5
  14.155798  4
  14.280086  4
  28.410591  4
  34.807267  4
  0.000000  4.5
  23.244440  4.5
  25.061590  4.5
  35.179498  4.5
  9.856720  3
  10.391108  3
  19.302600  3
  0.000008  3.5
  14.929312  3.5
  18.494947  3.5
  5.503120  2
  6.963890  2
  0.000495  2.5
  8.382408  2.5
  2.063522  1
  0.021469  1.5
