  41.393986  10
  41.394992  10
  108.329906  10
  109.049867  10
  146.138141  10
  162.304577  10
  192.037292  10
  226.812287  10
  267.458657  10
  313.622062  10
  0.000000  10.5
  77.746850  10.5
  77.788075  10.5
  130.754690  10.5
  136.104290  10.5
  164.485837  10.5
  191.840605  10.5
  226.821144  10.5
  267.458455  10.5
  313.622064  10.5
  37.002300  9
  37.006007  9
  94.387656  9
  96.133223  9
  125.456678  9
  145.583026  9
  175.479751  9
  210.888808  9
  251.878960  9
  0.000000  9.5
  68.878933  9.5
  69.007315  9.5
  111.421013  9.5
  120.290951  9.5
  146.282111  9.5
  175.439450  9.5
  210.889906  9.5
  251.878948  9.5
  32.604918  8
  32.618131  8
  80.009234  8
  83.656002  8
  107.859441  8
  130.821438  8
  161.099841  8
  196.907682  8
  0.000000  8.5
  59.906077  8.5
  60.279422  8.5
  93.093694  8.5
  105.769705  8.5
  130.990105  8.5
  161.094126  8.5
  196.907754  8.5
  28.192511  7
  28.237626  7
  65.571569  7
  71.938055  7
  93.493199  7
  118.071188  7
  148.708939  7
  0.000000  7.5
  50.714548  7.5
  51.697123  7.5
  76.780516  7.5
  92.869350  7.5
  118.099205  7.5
  148.708514  7.5
  23.739305  6
  23.884298  6
  51.944700  6
  61.341305  6
  81.925057  6
  107.281427  6
  0.000000  6.5
  41.211065  6.5
  43.437844  6.5
  63.232510  6.5
  81.798939  6.5
  107.283880  6.5
  19.185586  5
  19.610959  5
  40.047591  5
  52.194465  5
  72.637588  5
  0.000003  5.5
  31.629433  5.5
  35.771994  5.5
  52.690711  5.5
  72.624169  5.5
  14.455925  4
  15.533019  4
  30.572200  4
  44.722717  4
  0.000046  4.5
  22.699166  4.5
  29.026200  4.5
  44.790545  4.5
  9.666134  3
  11.848501  3
  23.814957  3
  0.000731  3.5
  15.236389  3.5
  23.516544  3.5
  5.386048  2
  8.817822  2
  0.010154  2.5
  9.809764  2.5
  2.297177  1
  0.105202  1.5
