  38.023091  10
  38.023091  10
  102.048192  10
  102.048192  10
  150.019887  10
  150.020207  10
  181.617033  10
  181.926487  10
  195.571997  10
  202.433100  10
  0.000000  10.5
  72.039813  10.5
  72.039813  10.5
  128.044390  10.5
  128.044394  10.5
  167.946438  10.5
  167.960591  10.5
  190.223595  10.5
  192.684673  10.5
  202.734609  10.5
  34.020464  9
  34.020464  9
  90.039148  9
  90.039149  9
  129.988226  9
  129.994016  9
  152.757523  9
  154.472560  9
  163.930924  9
  0.000000  9.5
  64.034349  9.5
  64.034349  9.5
  112.029359  9.5
  112.029458  9.5
  143.794664  9.5
  143.959110  9.5
  157.866267  9.5
  163.503247  9.5
  30.017825  8
  30.017825  8
  78.029450  8
  78.029476  8
  109.905189  8
  109.984899  8
  124.202903  8
  128.699471  8
  0.000000  8.5
  56.028773  8.5
  56.028773  8.5
  96.010202  8.5
  96.012286  8.5
  119.192184  8.5
  120.314271  8.5
  129.290177  8.5
  26.015167  7
  26.015167  7
  66.018172  7
  66.018802  7
  89.521937  7
  90.199779  7
  98.805577  7
  -0.000000  7.5
  48.023000  7.5
  48.023005  7.5
  79.967715  7.5
  80.002083  7.5
  94.554443  7.5
  98.015279  7.5
  22.012476  6
  22.012477  6
  53.997912  6
  54.010551  6
  68.897889  6
  71.443481  6
  0.000000  6.5
  40.016767  6.5
  40.016914  6.5
  63.750669  6.5
  64.119893  6.5
  72.462764  6.5
  18.009710  5
  18.009732  5
  41.891792  5
  42.066442  5
  50.239543  5
  0.000000  5.5
  32.007862  5.5
  32.011526  5.5
  47.214834  5.5
  48.976516  5.5
  14.006456  4
  14.007150  4
  29.491057  4
  30.606865  4
  0.000000  4.5
  23.965561  4.5
  24.032396  4.5
  32.108385  4.5
  9.994582  3
  10.011941  3
  18.040811  3
  0.000000  3.5
  15.715972  3.5
  16.327473  3.5
  5.882297  2
  6.131968  2
  0.000000  2.5
  8.011672  2.5
  2.001945  1
  0.000649  1.5
