  95.272301  10
  164.326681  10
  381.544448  10
  693.077575  10
  1110.723746  10
  1633.226058  10
  2260.423065  10
  2992.249130  10
  3828.674872  10
  4769.685516  10
  0.312114  10.5
  187.157790  10.5
  380.294974  10.5
  693.099573  10.5
  1110.723564  10.5
  1633.226059  10.5
  2260.423065  10.5
  2992.249130  10.5
  3828.674872  10.5
  4769.685516  10.5
  82.825332  9
  156.181922  9
  370.845332  9
  683.005408  9
  1100.792189  9
  1623.368645  9
  2250.608295  9
  2982.461138  9
  3818.904788  9
  0.486894  9.5
  173.223042  9.5
  370.111478  9.5
  683.015583  9.5
  1100.792124  9.5
  1623.368645  9.5
  2250.608295  9.5
  2982.461138  9.5
  3818.904788  9.5
  71.256695  8
  148.692033  8
  361.398835  8
  674.021559  8
  1091.924518  8
  1614.561243  8
  2241.835558  8
  2973.710161  8
  0.750511  8.5
  160.911148  8.5
  360.996288  8.5
  674.025806  8.5
  1091.924498  8.5
  1614.561243  8.5
  2241.835558  8.5
  2973.710161  8.5
  60.616179  7
  141.895437  7
  353.156999  7
  666.117083  7
  1084.114541  7
  1606.799715  7
  2234.101885  7
  1.141243  7.5
  150.221323  7.5
  352.954793  7.5
  666.118630  7.5
  1084.114536  7.5
  1606.799715  7.5
  2234.101885  7.5
  50.938752  6
  135.832654  6
  346.080112  6
  659.283800  6
  1077.356819  6
  1600.080415  6
  1.709162  6.5
  141.137947  6.5
  345.989905  6.5
  659.284264  6.5
  1077.356818  6.5
  1600.080415  6.5
  42.243961  5
  130.547171  5
  340.136306  5
  653.514434  5
  1071.646657  5
  2.517044  5.5
  133.629547  5.5
  340.102376  5.5
  653.514537  5.5
  1071.646657  5.5
  34.535473  4
  126.086442  4
  335.300925  4
  648.802718  4
  3.640019  4.5
  127.648907  4.5
  335.291209  4.5
  648.802731  4.5
  27.800744  3
  122.502932  3
  331.555756  3
  5.163635  3.5
  123.134643  3.5
  331.554133  3.5
  22.010883  2
  119.855054  2
  7.180396  2.5
  120.014194  2.5
  17.120863  1
  9.785190  1.5
