  93.424291  10
  156.826219  10
  361.508962  10
  653.509090  10
  1045.233178  10
  1535.340725  10
  2123.668424  10
  2810.149151  10
  3594.752865  10
  4477.464457  10
  0.251954  10.5
  180.232582  10.5
  360.132877  10.5
  653.534996  10.5
  1045.232949  10.5
  1535.340726  10.5
  2123.668424  10.5
  2810.149151  10.5
  3594.752865  10.5
  4477.464457  10.5
  81.103479  9
  148.737994  9
  350.745714  9
  643.412054  9
  1035.280458  9
  1525.464557  9
  2113.836280  9
  2800.344655  9
  3584.966862  9
  0.400323  9.5
  166.233252  9.5
  349.936967  9.5
  643.424039  9.5
  1035.280376  9.5
  1525.464557  9.5
  2113.836280  9.5
  2800.344655  9.5
  3584.966862  9.5
  69.644672  8
  141.294465  8
  341.252693  8
  634.407692  8
  1026.395137  8
  1516.641229  8
  2105.048611  8
  2791.579373  8
  0.628301  8.5
  153.856610  8.5
  340.808836  8.5
  634.412695  8.5
  1026.395112  8.5
  1516.641230  8.5
  2105.048611  8.5
  2791.579373  8.5
  59.103531  7
  134.534918  7
  332.977873  7
  626.486557  7
  1018.570588  7
  1508.866318  7
  2097.302243  7
  0.972358  7.5
  143.105854  7.5
  332.754827  7.5
  626.488380  7.5
  1018.570582  7.5
  1508.866318  7.5
  2097.302243  7.5
  49.520087  6
  128.500657  6
  325.878091  6
  619.639974  6
  1011.800993  6
  1502.135926  6
  1.481144  6.5
  133.968761  6.5
  325.778556  6.5
  619.640521  6.5
  1011.800992  6.5
  1502.135926  6.5
  40.918024  5
  123.235932  5
  319.918692  5
  613.860202  5
  1006.081330  5
  2.216755  5.5
  126.416335  5.5
  319.881245  5.5
  613.860324  5.5
  1006.081330  5.5
  33.304142  4
  118.789011  4
  315.072877  4
  609.140562  4
  3.254677  4.5
  120.402635  4.5
  315.062151  4.5
  609.140577  4.5
  26.667965  3
  115.213334  3
  311.320873  3
  4.681977  3.5
  115.866199  3.5
  311.319082  3.5
  20.981549  2
  112.568579  2
  6.593719  2.5
  112.733133  2.5
  16.199668  1
  9.088030  1.5
