  61.887807  10
  65.130421  10
  136.295141  10
  191.247767  10
  276.763277  10
  383.996515  10
  513.214734  10
  664.213419  10
  836.918166  10
  1031.291455  10
  0.000113  10.5
  102.319974  10.5
  124.420835  10.5
  192.579056  10.5
  276.702766  10.5
  383.997951  10.5
  513.214715  10.5
  664.213419  10.5
  836.918166  10.5
  1031.291455  10.5
  54.068899  9
  58.738175  9
  121.615553  9
  179.818649  9
  265.473740  9
  372.968432  9
  502.322703  9
  653.406732  9
  826.168477  9
  0.000364  9.5
  88.000712  9.5
  114.039137  9.5
  180.452332  9.5
  265.451863  9.5
  372.968818  9.5
  502.322699  9.5
  653.406732  9.5
  826.168477  9.5
  46.172008  8
  52.631236  8
  108.980641  8
  169.655175  8
  255.490283  8
  363.171453  8
  492.627405  8
  643.775231  8
  0.001162  8.5
  74.741190  8.5
  104.537988  8.5
  169.925229  8.5
  255.483489  8.5
  363.171536  8.5
  492.627405  8.5
  643.775231  8.5
  38.343269  7
  46.887496  7
  98.350626  7
  160.758587  7
  246.768829  7
  354.581966  7
  484.111987  7
  0.003640  7.5
  62.765556  7.5
  96.003900  7.5
  160.858403  7.5
  246.767118  7.5
  354.581978  7.5
  484.111987  7.5
  30.800990  6
  41.590717  6
  89.595303  6
  153.116744  6
  239.274202  6
  347.179227  6
  0.011129  6.5
  52.255325  6.5
  88.510419  6.5
  153.147040  6.5
  239.273890  6.5
  347.179228  6.5
  23.796485  5
  36.827542  5
  82.533805  5
  146.708783  5
  232.977934  5
  0.032940  5.5
  43.352173  5.5
  82.115836  5.5
  146.715571  5.5
  232.977902  5.5
  17.563689  4
  32.685804  4
  76.983329  4
  141.509875  4
  0.093187  4.5
  36.156937  4.5
  76.861745  4.5
  141.510728  4.5
  12.280504  3
  29.255635  3
  72.793335  3
  0.247776  3.5
  30.718789  3.5
  72.772834  3.5
  8.047901  2
  26.634821  2
  0.607387  2.5
  27.015283  2.5
  4.880282  1
  1.350257  1.5
