  38.887147  10
  38.887149  10
  103.823202  10
  103.832289  10
  149.500065  10
  151.442048  10
  174.186390  10
  191.000454  10
  214.402377  10
  241.481670  10
  0.000000  10.5
  73.524055  10.5
  73.524286  10.5
  129.524968  10.5
  129.713155  10.5
  162.587799  10.5
  170.799857  10.5
  191.405302  10.5
  214.382338  10.5
  241.482042  10.5
  34.785927  9
  34.785946  9
  91.450327  9
  91.495741  9
  127.258087  9
  131.887616  9
  150.839681  9
  170.328133  9
  194.348203  9
  0.000000  9.5
  65.312301  9.5
  65.313710  9.5
  112.643304  9.5
  113.353827  9.5
  137.478421  9.5
  149.895773  9.5
  170.386290  9.5
  194.346946  9.5
  30.684179  8
  30.684311  8
  78.985099  8
  79.188626  8
  105.441541  8
  113.696708  8
  131.537764  8
  152.335835  8
  0.000000  8.5
  57.092940  8.5
  57.101026  8.5
  95.218882  8.5
  97.365633  8.5
  115.659209  8.5
  131.377195  8.5
  152.339987  8.5
  26.581339  7
  26.582217  7
  66.258215  7
  67.030046  7
  85.757105  7
  97.492815  7
  115.460090  7
  0.000000  7.5
  48.850730  7.5
  48.893496  7.5
  77.476873  7.5
  82.238639  7.5
  97.906035  7.5
  115.446762  7.5
  22.475179  6
  22.480672  6
  53.087846  6
  55.321622  6
  69.558892  6
  83.674570  6
  0.000000  6.5
  40.529012  6.5
  40.729306  6.5
  60.724124  6.5
  68.601202  6.5
  83.715745  6.5
  18.355393  5
  18.387050  5
  40.013553  5
  44.579671  5
  57.125091  5
  0.000000  5.5
  31.976158  5.5
  32.743667  5.5
  46.486652  5.5
  57.004786  5.5
  14.178357  4
  14.338009  4
  28.424766  4
  35.402453  4
  0.000000  4.5
  23.157431  4.5
  25.262082  4.5
  35.724476  4.5
  9.836223  3
  10.464928  3
  19.541942  3
  0.000013  3.5
  14.895962  3.5
  18.797421  3.5
  5.477868  2
  7.077243  2
  0.000696  2.5
  8.454618  2.5
  2.075471  1
  0.025572  1.5
