  45.964063  10
  46.002306  10
  113.148573  10
  120.282508  10
  157.069185  10
  194.190110  10
  242.150927  10
  298.714040  10
  363.755914  10
  437.158449  10
  0.000000  10.5
  84.797334  10.5
  85.683648  10.5
  132.701842  10.5
  154.514320  10.5
  194.405423  10.5
  242.141606  10.5
  298.714263  10.5
  363.755911  10.5
  437.158449  10.5
  41.003303  9
  41.096910  9
  96.838220  9
  107.367132  9
  141.433303  9
  180.261289  9
  228.595028  9
  285.432805  9
  350.652288  9
  0.000000  9.5
  74.349299  9.5
  76.124192  9.5
  114.692638  9.5
  140.407138  9.5
  180.321709  9.5
  228.593230  9.5
  285.432832  9.5
  350.652288  9.5
  35.998681  8
  36.219832  8
  81.289040  8
  95.442489  8
  128.223474  8
  168.021553  8
  216.650176  8
  273.683086  8
  0.000000  8.5
  63.604888  8.5
  66.865842  8.5
  99.157079  8.5
  127.881902  8.5
  168.034977  8.5
  216.649931  8.5
  273.683088  8.5
  30.908455  7
  31.406340  7
  67.135851  7
  84.725601  7
  117.076683  7
  157.409042  7
  206.251167  7
  0.000002  7.5
  52.705396  7.5
  58.084951  7.5
  86.279451  7.5
  116.986733  7.5
  157.411160  7.5
  206.251149  7.5
  25.674582  6
  26.721038  6
  54.902510  6
  75.385959  6
  107.726543  6
  148.356975  6
  0.000021  6.5
  42.077113  6.5
  49.989764  6.5
  75.895963  6.5
  107.709623  6.5
  148.357154  6.5
  20.275338  5
  22.267694  5
  44.952131  5
  67.526680  5
  100.002798  5
  0.000165  5.5
  32.299222  5.5
  42.796230  5.5
  67.646315  5.5
  100.001069  5.5
  14.860691  4
  18.190028  4
  37.385724  4
  61.180703  4
  0.001267  4.5
  23.892621  4.5
  36.701811  4.5
  61.196136  4.5
  9.834354  3
  14.659058  3
  31.984618  3
  0.009015  3.5
  17.236291  3.5
  31.863740  3.5
  5.685260  2
  11.854936  2
  0.056217  2.5
  12.571323  2.5
  2.736551  1
  0.280223  1.5
