  40.110758  10
  40.110884  10
  106.180020  10
  106.342063  10
  147.040002  10
  155.793950  10
  180.677479  10
  208.054013  10
  240.897296  10
  278.424007  10
  0.000000  10.5
  75.604113  10.5
  75.610890  10.5
  130.614810  10.5
  132.473362  10.5
  160.738213  10.5
  179.981156  10.5
  208.097527  10.5
  240.895974  10.5
  278.424023  10.5
  35.868802  9
  35.869387  9
  93.131644  9
  93.645558  9
  124.794602  9
  137.739730  9
  162.016253  9
  190.474920  9
  223.777625  9
  0.000000  9.5
  67.087028  9.5
  67.113810  9.5
  112.114431  9.5
  116.229995  9.5
  139.580267  9.5
  161.863571  9.5
  190.480510  9.5
  223.777548  9.5
  31.624782  8
  31.627412  8
  79.731674  8
  81.159026  8
  104.953483  8
  121.578748  8
  146.051468  8
  175.105947  8
  0.000000  8.5
  58.529728  8.5
  58.629065  8.5
  93.582420  8.5
  100.936274  8.5
  122.067533  8.5
  146.028880  8.5
  175.106318  8.5
  27.375338  7
  27.386678  7
  65.897208  7
  69.155772  7
  88.419790  7
  107.546143  7
  132.410935  7
  0.000000  7.5
  49.865086  7.5
  50.201828  7.5
  76.192112  7.5
  87.058426  7.5
  107.631924  7.5
  132.409206  7.5
  23.109052  6
  23.155181  6
  52.148840  6
  58.033695  6
  75.282767  6
  95.686298  6
  0.000000  6.5
  40.957574  6.5
  41.951377  6.5
  61.113384  6.5
  74.985206  6.5
  95.694050  6.5
  18.789851  5
  18.961911  5
  39.573753  5
  48.233742  5
  64.964524  5
  0.000000  5.5
  31.752263  5.5
  34.117989  5.5
  49.126780  5.5
  64.931547  5.5
  14.334249  4
  14.890899  4
  29.187497  4
  40.122400  4
  0.000007  4.5
  22.744865  4.5
  27.062343  4.5
  40.251669  4.5
  9.714533  3
  11.127178  3
  21.627252  3
  0.000178  3.5
  14.923312  3.5
  21.188351  3.5
  5.381225  2
  7.963644  2
  0.003932  2.5
  9.102857  2.5
  2.182103  1
  0.063063  1.5
