  40.799194  10
  40.799629  10
  107.381415  10
  107.779103  10
  146.284386  10
  159.093254  10
  186.497554  10
  218.040427  10
  255.206346  10
  297.510826  10
  0.000000  10.5
  76.759585  10.5
  76.779513  10.5
  130.758818  10.5
  134.325966  10.5
  162.255063  10.5
  186.157417  10.5
  218.057922  10.5
  255.205897  10.5
  297.510831  10.5
  36.477247  9
  36.479005  9
  93.867964  9
  94.945952  9
  124.815787  9
  141.794212  9
  169.130448  9
  201.456055  9
  239.011695  9
  0.000000  9.5
  68.059032  9.5
  68.127406  9.5
  111.680982  9.5
  118.294623  9.5
  142.864291  9.5
  169.059101  9.5
  201.458252  9.5
  239.011669  9.5
  32.151607  8
  32.158490  8
  79.916270  8
  82.446866  8
  106.226652  8
  126.451368  8
  154.126874  8
  186.920540  8
  0.000000  8.5
  59.286823  8.5
  59.506430  8.5
  93.161115  8.5
  103.423851  8.5
  126.718265  8.5
  154.116603  8.5
  186.920683  8.5
  27.816079  7
  27.841911  7
  65.686425  7
  70.590828  7
  90.983010  7
  113.181495  7
  141.238393  7
  0.000000  7.5
  50.346449  7.5
  50.987705  7.5
  76.327065  7.5
  90.105822  7.5
  113.226695  7.5
  141.237620  7.5
  23.451882  6
  23.543229  6
  51.957025  6
  59.762982  6
  78.804200  6
  101.962576  6
  0.000000  6.5
  41.107526  6.5
  42.725826  6.5
  62.111393  6.5
  78.621897  6.5
  101.966578  6.5
  19.009027  5
  19.304504  5
  39.748240  5
  50.341630  5
  69.111624  5
  0.000001  5.5
  31.667152  5.5
  34.983613  5.5
  50.981756  5.5
  69.091942  5.5
  14.402420  4
  15.228675  4
  29.883247  4
  42.608298  4
  0.000021  4.5
  22.686423  4.5
  28.106117  4.5
  42.697629  4.5
  9.680691  3
  11.510690  3
  22.798460  3
  0.000413  3.5
  15.068809  3.5
  22.446283  3.5
  5.375864  2
  8.425869  2
  0.006910  2.5
  9.478599  2.5
  2.243418  1
  0.085306  1.5
