  50.938784  10
  51.218944  10
  117.266482  10
  136.300123  10
  183.140393  10
  239.272710  10
  308.077453  10
  388.796634  10
  481.301144  10
  585.519010  10
  0.000000  10.5
  91.021775  10.5
  95.205622  10.5
  142.569362  10.5
  182.460928  10.5
  239.306882  10.5
  308.076509  10.5
  388.796649  10.5
  481.301144  10.5
  585.519010  10.5
  45.246529  9
  45.791627  9
  100.725749  9
  123.840515  9
  169.912112  9
  226.786417  9
  295.856198  9
  376.746318  9
  469.363940  9
  0.000002  9.5
  78.736634  9.5
  85.174466  9.5
  127.122121  9.5
  169.657751  9.5
  226.795736  9.5
  295.856019  9.5
  376.746320  9.5
  469.363940  9.5
  39.438043  8
  40.457716  8
  85.793443  8
  112.594222  8
  158.436175  8
  215.765349  8
  285.032104  8
  366.046638  8
  0.000011  8.5
  66.512623  8.5
  75.700345  8.5
  114.090318  8.5
  158.355259  8.5
  215.767379  8.5
  285.032080  8.5
  366.046638  8.5
  33.472479  7
  35.281175  7
  72.814005  7
  102.664029  7
  148.548766  7
  206.160402  7
  275.567396  7
  0.000060  7.5
  54.762724  7.5
  66.945492  7.5
  103.242148  7.5
  148.528059  7.5
  206.160718  7.5
  275.567395  7.5
  27.361959  6
  30.351211  6
  62.009578  6
  94.109447  6
  140.137891  6
  197.926719  6
  0.000322  6.5
  43.931838  6.5
  59.069653  6.5
  94.289902  6.5
  140.134066  6.5
  197.926746  6.5
  21.251758  5
  25.780306  5
  53.417113  5
  86.948002  5
  133.125885  5
  0.001665  5.5
  34.402487  5.5
  52.217382  5.5
  86.989134  5.5
  133.125498  5.5
  15.450762  4
  21.696802  4
  46.869093  4
  81.164089  4
  0.008199  4.5
  26.466128  4.5
  46.507587  4.5
  81.169313  4.5
  10.339926  3
  18.235560  3
  42.088077  3
  0.037482  3.5
  20.328000  3.5
  42.025943  3.5
  6.231087  2
  15.534148  2
  0.152394  2.5
  16.098082  2.5
  3.279475  1
  0.522096  1.5
