  97.845929  10
  174.995517  10
  410.155600  10
  749.515469  10
  1204.119125  10
  1772.808442  10
  2455.424478  10
  3251.903402  10
  4162.216641  10
  5186.349830  10
  0.410509  10.5
  197.075092  10.5
  409.056027  10.5
  749.533192  10.5
  1204.118991  10.5
  1772.808443  10.5
  2455.424478  10.5
  3251.903402  10.5
  4162.216641  10.5
  5186.349830  10.5
  85.233208  9
  166.777163  9
  399.533871  9
  739.473863  9
  1194.213488  9
  1762.974012  9
  2445.631003  9
  3242.135643  9
  4152.466078  9
  0.625687  9.5
  183.227807  9.5
  398.888555  9.5
  739.482059  9.5
  1194.213440  9.5
  1762.974012  9.5
  2445.631003  9.5
  3242.135643  9.5
  4152.466078  9.5
  73.517806  8
  159.226806  8
  390.143544  8
  730.515193  8
  1185.367440  8
  1754.186130  8
  2436.876572  8
  3233.402206  8
  0.942719  8.5
  171.001991  8.5
  389.789777  8.5
  730.518614  8.5
  1185.367426  8.5
  1754.186130  8.5
  2436.876572  8.5
  3233.402206  8.5
  62.742353  7
  152.381816  7
  381.941594  7
  722.631151  7
  1177.575320  7
  1746.441008  7
  2429.158465  7
  1.402079  7.5
  160.391987  7.5
  381.763975  7.5
  722.632396  7.5
  1177.575317  7.5
  1746.441008  7.5
  2429.158465  7.5
  52.935700  6
  146.281735  6
  374.892458  6
  715.814175  6
  1170.832153  6
  1739.735307  6
  2.055438  6.5
  151.378136  6.5
  374.813248  6.5
  715.814549  6.5
  1170.832152  6.5
  1739.735307  6.5
  44.112434  5
  140.969083  5
  368.967607  5
  710.057566  5
  1165.133639  5
  2.966160  5.5
  143.926145  5.5
  368.937822  5.5
  710.057650  5.5
  1165.133639  5.5
  36.272511  4
  136.490256  4
  364.144949  4
  705.355566  4
  4.208633  4.5
  137.987520  4.5
  364.136421  4.5
  705.355577  4.5
  29.400986  3
  132.896434  3
  360.408136  3
  5.866245  3.5
  133.501250  3.5
  360.406713  3.5
  23.467945  2
  130.244376  2
  8.028111  2.5
  130.396644  2.5
  18.428745  1
  10.784962  1.5
