  60.909082  10
  63.655216  10
  133.744012  10
  184.843818  10
  265.922024  10
  367.537479  10
  490.048515  10
  633.233862  10
  797.015577  10
  981.354309  10
  0.000075  10.5
  101.232432  10.5
  121.103859  10.5
  186.373139  10.5
  265.847878  10.5
  367.539348  10.5
  490.048489  10.5
  633.233862  10.5
  797.015577  10.5
  981.354309  10.5
  53.301298  9
  57.340251  9
  118.856828  9
  173.333494  9
  254.527687  9
  356.423070  9
  479.077564  9
  622.352917  9
  786.194722  9
  0.000253  9.5
  86.997520  9.5
  110.732863  9.5
  174.064148  9.5
  254.500844  9.5
  356.423571  9.5
  479.077559  9.5
  622.352917  9.5
  786.194722  9.5
  45.590887  8
  51.293192  8
  106.018800  8
  163.093367  8
  244.460126  8
  346.553447  8
  469.314946  8
  612.657425  8
  0.000837  8.5
  73.762820  8.5
  101.223341  8.5
  163.405545  8.5
  244.451782  8.5
  346.553555  8.5
  469.314945  8.5
  612.657425  8.5
  37.908157  7
  45.592699  7
  95.214589  7
  154.128735  7
  235.671045  7
  337.903459  7
  460.742689  7
  0.002725  7.5
  61.771081  7.5
  92.667689  7.5
  154.244321  7.5
  235.668943  7.5
  337.903475  7.5
  460.742689  7.5
  30.465136  6
  40.324450  6
  86.327271  6
  146.429596  6
  228.122320  6
  330.450997  6
  0.008662  6.5
  51.219330  6.5
  85.145170  6.5
  146.464719  6.5
  228.121936  6.5
  330.450999  6.5
  23.519209  5
  35.577784  5
  79.175828  5
  139.975623  5
  221.783342  5
  0.026646  5.5
  42.261656  5.5
  78.719218  5.5
  139.983498  5.5
  221.783303  5.5
  17.318240  4
  31.443446  4
  73.568705  4
  134.741420  4
  0.078312  4.5
  35.009448  4.5
  73.435671  4.5
  134.742411  4.5
  12.055288  3
  28.014222  3
  69.344740  3
  0.216002  3.5
  29.521483  3.5
  69.322288  3.5
  7.843363  2
  25.390133  2
  0.547562  2.5
  25.782948  2.5
  4.703947  1
  1.252454  1.5
