  45.486973  10
  45.516520  10
  112.775832  10
  118.966935  10
  155.178674  10
  190.395562  10
  236.445262  10
  290.791301  10
  353.322393  10
  423.912367  10
  0.000000  10.5
  84.116903  10.5
  84.834952  10.5
  132.192929  10.5
  152.244507  10.5
  190.659872  10.5
  236.433188  10.5
  290.791604  10.5
  353.322389  10.5
  423.912367  10.5
  40.589305  9
  40.663774  9
  96.590417  9
  106.020229  9
  139.174415  9
  176.268277  9
  222.700615  9
  277.337854  9
  340.056278  9
  0.000000  9.5
  73.852667  9.5
  75.339166  9.5
  113.939173  9.5
  137.980075  9.5
  176.342839  9.5
  222.698280  9.5
  277.337890  9.5
  340.056278  9.5
  35.653618  8
  35.834842  8
  81.039117  8
  94.027094  8
  125.697318  8
  163.858618  8
  210.598573  8
  265.441794  8
  0.000000  8.5
  63.290867  8.5
  66.116676  8.5
  98.105315  8.5
  125.296336  8.5
  163.875242  8.5
  210.598254  8.5
  265.441796  8.5
  30.641184  7
  31.061679  7
  66.789369  7
  83.218306  7
  114.362832  7
  153.105247  7
  200.069246  7
  0.000002  7.5
  52.527424  7.5
  57.341419  7.5
  84.947063  7.5
  114.256681  7.5
  153.107876  7.5
  200.069223  7.5
  25.493503  6
  26.405023  6
  54.404155  6
  73.779116  6
  104.877596  6
  143.939055  6
  0.000014  6.5
  41.955318  6.5
  49.224749  6.5
  74.351660  6.5
  104.857565  6.5
  143.939278  6.5
  20.176150  5
  21.965825  5
  44.286792  5
  65.826821  5
  97.053757  5
  0.000123  5.5
  32.163552  5.5
  41.990592  5.5
  65.961818  5.5
  97.051706  5.5
  14.813981  4
  17.888031  4
  36.581266  4
  59.403886  4
  0.000998  4.5
  23.704678  4.5
  35.846898  4.5
  59.421348  4.5
  9.800231  3
  14.346588  3
  31.091707  3
  0.007522  3.5
  16.984765  3.5
  30.961307  3.5
  5.642472  2
  11.527570  2
  0.049616  2.5
  12.263804  2.5
  2.688328  1
  0.260018  1.5
