  430.637832  10
  2181.497797  10
  5963.562858  10
  11637.396784  10
  19203.512442  10
  28661.477091  10
  40011.168964  10
  53252.542320  10
  68385.576814  10
  85410.262265  10
  116.872736  10.5
  2187.493291  10.5
  5963.546882  10.5
  11637.396799  10.5
  19203.512442  10.5
  28661.477091  10.5
  40011.168964  10.5
  53252.542320  10.5
  68385.576814  10.5
  85410.262265  10.5
  407.387557  9
  2171.581865  9
  5953.635378  9
  11627.678443  9
  19193.876765  9
  28651.882823  9
  40001.598379  9
  53242.986545  9
  68376.030916  9
  126.022633  9.5
  2175.949096  9.5
  5953.626056  9.5
  11627.678450  9.5
  19193.876765  9.5
  28651.882823  9.5
  40001.598379  9.5
  53242.986545  9.5
  68376.030916  9.5
  385.024872  8
  2162.639218  8
  5944.756708  8
  11618.984665  8
  19185.256346  8
  28643.299136  8
  39993.035698  8
  53234.436998  8
  135.740133  8.5
  2165.700589  8.5
  5944.751622  8.5
  11618.984668  8.5
  19185.256346  8.5
  28643.299136  8.5
  39993.035698  8.5
  53234.436998  8.5
  363.537645  7
  2154.685528  7
  5936.925498  7
  11611.314925  7
  19177.650858  7
  28635.725811  7
  39985.480762  7
  146.046841  7.5
  2156.728980  7.5
  5936.922955  7.5
  11611.314926  7.5
  19177.650858  7.5
  28635.725811  7.5
  39985.480762  7.5
  342.912928  6
  2147.736827  6
  5930.140596  6
  11604.668756  6
  19171.060014  6
  28629.162654  6
  156.964187  6.5
  2149.015360  6.5
  5930.139466  6.5
  11604.668757  6.5
  19171.060014  6.5
  28629.162654  6.5
  323.136976  5
  2141.809498  5
  5924.401039  5
  11599.045757  5
  19165.483567  5
  168.513362  5.5
  2142.540754  5.5
  5924.400615  5.5
  11599.045758  5.5
  19165.483567  5.5
  304.195265  4
  2136.920267  4
  5919.706039  4
  11594.445587  4
  180.715261  4.5
  2137.286168  4.5
  5919.705918  4.5
  11594.445587  4.5
  286.072516  3
  2133.086194  3
  5916.054977  3
  193.590422  3.5
  2133.232639  3.5
  5916.054957  3.5
  268.752718  2
  2130.324653  2
  207.158979  2.5
  2130.361280  2.5
  252.219160  1
  221.440603  1.5
