  47.383289  10
  47.458772  10
  114.226272  10
  124.414294  10
  163.409744  10
  206.026996  10
  259.733802  10
  322.954220  10
  395.549087  10
  477.418818  10
  0.000000  10.5
  86.732759  10.5
  88.263123  10.5
  134.678303  10.5
  161.697177  10.5
  206.148209  10.5
  259.729265  10.5
  322.954315  10.5
  395.549086  10.5
  477.418818  10.5
  42.228236  9
  42.399213  9
  97.681533  9
  111.611308  9
  148.689089  9
  192.610879  9
  246.658187  9
  310.113483  9
  382.861865  9
  0.000000  9.5
  75.732549  9.5
  78.535747  9.5
  117.422824  9.5
  148.021690  9.5
  192.644489  9.5
  246.657318  9.5
  310.113494  9.5
  382.861865  9.5
  37.010018  8
  37.383426  8
  82.221225  8
  99.889472  8
  136.135178  8
  180.806909  8
  235.114917  8
  298.738715  8
  0.000001  8.5
  64.480595  8.5
  69.189758  8.5
  102.721017  8.5
  135.917267  8.5
  180.814316  8.5
  235.114799  8.5
  298.738715  8.5
  31.680341  7
  32.456171  7
  68.382761  7
  89.427410  7
  125.454683  7
  170.554949  7
  225.049676  7
  0.000007  7.5
  53.241369  7.5
  60.403287  7.5
  90.574602  7.5
  125.397979  7.5
  170.556111  7.5
  225.049668  7.5
  26.189547  6
  27.691921  6
  56.588400  6
  80.353995  6
  116.445578  6
  161.795235  6
  0.000052  6.5
  42.496528  6.5
  52.372465  6.5
  80.722764  6.5
  116.434990  6.5
  161.795333  6.5
  20.560641  5
  23.200276  5
  47.092305  5
  72.738001  5
  108.977185  5
  0.000361  5.5
  32.775975  5.5
  45.290356  5.5
  72.823489  5.5
  108.976108  5.5
  15.009267  4
  19.122355  4
  39.887210  4
  66.590848  4
  0.002383  4.5
  24.516938  4.5
  39.326857  4.5
  66.601807  4.5
  9.952358  3
  15.617774  3
  34.710851  3
  0.014576  3.5
  18.032234  3.5
  34.612900  3.5
  5.823409  2
  12.851399  2
  0.078446  2.5
  13.515515  2.5
  2.883650  1
  0.343226  1.5
