  58.081093  10
  59.707741  10
  127.467271  10
  168.255956  10
  237.738870  10
  324.550486  10
  429.422779  10
  552.068726  10
  692.398714  10
  850.367193  10
  0.000021  10.5
  98.285053  10.5
  112.450005  10.5
  170.538023  10.5
  237.604393  10.5
  324.554534  10.5
  429.422711  10.5
  552.068726  10.5
  692.398714  10.5
  850.367193  10.5
  51.068657  9
  53.625001  9
  112.001899  9
  156.497278  9
  225.992350  9
  313.151714  9
  418.192241  9
  540.943889  9
  681.344357  9
  0.000081  9.5
  84.378286  9.5
  102.126773  9.5
  157.603036  9.5
  225.943422  9.5
  313.152803  9.5
  418.192228  9.5
  540.943889  9.5
  681.344357  9.5
  43.907705  8
  47.759277  8
  98.558863  8
  146.015961  8
  215.644921  8
  303.043053  8
  408.208447  8
  531.038418  8
  0.000302  8.5
  71.266979  8.5
  92.601009  8.5
  146.492981  8.5
  215.629657  8.5
  303.043288  8.5
  408.208446  8.5
  531.038418  8.5
  36.674420  7
  42.189779  7
  87.207531  7
  136.833109  7
  206.632257  7
  294.194226  7
  399.449653  7
  0.001111  7.5
  59.254559  7.5
  83.983502  7.5
  137.010867  7.5
  206.628403  7.5
  294.194263  7.5
  399.449652  7.5
  29.546279  6
  37.006881  6
  77.889646  6
  128.947988  6
  198.905397  6
  286.578551  6
  0.003983  6.5
  48.591596  6.5
  76.372014  6.5
  129.002230  6.5
  198.904691  6.5
  286.578554  6.5
  22.785888  5
  32.307802  5
  70.438819  5
  122.343663  5
  192.426137  5
  0.013824  5.5
  39.474753  5.5
  69.847080  5.5
  122.355857  5.5
  192.426066  5.5
  16.679287  4
  28.192587  4
  64.642351  4
  116.993819  4
  0.045786  4.5
  32.050150  4.5
  64.468971  4.5
  116.995356  4.5
  11.467931  3
  24.762856  3
  60.305529  3
  0.141771  3.5
  26.407534  3.5
  60.276174  3.5
  7.305421  2
  22.126067  2
  0.399758  2.5
  22.557839  2.5
  4.237927  1
  1.000981  1.5
