  63.590988  10
  67.853136  10
  141.258570  10
  203.312310  10
  297.136368  10
  414.847914  10
  556.588959  10
  722.179105  10
  911.549568  10
  1124.665706  10
  0.000221  10.5
  104.327634  10.5
  130.645625  10.5
  204.357765  10.5
  297.093787  10.5
  414.848825  10.5
  556.588948  10.5
  722.179105  10.5
  911.549568  10.5
  1124.665706  10.5
  55.402455  9
  61.329946  9
  126.943290  9
  192.018537  9
  286.012387  9
  403.957676  9
  545.823072  9
  711.491217  9
  900.913798  9
  0.000670  9.5
  89.891079  9.5
  120.251225  9.5
  192.513479  9.5
  285.997023  9.5
  403.957920  9.5
  545.823069  9.5
  711.491217  9.5
  900.913798  9.5
  47.188550  8
  55.121878  8
  114.650512  8
  181.980725  8
  276.162513  8
  394.276773  8
  536.235454  8
  701.962143  8
  0.002005  8.5
  76.605893  8.5
  110.767265  8.5
  182.190863  8.5
  276.157748  8.5
  394.276826  8.5
  536.235454  8.5
  701.962143  8.5
  39.117856  7
  49.304964  7
  104.304803  7
  173.194463  7
  267.548849  7
  385.784035  7
  527.811007  7
  0.005890  7.5
  64.667025  7.5
  102.270618  7.5
  173.271935  7.5
  267.547650  7.5
  385.784043  7.5
  527.811007  7.5
  31.413257  6
  43.959412  6
  95.760442  6
  165.644881  6
  260.140643  6
  378.460870  6
  0.016893  6.5
  54.232043  6.5
  94.825656  6.5
  165.668355  6.5
  260.140424  6.5
  378.460871  6.5
  24.311959  5
  39.167313  5
  88.841270  5
  159.310735  5
  253.912703  5
  0.046904  5.5
  45.423153  5.5
  88.482535  5.5
  159.315988  5.5
  253.912681  5.5
  18.023737  4
  35.011784  4
  83.380350  4
  154.168368  4
  0.124602  4.5
  38.324188  4.5
  83.276246  4.5
  154.169028  4.5
  12.702052  3
  31.578766  3
  79.244311  3
  0.311933  3.5
  32.968783  3.5
  79.226782  3.5
  8.429008  2
  28.962483  2
  0.723784  2.5
  29.322619  2.5
  5.208167  1
  1.535623  1.5
