  40.740230  10
  40.740626  10
  107.282716  10
  107.654761  10
  146.324303  10
  158.791878  10
  185.970162  10
  217.177821  10
  253.988006  10
  295.898669  10
  0.000000  10.5
  76.661123  10.5
  76.679504  10.5
  130.754700  10.5
  134.158564  10.5
  162.074992  10.5
  185.609867  10.5
  217.196625  10.5
  253.987517  10.5
  295.898674  10.5
  36.425163  9
  36.426781  9
  93.810806  9
  94.831556  9
  124.781485  9
  141.431839  9
  168.510088  9
  200.519401  9
  237.724503  9
  0.000000  9.5
  67.976693  9.5
  68.040435  9.5
  111.713815  9.5
  118.106953  9.5
  142.550344  9.5
  168.434294  9.5
  200.521766  9.5
  237.724474  9.5
  32.106569  8
  32.112972  8
  79.904540  8
  82.331763  8
  106.088650  8
  126.025633  8
  153.436005  8
  185.921822  8
  0.000000  8.5
  59.223628  8.5
  59.430605  8.5
  93.182269  8.5
  103.200552  8.5
  126.305763  8.5
  153.425073  8.5
  185.921977  8.5
  27.778532  7
  27.802815  7
  65.701607  7
  70.462414  7
  90.746982  7
  112.698126  7
  140.491708  7
  0.000000  7.5
  50.307634  7.5
  50.918922  7.5
  76.297736  7.5
  89.838003  7.5
  112.745679  7.5
  140.490885  7.5
  23.422939  6
  23.509719  6
  51.965504  6
  59.610518  6
  78.498360  6
  101.431285  6
  0.000000  6.5
  41.096229  6.5
  42.657335  6.5
  62.011885  6.5
  78.308810  6.5
  101.435501  6.5
  18.990901  5
  19.274646  5
  39.725361  5
  50.159570  5
  68.759909  5
  0.000001  5.5
  31.672727  5.5
  34.907400  5.5
  50.817047  5.5
  68.739409  5.5
  14.396896  4
  15.199112  4
  29.818928  4
  42.397451  4
  0.000020  4.5
  22.688056  4.5
  28.015835  4.5
  42.489434  4.5
  9.682824  3
  11.477530  3
  22.697981  3
  0.000388  3.5
  15.054087  3.5
  22.339579  3.5
  5.375512  2
  8.386733  2
  0.006622  2.5
  9.446101  2.5
  2.238129  1
  0.083368  1.5
