  74.706388  10
  91.939029  10
  194.171979  10
  318.435490  10
  489.671559  10
  704.279464  10
  962.107144  10
  1263.052441  10
  1607.070771  10
  1994.139693  10
  0.008086  10.5
  123.079070  10.5
  189.470607  10.5
  318.653443  10.5
  489.666998  10.5
  704.279515  10.5
  962.107144  10.5
  1263.052441  10.5
  1607.070771  10.5
  1994.139693  10.5
  64.351294  9
  84.668358  9
  181.932832  9
  307.829792  9
  479.266212  9
  694.005012  9
  951.906967  9
  1252.898915  9
  1596.948461  9
  0.017506  9.5
  108.481615  9.5
  179.111980  9.5
  307.931225  9.5
  479.264577  9.5
  694.005025  9.5
  951.906967  9.5
  1252.898915  9.5
  1596.948461  9.5
  54.442741  8
  77.881490  8
  171.352926  8
  298.399385  8
  470.004879  8
  684.844049  8
  942.803396  8
  1243.831403  8
  0.037361  8.5
  95.380471  8.5
  169.780334  8.5
  298.441926  8.5
  470.004375  8.5
  684.844052  8.5
  942.803396  8.5
  1243.831403  8.5
  45.145070  7
  71.635901  7
  162.307209  7
  290.128856  7
  461.870836  7
  676.785867  7
  934.788776  7
  0.078312  7.5
  83.854366  7.5
  161.507747  7.5
  290.144404  7.5
  461.870709  7.5
  676.785867  7.5
  934.788776  7.5
  36.605354  6
  65.989623  6
  154.678316  6
  283.001827  6
  454.849681  6
  669.821045  6
  0.160486  6.5
  73.961893  6.5
  154.318541  6.5
  283.006510  6.5
  454.849658  6.5
  669.821045  6.5
  28.942764  5
  61.001914  5
  148.365529  5
  277.002197  5
  448.929138  5
  0.319758  5.5
  65.736953  5.5
  148.229360  5.5
  277.003241  5.5
  448.929136  5.5
  22.242028  4
  56.734912  4
  143.288787  4
  272.115144  4
  0.615508  4.5
  59.181995  4.5
  143.249618  4.5
  272.115275  4.5
  16.549717  3
  53.256398  3
  139.388995  3
  1.137370  3.5
  54.261448  3.5
  139.382435  3.5
  11.872008  2
  50.643520  2
  2.006659  2.5
  50.899631  2.5
  8.173400  1
  3.368781  1.5
