  39.038689  10
  39.038695  10
  104.127124  10
  104.142617  10
  149.197214  10
  151.848461  10
  174.457141  10
  193.026515  10
  217.820858  10
  246.457794  10
  0.000000  10.5
  73.783184  10.5
  73.783613  10.5
  129.730474  10.5
  130.022011  10.5
  161.930619  10.5
  171.742132  10.5
  193.312756  10.5
  217.807885  10.5
  246.458017  10.5
  34.920119  9
  34.920155  9
  91.682186  9
  91.753585  9
  126.756937  9
  132.476577  9
  151.998688  9
  172.906672  9
  198.305322  9
  0.000000  9.5
  65.534685  9.5
  65.537105  9.5
  112.642487  9.5
  113.647198  9.5
  137.298612  9.5
  151.282937  9.5
  172.946725  9.5
  198.304519  9.5
  30.800898  8
  30.801127  8
  79.115743  8
  79.410048  8
  105.098351  8
  114.588906  8
  133.348399  8
  155.391176  8
  0.000000  8.5
  57.276152  8.5
  57.288987  8.5
  94.977922  8.5
  97.728771  8.5
  116.190660  8.5
  133.230632  8.5
  155.393989  8.5
  26.680265  7
  26.681666  7
  66.236013  7
  67.256737  7
  85.855307  7
  98.747753  7
  117.726217  7
  0.000000  7.5
  48.987263  7.5
  49.049916  7.5
  77.174603  7.5
  82.775321  7.5
  99.071145  7.5
  117.716620  7.5
  22.555212  6
  22.563322  6
  52.925800  6
  55.622984  6
  70.189835  6
  85.276660  6
  0.000000  6.5
  40.598118  6.5
  40.868417  6.5
  60.620434  6.5
  69.388026  6.5
  85.308168  6.5
  18.412576  5
  18.455759  5
  39.879097  5
  45.026035  5
  58.156380  5
  0.000000  5.5
  31.948590  5.5
  32.898977  5.5
  46.731600  5.5
  58.058473  5.5
  14.201436  4
  14.402427  4
  28.465195  4
  36.028640  4
  0.000000  4.5
  23.075000  4.5
  25.481275  4.5
  36.307656  4.5
  9.815729  3
  10.545617  3
  19.801656  3
  0.000022  3.5
  14.872414  3.5
  19.115242  3.5
  5.455437  2
  7.195959  2
  0.000954  2.5
  8.533559  2.5
  2.088516  1
  0.030075  1.5
