  52.352538  10
  52.778017  10
  118.769462  10
  141.691965  10
  192.330632  10
  254.005522  10
  329.222641  10
  417.384758  10
  518.371248  10
  632.117323  10
  0.000001  10.5
  92.544455  10.5
  98.213060  10.5
  146.827874  10.5
  191.847434  10.5
  254.027210  10.5
  329.222102  10.5
  417.384766  10.5
  518.371248  10.5
  632.117323  10.5
  46.424431  9
  47.212297  9
  102.367771  9
  129.376084  9
  179.502787  9
  241.795392  9
  317.253118  9
  405.568761  9
  506.657090  9
  0.000005  9.5
  79.830150  9.5
  88.097158  9.5
  132.005003  9.5
  179.323495  9.5
  241.801284  9.5
  317.253016  9.5
  405.568761  9.5
  506.657090  9.5
  40.361637  8
  41.762821  8
  87.706947  8
  118.301237  8
  168.324363  8
  231.005995  8
  306.641938  8
  395.069778  8
  0.000024  8.5
  67.336395  8.5
  78.596905  8.5
  119.479843  8.5
  168.267664  8.5
  231.007275  8.5
  306.641924  8.5
  395.069778  8.5
  34.137448  7
  36.498946  7
  75.070307  7
  108.547655  7
  158.663073  7
  221.592692  7
  297.355671  7
  0.000119  7.5
  55.477694  7.5
  69.864702  7.5
  108.998051  7.5
  158.648621  7.5
  221.592891  7.5
  297.355670  7.5
  27.798772  6
  31.512457  6
  64.611783  6
  100.156622  6
  150.426793  6
  213.515276  6
  0.000580  6.5
  44.658017  6.5
  62.046253  6.5
  100.296251  6.5
  150.424129  6.5
  213.515292  6.5
  21.531305  5
  26.914126  5
  56.304029  5
  93.133946  5
  143.549778  5
  0.002729  5.5
  35.210623  5.5
  55.270363  5.5
  93.165644  5.5
  143.549509  5.5
  15.655689  4
  22.826409  4
  49.949746  4
  87.459133  4
  0.012236  4.5
  27.387357  4.5
  49.640781  4.5
  87.463149  4.5
  10.526446  3
  19.376008  3
  45.283362  3
  0.050984  3.5
  21.363758  3.5
  45.230484  3.5
  6.415835  2
  16.692606  2
  0.189813  2.5
  17.224901  2.5
  3.449589  1
  0.602726  1.5
