  52.973025  10
  53.477299  10
  119.498223  10
  144.189250  10
  196.600947  10
  260.769148  10
  338.894066  10
  430.433324  10
  535.270054  10
  653.342209  10
  0.000001  10.5
  93.189385  10.5
  99.586588  10.5
  148.893595  10.5
  196.183261  10.5
  260.787028  10.5
  338.893641  10.5
  430.433330  10.5
  535.270054  10.5
  653.342209  10.5
  46.937257  9
  47.852244  9
  103.173099  9
  131.936241  9
  183.926503  9
  248.668238  9
  327.024008  9
  418.710074  9
  523.644271  9
  0.000007  9.5
  80.304383  9.5
  89.438588  9.5
  134.323980  9.5
  183.772009  9.5
  248.673088  9.5
  327.023927  9.5
  418.710075  9.5
  523.644271  9.5
  40.759950  8
  42.353836  8
  88.637418  8
  120.933345  8
  172.863409  8
  237.970436  8
  316.497072  8
  408.290603  8
  0.000033  8.5
  67.710149  8.5
  79.930045  8.5
  121.997271  8.5
  172.814658  8.5
  237.971489  8.5
  316.497061  8.5
  408.290603  8.5
  34.422518  7
  37.053393  7
  76.149114  7
  111.252066  7
  163.290662  7
  228.632956  7
  307.281489  7
  0.000158  7.5
  55.815425  7.5
  71.208834  7.5
  111.657004  7.5
  163.278254  7.5
  228.633119  7.5
  307.281488  7.5
  27.987763  6
  32.043366  6
  65.833877  6
  102.926936  6
  155.123198  6
  220.617432  6
  0.000738  6.5
  45.005498  6.5
  63.414746  6.5
  103.052160  6.5
  155.120914  6.5
  220.617446  6.5
  21.656551  5
  27.433464  5
  57.640190  5
  95.959646  5
  148.299590  5
  0.003341  5.5
  35.594251  5.5
  56.670233  5.5
  95.988031  5.5
  148.299360  5.5
  15.751198  4
  23.343556  4
  51.362126  4
  90.328177  4
  0.014416  4.5
  27.818414  4.5
  51.073076  4.5
  90.331770  4.5
  10.613890  3
  19.897045  3
  46.740736  3
  0.057848  3.5
  21.841942  3.5
  46.691346  3.5
  6.500998  2
  17.220534  2
  0.207831  2.5
  17.740010  2.5
  3.526891  1
  0.640046  1.5
