  43.105054  10
  43.110902  10
  110.573195  10
  112.918163  10
  148.061661  10
  172.958697  10
  209.519027  10
  252.753700  10
  302.764783  10
  359.354623  10
  0.000000  10.5
  80.512851  10.5
  80.698684  10.5
  130.806391  10.5
  142.075582  10.5
  173.784654  10.5
  209.466763  10.5
  252.755461  10.5
  302.764752  10.5
  359.354623  10.5
  38.508351  9
  38.526041  9
  95.453872  9
  99.900123  9
  129.643523  9
  157.564240  9
  194.507408  9
  238.161298  9
  288.428148  9
  0.000000  9.5
  71.111090  9.5
  71.581359  9.5
  111.557879  9.5
  126.937890  9.5
  157.808010  9.5
  194.497079  9.5
  238.161512  9.5
  288.428147  9.5
  33.896515  8
  33.948263  8
  80.245915  8
  87.583897  8
  114.278975  8
  144.044162  8
  181.361895  8
  225.300735  8
  0.000000  8.5
  61.497371  8.5
  62.599826  8.5
  94.179797  8.5
  113.302004  8.5
  144.100111  8.5
  181.360466  8.5
  225.300749  8.5
  29.248568  7
  29.393294  7
  65.667743  7
  76.268031  7
  101.620582  7
  132.362610  7
  169.972797  7
  0.000000  7.5
  51.580237  7.5
  53.895901  7.5
  79.332890  7.5
  101.350248  7.5
  132.371625  7.5
  169.972693  7.5
  24.519253  6
  24.899022  6
  52.516208  6
  66.233932  6
  91.211768  6
  122.444384  6
  0.000002  6.5
  41.476843  6.5
  45.680516  6.5
  67.322602  6.5
  91.159421  6.5
  122.445158  6.5
  19.638958  5
  20.544091  5
  41.443325  5
  57.697795  5
  82.720778  5
  0.000019  5.5
  31.699187  5.5
  38.214990  5.5
  57.965390  5.5
  82.715338  5.5
  14.600605  4
  16.464985  4
  32.863066  4
  50.777864  4
  0.000226  4.5
  22.962518  4.5
  31.770536  4.5
  50.813224  4.5
  9.681102  3
  12.854822  3
  26.785129  3
  0.002442  3.5
  15.864357  3.5
  26.584242  3.5
  5.463302  2
  9.937001  2
  0.022977  2.5
  10.797318  2.5
  2.456032  1
  0.166028  1.5
