  1631.161563  10
  11216.502225  10
  31056.377145  10
  60819.431692  10
  100504.481477  10
  150111.107651  10
  209639.190647  10
  279088.685615  10
  358459.572616  10
  447751.841682  10
  924.103027  10.5
  11219.134387  10.5
  31056.375816  10.5
  60819.431692  10.5
  100504.481477  10.5
  150111.107651  10.5
  209639.190647  10.5
  279088.685615  10.5
  358459.572616  10.5
  447751.841682  10.5
  1588.471371  9
  11206.164931  9
  31046.475652  9
  60809.729885  9
  100494.859503  9
  150101.525607  9
  209629.631425  9
  279079.140658  9
  358450.037170  9
  952.572341  9.5
  11208.079804  9.5
  31046.474877  9.5
  60809.729886  9.5
  100494.859503  9.5
  150101.525607  9.5
  209629.631425  9.5
  279079.140658  9.5
  358450.037170  9.5
  1546.598270  8
  11196.882991  8
  31037.617052  8
  60801.049623  8
  100486.250554  8
  150092.952325  8
  209621.078527  8
  279070.600501  8
  981.715761  8.5
  11198.223761  8.5
  31037.616629  8.5
  60801.049623  8.5
  100486.250554  8.5
  150092.952325  8.5
  209621.078527  8.5
  279070.600501  8.5
  1505.535346  7
  11188.663954  7
  31029.801128  7
  60793.390803  7
  100478.654568  7
  150085.387763  7
  209613.531924  7
  1011.542108  7.5
  11189.558012  7.5
  31029.800917  7.5
  60793.390803  7.5
  100478.654568  7.5
  150085.387763  7.5
  209613.531924  7.5
  1465.275547  6
  11181.515428  6
  31023.027693  6
  60786.753338  6
  100472.071490  6
  150078.831883  6
  1042.060118  6.5
  11182.074329  6.5
  31023.027599  6.5
  60786.753338  6.5
  100472.071490  6.5
  150078.831883  6.5
  1425.811685  5
  11175.445077  5
  31017.296585  5
  60781.137152  5
  100466.501274  5
  1073.278442  5.5
  11175.764504  5.5
  31017.296550  5.5
  60781.137152  5.5
  100466.501274  5.5
  1387.136444  4
  11170.460622  4
  31012.607673  4
  60776.542178  4
  1105.205636  4.5
  11170.620359  4.5
  31012.607663  4.5
  60776.542178  4.5
  1349.242376  3
  11166.569837  3
  31008.960849  3
  1137.850166  3.5
  11166.633738  3.5
  31008.960847  3.5
  1312.121912  2
  11163.780546  2
  1171.220395  2.5
  11163.796523  2.5
  1275.767354  1
  1205.324584  1.5
