  154.205599  10
  448.524315  10
  1159.069888  10
  2219.840148  10
  3635.422334  10
  5405.253116  10
  7529.199060  10
  10007.209585  10
  12839.262120  10
  16025.345353  10
  7.333347  10.5
  461.984123  10.5
  1158.871501  10.5
  2219.841150  10.5
  3635.422331  10.5
  5405.253116  10.5
  7529.199060  10.5
  10007.209585  10.5
  12839.262120  10.5
  16025.345353  10.5
  139.008268  9
  439.445985  9
  1148.978917  9
  2210.032562  9
  3625.712653  9
  5395.592878  9
  7519.567185  9
  9997.595479  9
  12829.659878  9
  9.003446  9.5
  449.317395  9.5
  1148.863020  9.5
  2210.033025  9.5
  3625.712652  9.5
  5395.592878  9.5
  7519.567185  9.5
  9997.595479  9.5
  12829.659878  9.5
  124.782012  8
  431.186278  8
  1139.977192  8
  2201.265831  8
  3617.030311  8
  5386.953061  8
  7510.951749  8
  9988.995310  8
  10.994990  8.5
  438.148540  8.5
  1139.913894  8.5
  2201.266024  8.5
  3617.030311  8.5
  5386.953061  8.5
  7510.951749  8.5
  9988.995310  8.5
  111.521010  7
  423.772831  7
  1132.054680  7
  2193.537144  7
  3609.373551  7
  5379.332480  7
  7503.351897  7
  13.353183  7.5
  428.445391  7.5
  1132.022995  7.5
  2193.537214  7.5
  3609.373551  7.5
  5379.332480  7.5
  7503.351897  7.5
  99.214741  6
  417.234919  6
  1125.203034  6
  2186.844010  6
  3602.740823  6
  5372.730089  6
  16.125618  6.5
  420.172218  6.5
  1125.188939  6.5
  2186.844032  6.5
  3602.740823  6.5
  5372.730089  6.5
  87.847975  5
  411.603587  5
  1119.415465  5
  2181.184264  5
  3597.130783  5
  19.361646  5.5
  413.290286  5.5
  1119.410175  5.5
  2181.184269  5.5
  3597.130783  5.5
  77.400802  4
  406.911753  4
  1114.686600  4
  2176.556069  4
  23.111646  4.5
  407.758489  4.5
  1114.685088  4.5
  2176.556070  4.5
  67.848707  3
  403.194278  3
  1111.012347  3
  27.426259  3.5
  403.534029  3.5
  1111.012095  3.5
  59.162689  2
  400.487968  2
  32.355596  2.5
  400.573094  2.5
  51.309459  1
  37.948476  1.5
