  61.789155  10
  64.978907  10
  136.028419  10
  190.585469  10
  275.642995  10
  382.297241  10
  510.823939  10
  661.016991  10
  832.801649  10
  1026.140214  10
  0.000108  10.5
  102.208361  10.5
  124.078262  10.5
  191.935506  10.5
  275.581235  10.5
  382.298716  10.5
  510.823919  10.5
  661.016992  10.5
  832.801649  10.5
  1026.140214  10.5
  53.991597  9
  58.594382  9
  121.327810  9
  179.148279  9
  264.343236  9
  371.260705  9
  499.924177  9
  650.203029  9
  822.044986  9
  0.000351  9.5
  87.897005  9.5
  113.697524  9.5
  179.791111  9.5
  264.320905  9.5
  371.261101  9.5
  499.924174  9.5
  650.203029  9.5
  822.044986  9.5
  46.113377  8
  52.493418  8
  108.672620  8
  168.977228  8
  254.351559  8
  361.456611  8
  490.222284  8
  640.565256  8
  0.001125  8.5
  74.639629  8.5
  104.195477  8.5
  169.251248  8.5
  254.344624  8.5
  361.456697  8.5
  490.222283  8.5
  640.565256  8.5
  38.299125  7
  46.753995  7
  98.025404  7
  160.073941  7
  245.623487  7
  352.861196  7
  481.701295  7
  0.003536  7.5
  62.662194  7.5
  95.659215  7.5
  160.175240  7.5
  245.621741  7.5
  352.861210  7.5
  481.701295  7.5
  30.766644  6
  41.460073  6
  89.257145  6
  152.426471  6
  238.123562  6
  345.453585  6
  0.010856  6.5
  52.147718  6.5
  88.162847  6.5
  152.457220  6.5
  238.123243  6.5
  345.453586  6.5
  23.767936  5
  36.698565  5
  82.186864  5
  146.013997  5
  231.823109  5
  0.032253  5.5
  43.239082  5.5
  81.765163  5.5
  146.020887  5.5
  231.823077  5.5
  17.538343  4
  32.557591  4
  76.630860  4
  140.811629  4
  0.091590  4.5
  36.038160  4.5
  76.508172  4.5
  140.812495  4.5
  12.257257  3
  29.127540  3
  72.437546  3
  0.244414  3.5
  30.595068  3.5
  72.416857  3.5
  8.026823  2
  26.506420  2
  0.601135  2.5
  26.888104  2.5
  4.862125  1
  1.340123  1.5
