  50.651965  10
  50.907847  10
  116.986059  10
  135.254791  10
  181.366799  10
  236.393822  10
  303.930527  10
  383.178664  10
  474.007477  10
  576.343348  10
  0.000000  10.5
  90.702140  10.5
  94.614662  10.5
  141.781881  10.5
  180.637474  10.5
  236.431402  10.5
  303.929466  10.5
  383.178680  10.5
  474.007476  10.5
  576.343348  10.5
  45.005965  9
  45.509157  9
  100.424237  9
  122.766119  9
  168.047101  9
  223.846241  9
  291.653338  9
  371.076364  9
  462.020834  9
  0.000002  9.5
  78.510680  9.5
  84.602870  9.5
  126.200186  9.5
  167.773491  9.5
  223.856499  9.5
  291.653136  9.5
  371.076366  9.5
  462.020834  9.5
  39.247835  8
  40.199414  8
  85.439779  8
  111.483762  8
  156.503904  8
  212.773734  8
  280.781993  8
  360.332195  8
  0.000009  8.5
  66.348911  8.5
  75.135452  8.5
  113.055558  8.5
  156.416740  8.5
  212.775970  8.5
  280.781966  8.5
  360.332195  8.5
  33.334642  7
  35.041327  7
  72.390266  7
  101.515568  7
  146.565830  7
  203.126256  7
  271.277724  7
  0.000052  7.5
  54.626337  7.5
  66.376504  7.5
  102.124552  7.5
  146.543504  7.5
  203.126605  7.5
  271.277722  7.5
  27.271894  6
  30.123379  6
  61.512325  6
  92.925288  6
  138.116070  6
  194.857926  6
  0.000284  6.5
  43.795447  6.5
  58.488703  6.5
  93.115688  6.5
  138.111943  6.5
  194.857955  6.5
  21.195788  5
  25.558255  5
  52.857517  5
  85.733291  5
  131.074101  5
  0.001497  5.5
  34.249627  5.5
  51.620029  5.5
  85.776731  5.5
  131.073684  5.5
  15.411288  4
  21.475470  4
  46.266345  4
  79.925257  4
  0.007521  4.5
  26.289392  4.5
  45.892762  4.5
  79.930776  4.5
  10.304257  3
  18.011656  3
  41.459721  3
  0.035080  3.5
  20.126677  3.5
  41.395447  3.5
  6.195163  2
  15.306148  2
  0.145392  2.5
  15.876965  2.5
  3.245922  1
  0.506445  1.5
