  52.583481  10
  53.037136  10
  119.035505  10
  142.611838  10
  193.902988  10
  256.501017  10
  332.793319  10
  422.204025  10
  524.613913  10
  639.959238  10
  0.000001  10.5
  92.785933  10.5
  98.720258  10.5
  147.582742  10.5
  193.445414  10.5
  256.521192  10.5
  332.792826  10.5
  422.204032  10.5
  524.613913  10.5
  639.959238  10.5
  46.615598  9
  47.449232  9
  102.661331  9
  130.319393  9
  181.133654  9
  244.332318  9
  320.861531  9
  410.423204  9
  512.933266  9
  0.000005  9.5
  80.006825  9.5
  88.592071  9.5
  132.855625  9.5
  180.964077  9.5
  244.337796  9.5
  320.861437  9.5
  410.423204  9.5
  512.933266  9.5
  40.510373  8
  41.981420  8
  88.046727  8
  119.271558  8
  169.999127  8
  233.577668  8
  310.282304  8
  399.954372  8
  0.000027  8.5
  67.474476  8.5
  79.088526  8.5
  120.405926  8.5
  169.945545  8.5
  233.578857  8.5
  310.282291  8.5
  399.954372  8.5
  34.243991  7
  36.703816  7
  75.465481  7
  109.545239  7
  160.371480  7
  224.193124  7
  301.022841  7
  0.000133  7.5
  55.601616  7.5
  70.360351  7.5
  109.978057  7.5
  160.357830  7.5
  224.193309  7.5
  301.022840  7.5
  27.869258  6
  31.708483  6
  65.060889  6
  101.179124  6
  152.161317  6
  216.139179  6
  0.000635  6.5
  44.785269  6.5
  62.551027  6.5
  101.313175  6.5
  152.158803  6.5
  216.139194  6.5
  21.577709  5
  27.105817  5
  56.796320  5
  94.177424  5
  145.304560  5
  0.002945  5.5
  35.351326  5.5
  55.786959  5.5
  94.207838  5.5
  145.304306  5.5
  15.690833  4
  23.017308  4
  50.470981  4
  88.519039  4
  0.013016  4.5
  27.545861  4.5
  50.169629  4.5
  88.522892  4.5
  10.558595  3
  19.568412  3
  45.821687  3
  0.053468  3.5
  21.540009  3.5
  45.770144  3.5
  6.447238  2
  16.887641  2
  0.196402  2.5
  17.415095  2.5
  3.478164  1
  0.616473  1.5
