  58.356265  10
  60.073370  10
  128.012149  10
  169.754929  10
  240.292094  10
  328.460133  10
  434.945683  10
  559.469564  10
  701.943402  10
  862.322318  10
  0.000024  10.5
  98.562436  10.5
  113.236767  10.5
  171.949841  10.5
  240.165273  10.5
  328.463884  10.5
  434.945621  10.5
  559.469565  10.5
  701.943402  10.5
  862.322318  10.5
  51.287213  9
  53.967422  9
  112.600992  9
  158.021290  9
  228.583587  9
  317.091608  9
  423.742733  9
  548.370621  9
  690.913818  9
  0.000091  9.5
  84.617519  9.5
  102.907646  9.5
  159.083080  9.5
  228.537472  9.5
  317.092618  9.5
  423.742721  9.5
  548.370621  9.5
  690.913818  9.5
  44.072425  8
  48.083459  8
  99.217600  8
  147.564800  8
  218.266154  8
  307.008358  8
  413.782426  8
  538.487429  8
  0.000336  8.5
  71.490295  8.5
  93.382855  8.5
  148.022342  8.5
  218.251773  8.5
  307.008576  8.5
  413.782424  8.5
  538.487429  8.5
  36.793690  7
  42.500764  7
  87.922305  7
  138.404721  7
  209.277341  7
  298.180650  7
  405.043425  7
  0.001217  7.5
  59.477917  7.5
  84.771305  7.5
  138.575095  7.5
  209.273710  7.5
  298.180684  7.5
  405.043425  7.5
  29.632932  6
  37.309328  6
  78.649751  6
  130.539177  6
  201.569428  6
  290.582296  6
  0.004313  6.5
  48.825110  6.5
  77.168821  6.5
  130.591141  6.5
  201.568763  6.5
  290.582298  6.5
  22.853229  5
  32.605607  5
  71.230934  5
  123.950755  5
  195.105062  5
  0.014783  5.5
  39.723871  5.5
  70.654114  5.5
  123.962434  5.5
  195.104995  5.5
  16.737166  4
  28.488684  4
  65.454792  4
  118.613167  4
  0.048363  4.5
  32.316607  4.5
  65.285891  4.5
  118.614638  4.5
  11.521197  3
  25.059233  3
  61.130043  3
  0.147971  3.5
  26.689812  3.5
  61.101456  3.5
  7.354550  2
  22.423915  2
  0.412653  2.5
  22.851656  2.5
  4.280678  1
  1.023600  1.5
