  41.561098  10
  41.562337  10
  108.580581  10
  109.412886  10
  146.178595  10
  163.258539  10
  193.654834  10
  229.299433  10
  270.894821  10
  318.112186  10
  0.000000  10.5
  78.022128  10.5
  78.071479  10.5
  130.745934  10.5
  136.632734  10.5
  165.229692  10.5
  193.484564  10.5
  229.306849  10.5
  270.894657  10.5
  318.112188  10.5
  37.149696  9
  37.154157  9
  94.516508  9
  96.477935  9
  125.724993  9
  146.687321  9
  177.290749  9
  213.537930  9
  255.466014  9
  0.000000  9.5
  69.105569  9.5
  69.255576  9.5
  111.374386  9.5
  120.883774  9.5
  147.311533  9.5
  177.256039  9.5
  213.538847  9.5
  255.466005  9.5
  32.731925  8
  32.747461  8
  80.030161  8
  84.010989  8
  108.386873  8
  132.072203  8
  163.062364  8
  199.692842  8
  0.000000  8.5
  60.073971  8.5
  60.499444  8.5
  93.120156  8.5
  106.457094  8.5
  132.221725  8.5
  163.057458  8.5
  199.692902  8.5
  28.297472  7
  28.349285  7
  65.552692  7
  72.332577  7
  94.234620  7
  119.450599  7
  150.793323  7
  0.000000  7.5
  50.810753  7.5
  51.901552  7.5
  76.954775  7.5
  93.664640  7.5
  119.475331  7.5
  150.792958  7.5
  23.818556  6
  23.981154  6
  51.963412  6
  61.797145  6
  82.812609  6
  108.766403  6
  0.000000  6.5
  41.237749  6.5
  43.644544  6.5
  63.581291  6.5
  82.698081  6.5
  108.768562  6.5
  19.233239  5
  19.698758  5
  40.151876  5
  52.720464  5
  73.623330  5
  0.000003  5.5
  31.624857  5.5
  35.999576  5.5
  53.184504  5.5
  73.611184  5.5
  14.470416  4
  15.620453  4
  30.777489  4
  45.314098  4
  0.000055  4.5
  22.711339  4.5
  29.287798  4.5
  45.377229  4.5
  9.664142  3
  11.944507  3
  24.101714  3
  0.000843  3.5
  15.289028  3.5
  23.815966  3.5
  5.390801  2
  8.927307  2
  0.011177  2.5
  9.903914  2.5
  2.312414  1
  0.110906  1.5
