  81.871413  10
  113.831153  10
  248.738959  10
  429.344601  10
  673.889577  10
  980.088921  10
  1347.771239  10
  1776.854153  10
  2267.301025  10
  2819.093412  10
  0.042193  10.5
  141.607183  10.5
  245.951274  10.5
  429.431317  10.5
  673.888331  10.5
  980.088930  10.5
  1347.771239  10.5
  1776.854153  10.5
  2267.301025  10.5
  2819.093412  10.5
  70.558397  9
  106.185767  9
  237.311096  9
  419.007501  9
  663.728586  9
  970.028760  9
  1337.768859  9
  1766.888075  9
  2257.359238  9
  0.078530  9.5
  127.197486  9.5
  235.659621  9.5
  419.047712  9.5
  663.728140  9.5
  970.028762  9.5
  1337.768859  9.5
  1766.888075  9.5
  2257.359238  9.5
  59.922651  8
  99.101595  8
  227.334596  8
  409.803793  8
  654.669871  8
  961.049321  8
  1328.834970  8
  1757.982802  8
  0.144139  8.5
  114.371004  8.5
  226.422701  8.5
  409.820611  8.5
  654.669733  8.5
  961.049321  8.5
  1328.834970  8.5
  1757.982802  8.5
  50.076160  7
  92.626475  7
  218.718143  7
  401.720084  7
  646.702364  7
  953.143326  7
  1320.964359  7
  0.260145  7.5
  103.167961  7.5
  218.257795  7.5
  401.726218  7.5
  646.702329  7.5
  953.143326  7.5
  1320.964359  7.5
  41.109988  6
  86.809378  6
  211.383150  6
  394.743415  6
  639.816419  6
  946.304369  6
  0.460135  6.5
  93.610290  6.5
  211.177015  6.5
  394.745259  6.5
  639.816413  6.5
  946.304369  6.5
  33.091098  5
  81.701501  5
  205.265383  5
  388.861792  5
  634.003747  5
  0.794690  5.5
  85.697548  5.5
  205.187636  5.5
  388.862203  5.5
  634.003746  5.5
  26.060375  4
  77.357888  4
  200.314956  4
  384.064602  4
  1.335194  4.5
  79.403170  4.5
  200.292646  4.5
  384.064653  4.5
  20.031330  3
  73.839525  3
  196.495264  3
  2.175107  3.5
  74.672859  3.5
  196.491534  3.5
  14.989217  2
  71.215697  2
  3.427029  2.5
  71.426805  2.5
  10.890707  1
  5.215168  1.5
