  85.930068  10
  128.048415  10
  285.501163  10
  502.824175  10
  795.699907  10
  1162.286378  10
  1602.413324  10
  2116.005266  10
  2703.028509  10
  3363.466093  10
  0.087692  10.5
  154.129612  10.5
  283.371206  10.5
  502.878710  10.5
  795.699258  10.5
  1162.286382  10.5
  1602.413324  10.5
  2116.005266  10.5
  2703.028509  10.5
  3363.466093  10.5
  74.207512  9
  120.227436  9
  274.373529  9
  492.592189  9
  785.631081  9
  1152.307503  9
  1592.486105  9
  2106.110500  9
  2693.155455  9
  0.152840  9.5
  139.860515  9.5
  273.116572  9.5
  492.617449  9.5
  785.630848  9.5
  1152.307504  9.5
  1592.486105  9.5
  2106.110500  9.5
  2693.155455  9.5
  63.247839  8
  113.001699  8
  264.616022  8
  483.476088  8
  776.649026  8
  1143.397003  8
  1583.616753  8
  2097.266994  8
  0.262829  8.5
  127.198452  8.5
  263.923998  8.5
  483.486644  8.5
  776.648954  8.5
  1143.397003  8.5
  1583.616753  8.5
  2097.266994  8.5
  53.138765  7
  106.415247  7
  256.154224  7
  475.463992  7
  768.744677  7
  1135.548872  7
  1575.800963  7
  0.444838  7.5
  116.167864  7.5
  255.805633  7.5
  475.467840  7.5
  768.744659  7.5
  1135.548872  7.5
  1575.800963  7.5
  43.948715  6
  100.513649  6
  248.925375  6
  468.544697  6
  761.910103  6
  1128.757820  6
  0.738996  6.5
  106.775709  6.5
  248.769533  6.5
  468.545853  6.5
  761.910100  6.5
  1128.757820  6.5
  35.725085  5
  95.345083  5
  242.878720  5
  462.708016  5
  756.138477  5
  1.201613  5.5
  99.008384  5.5
  242.820010  5.5
  462.708273  5.5
  756.138476  5.5
  28.493094  4
  90.961778  4
  237.974988  4
  457.945043  4
  1.907177  4.5
  92.829597  4.5
  237.958154  4.5
  457.945075  4.5
  22.254965  3
  87.421725  3
  234.185336  3
  2.947920  3.5
  88.180409  3.5
  234.182523  3.5
  16.989392  2
  84.790458  2
  4.430175  2.5
  84.982226  2.5
  12.651475  1
  6.467750  1.5
