  209.129895  10
  756.910310  10
  2011.774132  10
  3891.561046  10
  6399.036240  10
  9533.715641  10
  13295.472006  10
  17684.257364  10
  22700.050341  10
  28342.840235  10
  21.458945  10.5
  767.183829  10.5
  2011.690196  10.5
  3891.561284  10.5
  6399.036240  10.5
  9533.715641  10.5
  13295.472006  10.5
  17684.257364  10.5
  22700.050341  10.5
  28342.840235  10.5
  191.980078  9
  747.489325  9
  2001.774715  9
  3881.801354  9
  6389.366295  9
  9524.090813  9
  13285.873023  9
  17674.674558  9
  22690.478330  9
  24.788659  9.5
  754.996621  9.5
  2001.725714  9.5
  3881.801465  9.5
  6389.366295  9.5
  9524.090813  9.5
  13285.873023  9.5
  17674.674558  9.5
  22690.478330  9.5
  175.779164  8
  738.948772  8
  1992.841453  8
  3873.073781  8
  6380.717196  8
  9515.481120  8
  13277.285895  8
  17666.101550  8
  28.543411  8.5
  744.226324  8.5
  1992.814706  8.5
  3873.073827  8.5
  6380.717196  8.5
  9515.481120  8.5
  13277.285895  8.5
  17666.101550  8.5
  160.515336  7
  731.312053  7
  1984.969389  7
  3865.376735  7
  6373.087956  7
  9507.885898  7
  13269.710144  7
  32.760283  7.5
  734.843681  7.5
  1984.956007  7.5
  3865.376751  7.5
  6373.087956  7.5
  9507.885898  7.5
  13269.710144  7.5
  146.174148  6
  724.603626  6
  1978.154364  6
  3858.708809  6
  6366.477705  6
  9501.304559  6
  37.476943  6.5
  726.818100  6.5
  1978.148413  6.5
  3858.708814  6.5
  6366.477705  6.5
  9501.304559  6.5
  132.738551  5
  718.849032  5
  1972.392959  5
  3853.068784  5
  6360.885690  5
  42.731311  5.5
  720.117940  5.5
  1972.390726  5.5
  3853.068785  5.5
  6360.885690  5.5
  120.188935  4
  714.074911  4
  1967.682436  4
  3848.455626  4
  48.561236  4.5
  714.710797  4.5
  1967.681798  4.5
  3848.455626  4.5
  108.503192  3
  710.308997  3
  1964.020682  3
  55.004159  3.5
  710.563797  3.5
  1964.020576  3.5
  97.656799  2
  707.580085  2
  62.096794  2.5
  707.643865  2.5
  87.622934  1
  69.874821  1.5
