  65.239034  10
  70.696790  10
  146.753426  10
  216.205690  10
  318.846105  10
  447.638575  10
  602.635239  10
  783.674360  10
  990.692007  10
  1223.656001  10
  0.000410  10.5
  106.438540  10.5
  137.272844  10.5
  217.032719  10.5
  318.815740  10.5
  447.639165  10.5
  602.635233  10.5
  783.674360  10.5
  990.692007  10.5
  1223.656001  10.5
  56.694300  9
  64.051019  9
  132.788790  9
  205.035542  9
  307.864761  9
  436.868450  9
  591.979404  9
  773.090223  9
  980.155795  9
  0.001172  9.5
  91.919275  9.5
  126.872364  9.5
  205.425432  9.5
  307.853822  9.5
  436.868607  9.5
  591.979403  9.5
  773.090223  9.5
  980.155795  9.5
  48.185124  8
  57.748500  8
  120.810509  8
  195.110445  8
  298.130642  8
  427.288779  8
  582.485807  8
  763.650657  8
  0.003308  8.5
  78.627348  8.5
  117.407615  8.5
  195.275493  8.5
  298.127254  8.5
  427.288813  8.5
  582.485807  8.5
  763.650657  8.5
  39.894972  7
  51.862960  7
  110.717235  7
  186.421946  7
  289.610738  7
  418.880494  7
  574.140850  7
  0.009163  7.5
  66.733105  7.5
  108.946872  7.5
  186.482671  7.5
  289.609887  7.5
  418.880500  7.5
  574.140850  7.5
  32.044517  6
  46.471039  6
  102.356115  6
  178.953501  6
  282.277888  6
  411.626852  6
  0.024786  6.5
  56.374041  6.5
  101.546498  6.5
  178.971875  6.5
  282.277732  6.5
  411.626852  6.5
  24.854387  5
  41.650629  5
  95.559394  5
  172.684009  5
  276.109622  5
  0.064927  5.5
  47.655609  5.5
  95.249675  5.5
  172.688118  5.5
  276.109607  5.5
  18.511667  4
  37.480709  4
  90.175549  4
  167.591094  4
  0.162913  4.5
  40.646567  4.5
  90.085844  4.5
  167.591610  4.5
  13.148434  3
  34.043615  3
  86.086222  3
  0.386243  3.5
  35.366831  3.5
  86.071135  3.5
  8.830781  2
  31.430452  2
  0.853002  2.5
  31.772189  2.5
  5.553332  1
  1.735311  1.5
