  53.769375  10
  54.389980  10
  120.501075  10
  147.517597  10
  202.297722  10
  269.731470  10
  351.681196  10
  447.664315  10
  557.568698  10
  681.335516  10
  0.000002  10.5
  94.001198  10.5
  101.401788  10.5
  151.720279  10.5
  201.950198  10.5
  269.745495  10.5
  351.680881  10.5
  447.664319  10.5
  557.568697  10.5
  681.335516  10.5
  47.591744  9
  48.690014  9
  104.285587  9
  135.344712  9
  189.803722  9
  257.761525  9
  339.930374  9
  436.052366  9
  546.049035  9
  0.000010  9.5
  80.912954  9.5
  91.216637  9.5
  137.457088  9.5
  189.675638  9.5
  257.765323  9.5
  339.930314  9.5
  436.052367  9.5
  546.049035  9.5
  41.265247  8
  43.130315  8
  89.914461  8
  124.431275  8
  178.877332  8
  247.173551  8
  329.504511  8
  425.728366  8
  0.000049  8.5
  68.204057  8.5
  81.699880  8.5
  125.365961  8.5
  178.837013  8.5
  247.174375  8.5
  329.504503  8.5
  425.728366  8.5
  34.783239  7
  37.784367  7
  77.613972  7
  114.838546  7
  169.410172  7
  237.927034  7
  320.373791  7
  0.000222  7.5
  56.271846  7.5
  72.993499  7.5
  115.192676  7.5
  169.399927  7.5
  237.927161  7.5
  320.373790  7.5
  28.228948  6
  32.745116  6
  67.475192  6
  106.593348  6
  161.325088  6
  229.985812  6
  0.000991  6.5
  45.477846  6.5
  65.229947  6.5
  106.702551  6.5
  161.323204  6.5
  229.985822  6.5
  21.820216  5
  28.120695  5
  59.419133  5
  99.692853  5
  154.565554  5
  0.004281  5.5
  36.112976  5.5
  58.523980  5.5
  99.717564  5.5
  154.565364  5.5
  15.878917  4
  24.027681  4
  53.232087  4
  94.113513  4
  0.017633  4.5
  28.396244  4.5
  52.966256  4.5
  94.116638  4.5
  10.731119  3
  20.585476  3
  48.664392  3
  0.067573  3.5
  22.477789  3.5
  48.619054  3.5
  6.614035  2
  17.917023  2
  0.232471  2.5
  18.420873  2.5
  3.628649  1
  0.689792  1.5
