  95.000506  10
  163.214826  10
  378.569982  10
  687.205950  10
  1101.006150  10
  1618.702109  10
  2240.132110  10
  2965.230308  10
  3793.967230  10
  4726.328054  10
  0.302728  10.5
  186.128615  10.5
  377.302970  10.5
  687.228473  10.5
  1101.005962  10.5
  1618.702110  10.5
  2240.132110  10.5
  2965.230308  10.5
  3793.967230  10.5
  4726.328054  10.5
  82.571687  9
  155.078180  9
  367.861919  9
  677.130289  9
  1091.071624  9
  1608.842064  9
  2230.314902  9
  2955.440000  9
  3784.194912  9
  0.473485  9.5
  172.184455  9.5
  367.117698  9.5
  677.140707  9.5
  1091.071557  9.5
  1608.842064  9.5
  2230.314902  9.5
  2955.440000  9.5
  3784.194912  9.5
  71.018953  8
  147.594948  8
  358.408930  8
  668.143560  8
  1082.201477  8
  1600.032428  8
  2221.540069  8
  2946.687015  8
  0.731713  8.5
  159.863192  8.5
  358.000668  8.5
  668.147909  8.5
  1082.201456  8.5
  1600.032428  8.5
  2221.540069  8.5
  2946.687015  8.5
  60.392914  7
  140.803676  7
  350.162490  7
  660.236746  7
  1074.389454  7
  1592.269022  7
  2213.804615  7
  1.115437  7.5
  149.164599  7.5
  349.957401  7.5
  660.238330  7.5
  1074.389449  7.5
  1592.269022  7.5
  2213.804615  7.5
  50.729245  6
  134.744994  6
  343.082404  6
  653.401596  6
  1067.630066  6
  1585.548165  6
  1.674534  6.5
  140.073529  6.5
  342.990907  6.5
  653.402072  6.5
  1067.630065  6.5
  1585.548165  6.5
  42.048068  5
  129.462496  5
  337.136416  5
  647.630770  5
  1061.918571  5
  2.471696  5.5
  132.558846  5.5
  337.102000  5.5
  647.630876  5.5
  1061.918571  5.5
  34.353487  4
  125.003755  4
  332.299574  4
  642.917942  4
  3.582115  4.5
  126.573504  4.5
  332.289718  4.5
  642.917955  4.5
  27.633240  3
  121.421374  3
  328.553446  3
  5.091566  3.5
  122.056094  3.5
  328.551801  3.5
  21.858564  2
  118.773949  2
  7.092921  2.5
  118.933859  2.5
  16.984398  1
  9.681531  1.5
