  55.944941  10
  56.984591  10
  123.667592  10
  157.370495  10
  219.159269  10
  295.967122  10
  388.969709  10
  497.803692  10
  622.369039  10
  762.614352  10
  0.000007  10.5
  96.164772  10.5
  106.696013  10.5
  160.458423  10.5
  218.945805  10.5
  295.974519  10.5
  388.969565  10.5
  497.803694  10.5
  622.369039  10.5
  762.614352  10.5
  49.359348  9
  51.086845  9
  107.803445  9
  145.411416  9
  207.082852  9
  284.310637  9
  377.504299  9
  486.458672  9
  611.104180  9
  0.000031  9.5
  82.607982  9.5
  96.429409  9.5
  146.930592  9.5
  207.004772  9.5
  284.312633  9.5
  377.504272  9.5
  486.458672  9.5
  611.104180  9.5
  42.615537  8
  45.367676  8
  93.896527  8
  134.726547  8
  196.477346  8
  273.985610  8
  367.320737  8
  476.363877  8
  0.000129  8.5
  69.655989  8.5
  86.901718  8.5
  135.388784  8.5
  196.452897  8.5
  273.986042  8.5
  367.320733  8.5
  476.363877  8.5
  35.746237  7
  39.904626  7
  82.090793  7
  125.353997  7
  187.260672  7
  264.957107  7
  358.393720  7
  0.000523  7.5
  57.661708  7.5
  78.238848  7.5
  125.602470  7.5
  187.254482  7.5
  264.957174  7.5
  358.393720  7.5
  28.887203  6
  34.790270  6
  72.393306  6
  117.304126  6
  179.372324  6
  257.194206  6
  0.002077  6.5
  46.926209  6.5
  70.554704  6.5
  117.380280  6.5
  179.371188  6.5
  257.194212  6.5
  22.288310  5
  30.127577  5
  64.669091  5
  110.565192  5
  172.766398  5
  0.007982  5.5
  37.687290  5.5
  63.945347  5.5
  110.582360  5.5
  172.766284  5.5
  16.258733  4
  26.024462  4
  58.697859  4
  105.111352  4
  0.029260  4.5
  30.123198  4.5
  58.484585  4.5
  105.113519  4.5
  11.080668  3
  22.590600  3
  54.257542  3
  0.100027  3.5
  24.351081  3.5
  54.221319  3.5
  6.945297  2
  19.940341  2
  0.309203  2.5
  20.405512  2.5
  3.922748  1
  0.837287  1.5
