  38.823745  10
  38.823747  10
  103.695263  10
  103.702328  10
  149.615865  10
  151.285240  10
  174.152609  10
  190.166252  10
  212.953952  10
  239.340321  10
  0.000000  10.5
  73.415530  10.5
  73.415703  10.5
  129.433268  10.5
  129.586133  10.5
  162.906168  10.5
  170.430204  10.5
  190.638692  10.5
  212.929570  10.5
  239.340790  10.5
  34.729779  9
  34.729793  9
  91.351645  9
  91.388314  9
  127.482290  9
  131.657122  9
  150.395242  9
  169.238037  9
  192.646421  9
  0.000000  9.5
  65.219085  9.5
  65.220177  9.5
  112.634803  9.5
  113.236761  9.5
  137.610348  9.5
  149.328825  9.5
  169.306826  9.5
  192.644880  9.5
  30.635331  8
  30.635434  8
  78.926953  8
  79.097826  8
  105.618367  8
  113.334355  8
  130.781087  8
  151.022742  8
  0.000000  8.5
  57.015926  8.5
  57.022430  8.5
  95.318268  8.5
  97.222333  8.5
  115.478286  8.5
  130.596549  8.5
  151.027692  8.5
  26.539911  7
  26.540615  7
  66.263509  7
  66.938911  7
  85.747959  7
  96.966307  7
  114.487561  7
  0.000000  7.5
  48.792752  7.5
  48.828465  7.5
  77.618439  7.5
  82.021445  7.5
  97.427289  7.5
  114.472099  7.5
  22.441581  6
  22.446154  6
  53.159036  6
  55.199530  6
  69.308151  6
  82.987323  6
  0.000000  6.5
  40.498444  6.5
  40.672254  6.5
  60.787135  6.5
  68.272202  6.5
  83.033782  6.5
  18.331172  5
  18.358522  5
  40.079897  5
  44.393427  5
  56.685180  5
  0.000000  5.5
  31.986980  5.5
  32.680327  5.5
  46.396075  5.5
  56.553186  5.5
  14.168258  4
  14.311479  4
  28.415247  4
  35.134155  4
  0.000000  4.5
  23.195609  4.5
  25.170691  4.5
  35.477533  4.5
  9.845350  3
  10.431280  3
  19.433062  3
  0.000011  3.5
  14.909576  3.5
  18.661126  3.5
  5.488742  2
  7.026214  2
  0.000600  2.5
  8.421703  2.5
  2.070026  1
  0.023700  1.5
