  46.571313  10
  46.623224  10
  113.611391  10
  122.009872  10
  159.657821  10
  199.155229  10
  249.561643  10
  308.959128  10
  377.214507  10
  454.218453  10
  0.000000  10.5
  85.641826  10.5
  86.776621  10.5
  133.463169  10.5
  157.509621  10.5
  199.322594  10.5
  249.554851  10.5
  308.959281  10.5
  377.214505  10.5
  454.218453  10.5
  41.528677  9
  41.651397  9
  97.177651  9
  109.139563  9
  144.444113  9
  185.458882  9
  236.224677  9
  295.878302  9
  364.300190  9
  0.000000  9.5
  74.957695  9.5
  77.141515  9.5
  115.773623  9.5
  143.593662  9.5
  185.505581  9.5
  236.223371  9.5
  295.878320  9.5
  364.300190  9.5
  36.434237  8
  36.714138  8
  81.653275  8
  97.302105  8
  131.537716  8
  173.417247  8
  224.462611  8
  284.299058  8
  0.000001  8.5
  63.988884  8.5
  67.842402  8.5
  100.605459  8.5
  131.257236  8.5
  173.427583  8.5
  224.462434  8.5
  284.299060  8.5
  31.242946  7
  31.850859  7
  67.630640  7
  86.697578  7
  120.605462  7
  162.968741  7
  214.215375  7
  0.000004  7.5
  52.932498  7.5
  59.057282  7.5
  88.058905  7.5
  120.532019  7.5
  162.970367  7.5
  214.215363  7.5
  25.899058  6
  27.130687  6
  55.587713  6
  77.476994  6
  111.411252  6
  154.049607  6
  0.000031  6.5
  42.246000  6.5
  50.989634  6.5
  77.919418  6.5
  111.397485  6.5
  154.049745  6.5
  20.398929  5
  22.660321  5
  45.839227  5
  69.727459  5
  103.803794  5
  0.000234  5.5
  32.490193  5.5
  43.845420  5.5
  69.830661  5.5
  103.802390  5.5
  14.922450  4
  18.582671  4
  38.436358  4
  63.471595  4
  0.001682  4.5
  24.148179  4.5
  37.809681  4.5
  63.484869  4.5
  9.881950  3
  15.063803  3
  33.137806  3
  0.011181  3.5
  17.568264  3.5
  33.027615  3.5
  5.742464  2
  12.276934  2
  0.065248  2.5
  12.969817  2.5
  2.798806  1
  0.306640  1.5
