  55.600598  10
  56.562989  10
  123.121937  10
  155.732657  10
  216.358463  10
  291.633024  10
  382.821977  10
  489.546493  10
  611.704720  10
  749.244201  10
  0.000006  10.5
  95.825001  10.5
  105.822726  10.5
  158.974937  10.5
  216.128176  10.5
  291.641193  10.5
  382.821815  10.5
  489.546495  10.5
  611.704720  10.5
  749.244201  10.5
  49.081489  9
  50.695896  9
  107.197913  9
  143.740331  9
  204.222207  9
  279.930735  9
  371.314850  9
  478.162412  9
  600.402550  9
  0.000026  9.5
  82.334337  9.5
  95.567258  9.5
  145.340142  9.5
  204.137887  9.5
  279.932940  9.5
  371.314819  9.5
  478.162413  9.5
  600.402550  9.5
  42.404454  8
  45.001238  8
  93.216582  8
  133.020772  8
  193.570323  8
  269.567273  8
  361.095840  8
  468.034056  8
  0.000111  8.5
  69.414757  8.5
  86.040321  8.5
  133.719574  8.5
  193.543901  8.5
  269.567750  8.5
  361.095836  8.5
  468.034056  8.5
  35.595496  7
  39.556084  7
  81.334542  7
  123.615323  7
  184.317222  7
  260.506881  7
  352.138999  7
  0.000460  7.5
  57.426951  7.5
  77.370338  7.5
  123.877862  7.5
  184.310529  7.5
  260.506955  7.5
  352.138998  7.5
  28.782585  6
  34.453212  6
  71.571038  6
  115.536560  6
  176.400155  6
  252.717875  6
  0.001858  6.5
  46.680989  6.5
  69.674003  6.5
  115.617092  6.5
  176.398926  6.5
  252.717881  6.5
  22.211886  5
  29.796472  5
  63.798209  5
  108.773868  5
  169.771755  5
  0.007267  5.5
  37.422235  5.5
  63.050129  5.5
  108.792033  5.5
  169.771631  5.5
  16.195487  4
  25.695109  4
  57.795644  4
  103.301624  4
  0.027108  4.5
  29.834761  4.5
  57.574962  4.5
  103.303917  4.5
  11.022419  3
  22.260228  3
  53.336815  3
  0.094267  3.5
  24.040546  3.5
  53.299312  3.5
  6.890585  2
  19.607421  2
  0.296081  2.5
  20.078367  2.5
  3.874512  1
  0.812733  1.5
