  13378.992152  10
  110170.319683  10
  305925.657931  10
  599563.245350  10
  991081.001225  10
  1480478.508715  10
  2067755.648721  10
  2752912.376577  10
  3535948.672432  10
  4416864.526363  10
  11165.885793  10.5
  110171.158659  10.5
  305925.657888  10.5
  599563.245350  10.5
  991081.001225  10.5
  1480478.508715  10.5
  2067755.648721  10.5
  2752912.376577  10.5
  3535948.672432  10.5
  4416864.526363  10.5
  13261.140876  9
  110159.745717  9
  305915.761544  9
  599553.547039  9
  991071.382148  9
  1480468.929257  9
  2067746.091902  9
  2752902.833908  9
  3535939.139197  9
  11269.490035  9.5
  110160.355900  9.5
  305915.761518  9.5
  599553.547039  9.5
  991071.382148  9.5
  1480468.929257  9.5
  2067746.091902  9.5
  2752902.833908  9.5
  3535939.139197  9.5
  13144.062022  8
  110150.274077  8
  305906.906940  8
  599544.869633  8
  991062.775625  8
  1480460.358176  8
  2067737.541073  8
  2752894.295737  8
  11373.820955  8.5
  110150.701216  8.5
  305906.906926  8.5
  599544.869633  8.5
  991062.775625  8.5
  1480460.358176  8.5
  2067737.541073  8.5
  2752894.295737  8.5
  13027.753150  7
  110141.907265  7
  305899.094100  7
  599537.213123  7
  991055.181648  7
  1480452.795467  7
  2067729.996232  7
  11478.881192  7.5
  110142.192032  7.5
  305899.094093  7.5
  599537.213123  7.5
  991055.181648  7.5
  1480452.795467  7.5
  2067729.996232  7.5
  12912.211805  6
  110134.647791  6
  305892.323007  6
  599530.577499  6
  991048.600213  6
  1480446.241126  6
  11584.673370  6.5
  110134.825773  6.5
  305892.323004  6.5
  599530.577499  6.5
  991048.600213  6.5
  1480446.241126  6.5
  12797.435523  5
  110128.498166  5
  305886.593646  5
  599524.962753  5
  991043.031314  5
  11691.200105  5.5
  110128.599872  5.5
  305886.593645  5.5
  599524.962753  5.5
  991043.031314  5.5
  12683.421825  4
  110123.460910  4
  305881.906004  4
  599520.368879  4
  11798.464002  4.5
  110123.511764  4.5
  305881.906003  4.5
  599520.368879  4.5
  12570.168222  3
  110119.538544  3
  305878.260070  3
  11906.467652  3.5
  110119.558886  3.5
  305878.260070  3.5
  12457.672210  2
  110116.733596  2
  12015.213640  2.5
  110116.738681  2.5
  12345.931278  1
  12124.704535  1.5
