  40.455633  10
  40.455878  10
  106.795002  10
  107.058169  10
  146.582638  10
  157.384776  10
  183.493265  10
  213.032873  10
  248.091576  10
  288.064921  10
  0.000000  10.5
  76.184512  10.5
  76.196616  10.5
  130.716055  10.5
  133.373501  10.5
  161.329392  10.5
  183.013025  10.5
  213.059901  10.5
  248.090825  10.5
  288.064930  10.5
  36.173693  9
  36.174749  9
  93.519594  9
  94.287505  9
  124.698148  9
  139.720571  9
  165.542614  9
  195.990304  9
  231.470924  9
  0.000000  9.5
  67.576790  9.5
  67.621137  9.5
  111.886014  9.5
  117.228923  9.5
  141.113292  9.5
  165.439956  9.5
  195.993732  9.5
  231.470881  9.5
  31.888957  8
  31.893366  8
  79.838438  8
  81.788695  8
  105.493863  8
  123.991820  8
  150.100273  8
  181.070846  8
  0.000000  8.5
  58.914188  8.5
  59.066493  8.5
  93.323101  8.5
  102.148638  8.5
  124.348668  8.5
  150.085319  8.5
  181.071072  8.5
  27.596758  7
  27.614405  7
  65.783238  7
  69.856651  7
  89.647465  7
  110.367424  7
  136.866063  7
  0.000000  7.5
  50.114032  7.5
  50.590830  7.5
  76.200740  7.5
  88.562499  7.5
  110.428792  7.5
  136.864929  7.5
  23.282125  6
  23.348715  6
  52.026621  6
  58.885665  6
  77.032502  6
  98.852510  6
  0.000000  6.5
  41.038062  6.5
  42.332331  6.5
  61.566136  6.5
  76.802030  6.5
  98.857993  6.5
  18.901746  5
  19.131878  5
  39.634642  5
  49.284867  5
  67.054329  5
  0.000001  5.5
  31.704237  5.5
  34.544839  5.5
  50.036236  5.5
  67.029162  5.5
  14.369491  4
  15.058049  4
  29.520155  4
  41.375084  4
  0.000013  4.5
  22.704330  4.5
  27.582410  4.5
  41.481636  4.5
  9.695056  3
  11.318305  3
  22.213528  3
  0.000280  3.5
  14.988596  3.5
  21.822221  3.5
  5.375793  2
  8.196803  2
  0.005320  2.5
  9.290081  2.5
  2.212699  1
  0.074101  1.5
