  38.114155  10
  38.114155  10
  102.237929  10
  102.237937  10
  150.086527  10
  150.103267  10
  179.673033  10
  182.261743  10
  196.175826  10
  209.566783  10
  -0.000000  10.5
  72.196748  10.5
  72.196748  10.5
  128.218138  10.5
  128.218613  10.5
  167.590502  10.5
  167.906784  10.5
  187.281603  10.5
  195.289412  10.5
  209.608704  10.5
  34.101162  9
  34.101162  9
  90.193079  9
  90.193186  9
  129.880119  9
  130.013929  9
  150.299897  9
  156.296808  9
  169.170995  9
  -0.000000  9.5
  64.169719  9.5
  64.169721  9.5
  112.141093  9.5
  112.146349  9.5
  142.649132  9.5
  144.159148  9.5
  157.665511  9.5
  169.091974  9.5
  30.088110  8
  30.088111  8
  78.144400  8
  78.145766  8
  109.329098  8
  110.114629  8
  123.529903  8
  132.951583  8
  -0.000000  8.5
  56.142124  8.5
  56.142142  8.5
  96.027637  8.5
  96.076916  8.5
  117.314443  8.5
  121.540160  8.5
  133.096895  8.5
  26.074966  7
  26.074968  7
  66.082807  7
  66.097946  7
  88.233698  7
  90.984334  7
  101.395059  7
  0.000000  7.5
  48.113430  7.5
  48.113700  7.5
  79.742177  7.5
  80.097703  7.5
  93.695382  7.5
  101.136513  7.5
  22.061644  6
  22.061677  6
  53.951412  6
  54.086191  6
  68.061315  6
  73.633263  6
  0.000000  6.5
  40.081223  6.5
  40.084801  6.5
  62.985407  6.5
  64.592531  6.5
  74.073078  6.5
  18.047759  5
  18.048296  5
  41.523092  5
  42.328823  5
  51.127442  5
  0.000000  5.5
  32.027534  5.5
  32.067298  5.5
  46.525132  5.5
  50.423397  5.5
  14.029770  4
  14.037372  4
  29.000999  4
  31.484005  4
  0.000000  4.5
  23.839409  4.5
  24.160390  4.5
  32.526704  4.5
  9.973917  3
  10.059117  3
  18.201300  3
  0.000000  3.5
  15.425649  3.5
  16.789454  3.5
  5.756772  2
  6.313844  2
  0.000012  2.5
  8.057783  2.5
  2.009626  1
  0.003215  1.5
