  92.918698  10
  154.799145  10
  356.106988  10
  642.832671  10
  1027.560549  10
  1508.925098  10
  2086.762499  10
  2761.005187  10
  3531.622928  10
  4398.600515  10
  0.236960  10.5
  178.368355  10.5
  354.693053  10.5
  642.859796  10.5
  1027.560305  10.5
  1508.925100  10.5
  2086.762499  10.5
  2761.005187  10.5
  3531.622928  10.5
  4398.600515  10.5
  80.633590  9
  146.726967  9
  345.324765  9
  632.728351  9
  1017.601618  9
  1499.043428  9
  2076.925258  9
  2751.195850  9
  3521.832255  9
  0.378497  9.5
  164.351132  9.5
  344.493608  9.5
  632.740900  9.5
  1017.601531  9.5
  1499.043428  9.5
  2076.925258  9.5
  2751.195850  9.5
  3521.832255  9.5
  69.205569  8
  139.296580  8
  335.817980  8
  623.717976  8
  1008.711118  8
  1490.215428  8
  2068.133209  8
  2742.426372  8
  0.597144  8.5
  151.956354  8.5
  335.361754  8.5
  623.723215  8.5
  1008.711091  8.5
  1490.215428  8.5
  2068.133209  8.5
  2742.426372  8.5
  58.692022  7
  132.547525  7
  327.533410  7
  615.791956  7
  1000.882293  7
  1482.436591  7
  2060.383117  7
  0.928844  7.5
  141.188384  7.5
  327.304122  7.5
  615.793864  7.5
  1000.882286  7.5
  1482.436591  7.5
  2060.383117  7.5
  49.134476  6
  126.521337  6
  320.426870  6
  608.941471  6
  994.109215  6
  1475.702945  6
  1.421816  6.5
  132.036007  6.5
  320.324539  6.5
  608.942044  6.5
  994.109213  6.5
  1475.702945  6.5
  40.557841  5
  121.262482  5
  314.462875  5
  603.158647  5
  988.386765  5
  2.137924  5.5
  124.470982  5.5
  314.424374  5.5
  603.158775  5.5
  988.386765  5.5
  32.969855  4
  116.819462  4
  309.613990  4
  598.436683  4
  3.152721  4.5
  118.447776  4.5
  309.602961  4.5
  598.436699  4.5
  26.360664  3
  113.245992  3
  305.859978  3
  4.553684  3.5
  113.904940  3.5
  305.858136  3.5
  20.702620  2
  110.602108  2
  6.436591  2.5
  110.768221  2.5
  15.950456  1
  8.900498  1.5
