  39.770439  10
  39.770497  10
  105.549546  10
  105.641004  10
  147.635586  10
  154.362437  10
  178.172629  10
  203.195560  10
  233.719469  10
  268.688382  10
  0.000000  10.5
  75.028620  10.5
  75.032058  10.5
  130.437711  10.5
  131.639903  10.5
  160.556847  10.5
  177.138581  10.5
  203.268683  10.5
  233.717011  10.5
  268.688414  10.5
  35.567787  9
  35.568080  9
  92.710557  9
  93.029441  9
  125.126450  9
  135.902042  9
  158.635655  9
  184.986737  9
  216.012813  9
  0.000000  9.5
  66.598736  9.5
  66.613574  9.5
  112.338368  9.5
  115.319762  9.5
  138.361394  9.5
  158.400820  9.5
  184.996291  9.5
  216.012667  9.5
  31.363645  8
  31.365085  8
  79.588865  8
  80.569168  8
  104.654861  8
  119.262675  8
  142.042453  8
  169.089591  8
  0.000000  8.5
  58.140780  8.5
  58.200942  8.5
  93.935363  8.5
  99.816000  8.5
  119.947865  8.5
  142.006984  8.5
  169.090233  8.5
  27.155717  7
  27.162487  7
  66.017967  7
  68.503383  7
  87.354894  7
  104.761628  7
  127.921729  7
  0.000000  7.5
  49.603533  7.5
  49.827013  7.5
  76.318897  7.5
  85.625755  7.5
  104.885225  7.5
  127.918979  7.5
  22.935743  6
  22.965793  6
  52.326607  6
  57.225012  6
  73.593499  6
  92.499214  6
  0.000000  6.5
  40.864168  6.5
  41.590171  6.5
  60.781248  6.5
  73.201094  6.5
  92.510555  6.5
  18.675072  5
  18.797529  5
  39.576665  5
  47.205818  5
  62.867357  5
  0.000000  5.5
  31.809075  5.5
  33.711648  5.5
  48.279848  5.5
  62.823009  5.5
  14.296608  4
  14.730361  4
  28.897775  4
  38.864696  4
  0.000004  4.5
  22.811368  4.5
  26.554639  4.5
  39.024341  4.5
  9.739376  3
  10.940516  3
  21.048889  3
  0.000106  3.5
  14.877486  3.5
  20.551874  3.5
  5.393462  2
  7.728917  2
  0.002768  2.5
  8.920067  2.5
  2.152147  1
  0.052375  1.5
