  175.941123  10
  566.994446  10
  1486.264264  10
  2861.366354  10
  4695.986803  10
  6989.606175  10
  9742.094259  10
  12953.401848  10
  16623.507003  10
  20752.398730  10
  12.202599  10.5
  578.915430  10.5
  1486.129979  10.5
  2861.366876  10.5
  4695.986802  10.5
  6989.606175  10.5
  9742.094259  10.5
  12953.401848  10.5
  16623.507003  10.5
  20752.398730  10.5
  159.935424  9
  557.753080  9
  1476.222302  9
  2851.583912  9
  4686.297992  9
  6979.964530  9
  9732.479654  9
  12943.804175  9
  16613.920632  9
  14.531133  9.5
  566.479376  9.5
  1476.143882  9.5
  2851.584153  9.5
  4686.297991  9.5
  6979.964530  9.5
  9732.479654  9.5
  12943.804175  9.5
  16613.920632  9.5
  144.892795  8
  549.359506  8
  1467.257120  8
  2842.837741  8
  4677.633107  8
  6971.340531  8
  9723.879080  8
  12935.218266  8
  17.230383  8.5
  555.503591  8.5
  1467.214304  8.5
  2842.837841  8.5
  4677.633107  8.5
  6971.340531  8.5
  9723.879080  8.5
  12935.218266  8.5
  130.803860  7
  541.839443  7
  1459.361453  7
  2835.125668  7
  4669.990797  7
  6963.733264  7
  9716.291881  7
  20.342152  7.5
  545.956629  7.5
  1459.340027  7.5
  2835.125704  7.5
  4669.990797  7.5
  6963.733264  7.5
  9716.291881  7.5
  117.655619  6
  535.219973  6
  1452.529233  6
  2828.445770  6
  4663.369871  6
  6957.141925  6
  23.909610  6.5
  537.804719  6.5
  1452.519704  6.5
  2828.445781  6.5
  4663.369871  6.5
  6957.141925  6.5
  105.431468  5
  529.529609  5
  1446.755500  5
  2822.796378  5
  4657.769294  5
  27.976807  5.5
  531.012192  5.5
  1446.751924  5.5
  2822.796381  5.5
  4657.769294  5.5
  94.111232  4
  524.798350  4
  1442.036307  4
  2818.176078  4
  32.588150  4.5
  525.541933  4.5
  1442.035284  4.5
  2818.176078  4.5
  83.671245  3
  521.057699  3
  1438.368629  3
  37.787876  3.5
  521.355847  3.5
  1438.368459  3.5
  74.084451  2
  518.340645  2
  43.619525  2.5
  518.415309  2.5
  65.320562  1
  50.125431  1.5
