  58.725875  10
  60.570322  10
  128.765252  10
  171.805390  10
  243.782554  10
  333.799162  10
  442.484442  10
  569.569177  10
  714.966621  10
  878.632770  10
  0.000029  10.5
  98.937492  10.5
  114.311201  10.5
  173.888456  10.5
  243.665304  10.5
  333.802549  10.5
  442.484387  10.5
  569.569178  10.5
  714.966621  10.5
  878.632770  10.5
  51.580262  9
  54.433415  9
  113.427748  9
  160.105093  9
  232.123709  9
  322.470320  9
  431.317692  9
  558.504221  9
  703.969560  9
  0.000106  9.5
  84.943601  9.5
  103.974624  9.5
  161.110668  9.5
  232.081105  9.5
  322.471231  9.5
  431.317682  9.5
  558.504221  9.5
  703.969560  9.5
  44.293217  8
  48.525168  8
  100.124298  8
  149.681474  8
  221.845540  8
  312.420410  8
  421.388211  8
  548.650277  8
  0.000385  8.5
  71.796454  8.5
  94.451365  8.5
  150.114172  8.5
  221.832262  8.5
  312.420607  8.5
  421.388210  8.5
  548.650277  8.5
  36.953996  7
  42.924913  7
  88.903338  7
  140.551430  7
  212.887991  7
  303.620420  7
  412.675195  7
  0.001375  7.5
  59.784870  7.5
  85.847846  7.5
  140.712400  7.5
  212.884639  7.5
  303.620450  7.5
  412.675195  7.5
  29.750127  6
  37.722098  6
  79.690457  6
  132.711644  6
  205.204934  6
  296.044803  6
  0.004792  6.5
  49.145954  6.5
  78.257334  6.5
  132.760710  6.5
  205.204320  6.5
  296.044806  6.5
  22.944955  5
  33.012149  5
  72.313588  5
  126.144118  5
  198.760117  5
  0.016158  5.5
  40.065633  5.5
  71.756150  5.5
  126.155141  5.5
  198.760055  5.5
  16.816307  4
  28.892879  4
  66.564049  4
  120.822625  4
  0.052006  4.5
  32.681452  4.5
  66.400956  4.5
  120.824013  4.5
  11.594012  3
  25.463721  3
  62.255113  3
  0.156621  3.5
  27.075629  3.5
  62.227522  3.5
  7.421581  2
  22.830294  2
  0.430449  2.5
  23.252710  2.5
  4.338931  1
  1.054573  1.5
