  52.660926  10
  53.124331  10
  119.126089  10
  142.922849  10
  194.434782  10
  257.343646  10
  333.998366  10
  423.829977  10
  526.719727  10
  642.604216  10
  0.000001  10.5
  92.866518  10.5
  98.891403  10.5
  147.839597  10.5
  193.985462  10.5
  257.363340  10.5
  333.997887  10.5
  423.829984  10.5
  526.719727  10.5
  642.604216  10.5
  46.679627  9
  47.529015  9
  102.761408  9
  130.638254  9
  181.684686  9
  245.188631  9
  322.079039  9
  412.060775  9
  515.050152  9
  0.000006  9.5
  80.066017  9.5
  88.759186  9.5
  133.144194  9.5
  181.518234  9.5
  245.193977  9.5
  322.078948  9.5
  412.060776  9.5
  515.050152  9.5
  40.560121  8
  42.055087  8
  88.162402  8
  119.599416  8
  170.564616  8
  234.445455  8
  311.510366  8
  401.601904  8
  0.000028  8.5
  67.521046  8.5
  79.254594  8.5
  120.719371  8.5
  170.512036  8.5
  234.446616  8.5
  311.510354  8.5
  401.601904  8.5
  34.279601  7
  36.772911  7
  75.599685  7
  109.882144  7
  160.948065  7
  225.070411  7
  302.259758  7
  0.000137  7.5
  55.643642  7.5
  70.527786  7.5
  110.309248  7.5
  160.934673  7.5
  225.070591  7.5
  302.259757  7.5
  27.892854  6
  31.774635  6
  65.213018  6
  101.524281  6
  152.746525  6
  217.024219  6
  0.000655  6.5
  44.828493  6.5
  62.721507  6.5
  101.656520  6.5
  152.744058  6.5
  217.024234  6.5
  21.593325  5
  27.170522  5
  56.962735  5
  94.529518  5
  145.896458  5
  0.003021  5.5
  35.399062  5.5
  55.961365  5.5
  94.559515  5.5
  145.896209  5.5
  15.702725  4
  23.081741  4
  50.646948  4
  88.876563  4
  0.013286  4.5
  27.599526  4.5
  50.348094  4.5
  88.880362  4.5
  10.569481  3
  19.633335  3
  46.003292  3
  0.054320  3.5
  21.599570  3.5
  45.952187  3.5
  6.457847  2
  16.953428  2
  0.198642  2.5
  17.479278  2.5
  3.487798  1
  0.621121  1.5
