  98.758550  10
  178.837016  10
  420.485476  10
  769.876176  10
  1237.808843  10
  1823.156203  10
  2525.760169  10
  3345.557487  10
  4282.519844  10
  5336.633004  10
  0.449643  10.5
  200.663154  10.5
  419.432785  10.5
  769.892642  10.5
  1237.808722  10.5
  1823.156204  10.5
  2525.760169  10.5
  3345.557487  10.5
  4282.519844  10.5
  5336.633004  10.5
  86.089457  9
  170.593889  9
  409.888315  9
  759.844410  9
  1227.911531  9
  1813.329158  9
  2515.973538  9
  3335.796231  9
  4272.775556  9
  0.680114  9.5
  186.846114  9.5
  409.270660  9.5
  759.852024  9.5
  1227.911488  9.5
  1813.329158  9.5
  2515.973538  9.5
  3335.796231  9.5
  4272.775556  9.5
  74.323515  8
  163.023153  8
  400.515831  8
  750.893839  8
  1219.072430  8
  1804.547549  8
  2507.224990  8
  3327.068432  8
  1.017074  8.5
  174.649677  8.5
  400.177292  8.5
  750.897016  8.5
  1219.072417  8.5
  1804.547549  8.5
  2507.224990  8.5
  3327.068432  8.5
  63.501069  7
  156.161837  7
  392.326567  7
  743.016366  7
  1211.286048  7
  1796.807699  7
  2499.511886  7
  1.501690  7.5
  164.066631  7.5
  392.156619  7.5
  743.017523  7.5
  1211.286045  7.5
  1796.807699  7.5
  2499.511886  7.5
  53.649027  6
  150.049165  6
  385.286274  6
  736.204633  6
  1204.547558  6
  1790.106370  6
  2.186103  6.5
  155.076055  6.5
  385.210494  6.5
  736.204980  6.5
  1204.547557  6.5
  1790.106370  6.5
  44.780414  5
  144.727337  5
  379.367476  5
  730.452124  5
  1198.852788  5
  3.133799  5.5
  147.642810  5.5
  379.338983  5.5
  730.452201  5.5
  1198.852788  5.5
  36.894022  4
  140.242391  4
  374.548892  4
  725.753247  4
  4.418850  4.5
  141.718065  4.5
  374.540734  4.5
  725.753257  4.5
  29.974171  3
  136.645074  3
  370.814759  3
  6.123873  3.5
  137.240999  3.5
  370.813397  3.5
  23.990655  2
  133.991581  2
  8.336832  2.5
  134.141581  2.5
  18.898988  1
  11.147077  1.5
