  174.361087  10
  558.207945  10
  1461.976098  10
  2813.748696  10
  4617.267105  10
  6872.009464  10
  9577.845377  10
  12734.725555  10
  16342.628021  10
  20401.541764  10
  11.814106  10.5
  570.225499  10.5
  1461.838314  10.5
  2813.749241  10.5
  4617.267104  10.5
  6872.009464  10.5
  9577.845377  10.5
  12734.725555  10.5
  16342.628021  10.5
  20401.541764  10.5
  158.412364  9
  548.976939  9
  1451.931338  9
  2803.964791  9
  4607.577079  9
  6862.366738  9
  9568.229767  9
  12725.126925  9
  16333.040726  9
  14.094614  9.5
  557.774902  9.5
  1451.850873  9.5
  2803.965042  9.5
  4607.577079  9.5
  6862.366738  9.5
  9568.229767  9.5
  12725.126925  9.5
  16333.040726  9.5
  143.427365  8
  540.591859  8
  1442.964064  8
  2795.217423  8
  4598.911179  8
  6853.741818  8
  9559.628328  8
  12716.540186  8
  16.742695  8.5
  546.787024  8.5
  1442.920131  8.5
  2795.217528  8.5
  4598.911178  8.5
  6853.741818  8.5
  9559.628328  8.5
  12716.540186  8.5
  129.396902  7
  533.078551  7
  1435.066856  7
  2787.504383  7
  4591.268028  7
  6846.133776  7
  9552.040392  7
  19.800399  7.5
  537.230335  7.5
  1435.044870  7.5
  2787.504421  7.5
  4591.268028  7.5
  6846.133776  7.5
  9552.040392  7.5
  116.308096  6
  526.464241  6
  1428.233517  6
  2780.823715  6
  4584.646415  6
  6839.541794  6
  23.311196  6.5
  529.070908  6.5
  1428.223738  6.5
  2780.823727  6.5
  4584.646415  6.5
  6839.541794  6.5
  104.144400  5
  520.777608  5
  1422.458984  5
  2775.173721  5
  4579.045287  5
  27.319479  5.5
  522.272862  5.5
  1422.455315  5.5
  2775.173723  5.5
  4579.045287  5.5
  92.885636  4
  516.048839  4
  1417.739230  4
  2770.552961  4
  31.870039  4.5
  516.798818  4.5
  1417.738181  4.5
  2770.552961  4.5
  82.508064  3
  512.309654  3
  1414.071171  3
  37.007514  3.5
  512.610379  3.5
  1414.070996  3.5
  72.984494  2
  509.593283  2
  42.775849  2.5
  509.668596  2.5
  64.284444  1
  49.217778  1.5
