  39.634285  10
  39.634326  10
  105.291315  10
  105.361628  10
  147.907927  10
  153.832510  10
  177.273269  10
  201.270006  10
  230.817938  10
  264.711060  10
  0.000000  10.5
  74.797672  10.5
  74.800194  10.5
  130.341520  10.5
  131.321413  10.5
  160.614303  10.5
  176.051088  10.5
  201.361533  10.5
  230.814719  10.5
  264.711105  10.5
  35.447319  9
  35.447533  9
  92.531569  9
  92.787382  9
  125.331239  9
  135.204650  9
  157.320257  9
  182.773291  9
  212.842071  9
  0.000000  9.5
  66.402119  9.5
  66.413444  9.5
  112.420308  9.5
  114.978038  9.5
  137.977920  9.5
  157.037606  9.5
  182.785353  9.5
  212.841879  9.5
  31.259057  8
  31.260150  8
  79.519260  8
  80.342136  8
  104.612744  8
  118.357432  8
  140.433102  8
  166.634223  8
  0.000000  8.5
  57.982680  8.5
  58.030493  8.5
  94.102920  8.5
  99.391662  8.5
  119.148777  8.5
  140.389960  8.5
  166.635038  8.5
  27.067565  7
  27.072914  7
  66.065886  7
  68.254313  7
  86.980852  7
  103.646398  7
  126.091185  7
  0.000000  7.5
  49.494410  7.5
  49.679515  7.5
  76.412618  7.5
  85.069093  7.5
  103.791156  7.5
  126.087819  7.5
  22.865729  6
  22.890439  6
  52.414951  6
  56.911525  6
  72.931433  6
  91.200738  6
  0.000000  6.5
  40.822070  6.5
  41.449991  6.5
  60.686747  6.5
  72.489455  6.5
  91.214122  6.5
  18.627888  5
  18.732712  5
  39.598607  5
  46.797116  5
  62.015355  5
  0.000000  5.5
  31.833941  5.5
  33.553657  5.5
  47.958812  5.5
  61.964910  5.5
  14.280557  4
  14.667457  4
  28.794852  4
  38.353313  4
  0.000003  4.5
  22.846609  4.5
  26.353037  4.5
  38.528245  4.5
  9.751053  3
  10.866374  3
  20.817362  3
  0.000083  3.5
  14.865467  3.5
  20.293024  3.5
  5.400733  2
  7.633247  2
  0.002359  2.5
  8.847479  2.5
  2.140227  1
  0.048155  1.5
