  155.369959  10
  454.730807  10
  1176.192743  10
  2253.416285  10
  3690.931252  10
  5488.177393  10
  7645.021490  10
  10161.413052  10
  13037.329551  10
  16272.759697  10
  7.566969  10.5
  468.094880  10.5
  1175.998896  10.5
  2253.417250  10.5
  3690.931249  10.5
  5488.177393  10.5
  7645.021490  10.5
  10161.413052  10.5
  13037.329551  10.5
  16272.759697  10.5
  140.127852  9
  445.642457  9
  1166.105109  9
  2243.610380  9
  3681.222967  9
  5478.518399  9
  7635.390770  9
  10151.800045  9
  13027.728370  9
  9.272063  9.5
  455.442423  9.5
  1165.991867  9.5
  2243.610826  9.5
  3681.222966  9.5
  5478.518399  9.5
  7635.390770  9.5
  10151.800045  9.5
  13027.728370  9.5
  125.856478  8
  437.374510  8
  1157.105866  8
  2234.845024  8
  3672.541793  8
  5469.879640  8
  7626.776327  8
  10143.200829  8
  11.301612  8.5
  444.285596  8.5
  1157.044019  8.5
  2234.845210  8.5
  3672.541793  8.5
  5469.879640  8.5
  7626.776327  8.5
  10143.200829  8.5
  112.549756  7
  429.954492  7
  1149.185171  7
  2227.117449  7
  3664.885999  7
  5462.259949  7
  7619.177322  7
  13.700641  7.5
  434.592235  7.5
  1149.154214  7.5
  2227.117516  7.5
  3664.885999  7.5
  5462.259949  7.5
  7619.177322  7.5
  100.196976  6
  423.411546  6
  1142.334837  6
  2220.425200  6
  3658.254060  6
  5455.658297  6
  16.516493  6.5
  426.326700  6.5
  1142.321066  6.5
  2220.425220  6.5
  3658.254060  6.5
  5455.658297  6.5
  88.782795  5
  417.776566  5
  1136.548200  5
  2214.766146  5
  3652.644652  5
  19.798202  5.5
  419.450423  5.5
  1136.543031  5.5
  2214.766150  5.5
  3652.644652  5.5
  78.287264  4
  413.082296  4
  1131.819984  4
  2210.138479  4
  23.595784  4.5
  413.922533  4.5
  1131.818506  4.5
  2210.138479  4.5
  68.685902  3
  409.363390  3
  1128.146172  3
  27.959480  3.5
  409.700517  3.5
  1128.145925  3.5
  59.949815  2
  406.656420  2
  32.938988  2.5
  406.740886  2.5
  52.045896  1
  38.582715  1.5
