  116.552292  10
  258.644989  10
  637.174259  10
  1195.958509  10
  1942.559017  10
  2876.198393  10
  3996.731251  10
  5304.101516  10
  6798.284115  10
  8479.266457  10
  1.693749  10.5
  276.598285  10.5
  636.653991  10.5
  1195.963541  10.5
  1942.558994  10.5
  2876.198393  10.5
  3996.731251  10.5
  5304.101516  10.5
  6798.284115  10.5
  8479.266457  10.5
  102.940625  9
  250.022378  9
  626.873533  9
  1186.051925  9
  1932.766895  9
  2866.464781  9
  3987.031264  9
  5294.422622  9
  6788.619315  9
  2.303356  9.5
  263.283325  9.5
  626.569084  9.5
  1186.054250  9.5
  1932.766887  9.5
  2866.464781  9.5
  3987.031264  9.5
  5294.422622  9.5
  6788.619315  9.5
  90.290310  8
  242.138517  8
  617.717135  8
  1177.204153  8
  1924.015633  8
  2857.762569  8
  3978.357225  8
  5285.766246  8
  3.105197  8.5
  251.552770  8.5
  617.550623  8.5
  1177.205123  8.5
  1924.015631  8.5
  2857.762569  8.5
  3978.357225  8.5
  5285.766246  8.5
  78.613935  7
  235.025931  7
  609.682401  7
  1169.409943  7
  1916.301852  7
  2850.089486  7
  3970.707500  7
  4.147202  7.5
  241.381404  7.5
  609.598954  7.5
  1169.410296  7.5
  1916.301852  7.5
  2850.089486  7.5
  3970.707500  7.5
  67.915335  6
  228.719353  6
  602.750623  6
  1162.664601  6
  1909.622575  6
  2843.443527  6
  5.484128  6.5
  232.735308  6.5
  602.713465  6.5
  1162.664707  6.5
  1909.622575  6.5
  2843.443527  6.5
  58.189451  5
  223.256147  5
  596.906740  5
  1156.964019  5
  1903.975227  5
  7.176820  5.5
  225.572458  5.5
  596.892784  5.5
  1156.964043  5.5
  1903.975227  5.5
  49.422236  4
  218.676732  4
  592.138994  4
  1152.304700  4
  9.290990  4.5
  219.843765  4.5
  592.135001  4.5
  1152.304703  4.5
  41.590639  3
  215.024930  3
  588.438575  3
  11.895558  3.5
  215.494524  3.5
  588.437909  3.5
  34.662715  2
  212.348212  2
  15.060717  2.5
  212.466109  2.5
  28.597913  1
  18.855862  1.5
