  40.681951  10
  40.682312  10
  107.184360  10
  107.532122  10
  146.368340  10
  158.497241  10
  185.453410  10
  216.326506  10
  252.782825  10
  294.301851  10
  0.000000  10.5
  76.563706  10.5
  76.580645  10.5
  130.749448  10.5
  133.994703  10.5
  161.905283  10.5
  185.071774  10.5
  216.346721  10.5
  252.782292  10.5
  294.301856  10.5
  36.373678  9
  36.375166  9
  93.753254  9
  94.719060  9
  124.753181  9
  141.076231  9
  167.898721  9
  199.593131  9
  236.449630  9
  0.000000  9.5
  67.895133  9.5
  67.954510  9.5
  111.747317  9.5
  117.923371  9.5
  142.245207  9.5
  167.818197  9.5
  199.595678  9.5
  236.449600  9.5
  32.062037  8
  32.067989  8
  79.892338  8
  82.218862  8
  105.957028  8
  125.606272  8
  152.753116  8
  184.932737  8
  0.000000  8.5
  59.160856  8.5
  59.355795  8.5
  93.205851  8.5
  102.981608  8.5
  125.900293  8.5
  152.741481  8.5
  184.932904  8.5
  27.741382  7
  27.764194  7
  65.717224  7
  70.336454  7
  90.516324  7
  112.220555  7
  139.752301  7
  0.000000  7.5
  50.268837  7.5
  50.851211  7.5
  76.271768  7.5
  89.574462  7.5
  112.270587  7.5
  139.751424  7.5
  23.394254  6
  23.476651  6
  51.975263  6
  59.460578  6
  78.196763  6
  100.905238  6
  0.000000  6.5
  41.084827  6.5
  42.590025  6.5
  61.915849  6.5
  77.999670  6.5
  100.909681  6.5
  18.972871  5
  19.245228  5
  39.704077  5
  49.979908  5
  68.411768  5
  0.000001  5.5
  31.678561  5.5
  34.832435  5.5
  50.655196  5.5
  68.390414  5.5
  14.391389  4
  15.170004  4
  29.756140  4
  42.188756  4
  0.000018  4.5
  22.690237  4.5
  27.926764  4.5
  42.283473  4.5
  9.685065  3
  11.444813  3
  22.598708  3
  0.000364  3.5
  15.039909  3.5
  22.233966  3.5
  5.375296  2
  8.347985  2
  0.006344  2.5
  9.414039  2.5
  2.232908  1
  0.081459  1.5
