  38.936290  10
  38.936293  10
  103.922057  10
  103.932966  10
  149.405400  10
  151.569030  10
  174.246606  10
  191.652886  10
  215.517369  10
  243.115869  10
  0.000000  10.5
  73.608128  10.5
  73.608414  10.5
  129.593754  10.5
  129.812474  10.5
  162.358818  10.5
  171.096759  10.5
  192.013501  10.5
  215.500050  10.5
  243.116183  10.5
  34.829445  9
  34.829469  9
  91.526149  9
  91.579180  9
  127.089945  9
  132.072944  9
  151.201949  9
  171.168284  9
  195.647393  9
  0.000000  9.5
  65.384483  9.5
  65.386179  9.5
  112.646209  9.5
  113.446876  9.5
  137.400114  9.5
  150.340965  9.5
  171.219605  9.5
  195.646312  9.5
  30.722035  8
  30.722195  8
  79.028752  8
  79.259746  8
  105.318410  8
  113.982209  8
  132.124813  8
  153.338655  8
  0.000000  8.5
  57.152489  8.5
  57.161961  8.5
  95.141004  8.5
  97.480296  8.5
  115.817342  8.5
  131.980076  8.5
  153.342298  8.5
  26.613434  7
  26.614464  7
  66.252406  7
  67.102217  7
  85.777812  7
  97.900290  7
  116.203413  7
  0.000000  7.5
  48.895325  7.5
  48.944066  7.5
  77.373376  7.5
  82.410085  7.5
  98.281028  7.5
  116.191477  7.5
  22.501175  6
  22.507451  6
  53.033992  6
  55.417931  6
  69.759019  6
  84.199962  6
  0.000000  6.5
  40.552024  6.5
  40.773998  6.5
  60.683614  6.5
  68.856283  6.5
  84.237599  6.5
  18.374046  5
  18.409252  5
  39.966398  5
  44.724234  5
  57.462468  5
  0.000000  5.5
  31.967446  5.5
  32.793446  5.5
  46.561970  5.5
  57.350192  5.5
  14.186000  4
  14.358747  4
  28.435306  4
  35.607690  4
  0.000000  4.5
  23.129387  4.5
  25.333048  4.5
  35.914634  4.5
  9.829377  3
  10.491053  3
  19.626242  3
  0.000016  3.5
  14.887021  3.5
  18.901629  3.5
  5.470079  2
  7.116209  2
  0.000775  2.5
  8.480176  2.5
  2.079696  1
  0.027028  1.5
