  73.575057  10
  88.925011  10
  186.978899  10
  303.491558  10
  464.791191  10
  666.982777  10
  909.922893  10
  1193.504906  10
  1517.682544  10
  1882.432515  10
  0.005944  10.5
  120.624184  10.5
  181.856578  10.5
  303.746120  10.5
  464.785513  10.5
  666.982845  10.5
  909.922893  10.5
  1193.504906  10.5
  1517.682544  10.5
  1882.432515  10.5
  63.404864  9
  81.721488  9
  174.571441  9
  292.831625  9
  454.334646  9
  656.663682  9
  899.681573  9
  1183.312429  9
  1507.522749  9
  0.013242  9.5
  106.010456  9.5
  171.488557  9.5
  292.950202  9.5
  454.332610  9.5
  656.663700  9.5
  899.681573  9.5
  1183.312429  9.5
  1507.522749  9.5
  53.635081  8
  74.987221  8
  163.863244  8
  283.354868  8
  445.030992  8
  647.464943  8
  890.542735  8
  1174.211227  8
  0.029075  8.5
  92.872123  8.5
  162.140560  8.5
  283.404632  8.5
  445.030364  8.5
  647.464947  8.5
  890.542735  8.5
  1174.211227  8.5
  44.437971  7
  68.781554  7
  154.725129  7
  275.045831  7
  436.862243  7
  639.375120  7
  882.498207  7
  0.062698  7.5
  81.295718  7.5
  153.847882  7.5
  275.064028  7.5
  436.862085  7.5
  639.375121  7.5
  882.498207  7.5
  35.971003  6
  63.164378  6
  147.032827  6
  267.887663  6
  429.812958  6
  632.384156  6
  0.132146  6.5
  71.347044  6.5
  146.637579  6.5
  267.893145  6.5
  429.812929  6.5
  632.384156  6.5
  28.363983  5
  58.196656  5
  140.678178  5
  261.863542  5
  423.870003  5
  0.270621  5.5
  63.066860  5.5
  140.528461  5.5
  261.864764  5.5
  423.870000  5.5
  21.711019  4
  53.942008  4
  135.574584  4
  256.957832  4
  0.534816  4.5
  56.463824  4.5
  135.531494  4.5
  256.957985  4.5
  16.066000  3
  50.469537  3
  131.657952  3
  1.012785  3.5
  51.506978  3.5
  131.650733  3.5
  11.439951  2
  47.857807  2
  1.826601  2.5
  48.122494  2.5
  7.799508  1
  3.125177  1.5
