  40.035143  10
  40.035250  10
  106.041874  10
  106.185884  10
  147.160648  10
  155.463370  10
  180.093879  10
  206.969438  10
  239.310328  10
  276.282744  10
  0.000000  10.5
  75.476471  10.5
  75.482360  10.5
  130.582743  10.5
  132.283501  10.5
  160.660690  10.5
  179.335600  10.5
  207.018045  10.5
  239.308819  10.5
  276.282762  10.5
  35.801932  9
  35.802439  9
  93.041363  9
  93.507229  9
  124.847057  9
  137.320620  9
  161.255384  9
  189.260135  9
  222.069439  9
  0.000000  9.5
  66.978943  9.5
  67.002645  9.5
  112.165341  9.5
  116.021048  9.5
  139.281073  9.5
  161.087988  9.5
  189.266400  9.5
  222.069350  9.5
  31.566796  8
  31.569118  8
  79.703488  8
  81.025228  8
  104.865250  8
  121.058101  8
  145.162135  8
  173.782027  8
  0.000000  8.5
  58.444103  8.5
  58.533660  8.5
  93.652528  8.5
  100.680440  8.5
  121.583647  8.5
  145.137270  8.5
  173.782445  8.5
  27.326633  7
  27.336824  7
  65.923698  7
  69.007300  7
  88.169049  7
  106.927650  7
  131.422653  7
  0.000000  7.5
  49.808349  7.5
  50.117779  7.5
  76.207892  7.5
  86.735371  7.5
  107.020376  7.5
  131.420745  7.5
  23.070757  6
  23.112968  6
  52.183222  6
  57.851103  6
  74.903784  6
  94.984364  6
  0.000000  6.5
  40.938149  6.5
  41.869822  6.5
  61.028833  6.5
  74.588087  6.5
  94.992769  6.5
  18.764731  5
  18.925097  5
  39.568537  5
  48.004554  5
  64.502009  5
  0.000000  5.5
  31.764139  5.5
  34.026365  5.5
  48.933753  5.5
  64.466888  5.5
  14.326159  4
  14.854837  4
  29.119501  4
  39.845106  4
  0.000006  4.5
  22.757187  4.5
  26.949065  4.5
  39.980320  4.5
  9.719544  3
  11.085537  3
  21.498758  3
  0.000160  3.5
  14.911377  3.5
  21.048033  3.5
  5.383290  2
  7.911953  2
  0.003656  2.5
  9.062075  2.5
  2.175427  1
  0.060670  1.5
