  39.482692  10
  39.482719  10
  105.000099  10
  105.051067  10
  148.228317  10
  153.273829  10
  176.361147  10
  199.140863  10
  227.562064  10
  260.212933  10
  0.000000  10.5
  74.540095  10.5
  74.541823  10.5
  130.215879  10.5
  130.976576  10.5
  160.776314  10.5
  174.879392  10.5
  199.259980  10.5
  227.557638  10.5
  260.212997  10.5
  35.313168  9
  35.313314  9
  92.325401  9
  92.520610  9
  125.610803  9
  134.457099  9
  155.888533  9
  180.293634  9
  209.257330  9
  0.000000  9.5
  66.182426  9.5
  66.190570  9.5
  112.501747  9.5
  114.613433  9.5
  137.636117  9.5
  155.537494  9.5
  180.309508  9.5
  209.257064  9.5
  31.142541  8
  31.143323  8
  79.432402  8
  80.095457  8
  104.625598  8
  117.366220  8
  138.636877  8
  163.859405  8
  0.000000  8.5
  57.805080  8.5
  57.841194  8.5
  94.305961  8.5
  98.936970  8.5
  118.301550  8.5
  138.582552  8.5
  163.860486  8.5
  26.969237  7
  26.973253  7
  66.117091  7
  67.985655  7
  86.607239  7
  102.403256  7
  124.023813  7
  0.000000  7.5
  49.369903  7.5
  49.516899  7.5
  76.549237  7.5
  84.461916  7.5
  102.577527  7.5
  124.019539  7.5
  22.787338  6
  22.806804  6
  52.525520  6
  56.570013  6
  72.206291  6
  89.735123  6
  0.000000  6.5
  40.771557  6.5
  41.296968  6.5
  60.611738  6.5
  71.698410  6.5
  89.751395  6.5
  18.574479  5
  18.661196  5
  39.639224  5
  46.343765  5
  61.055813  5
  0.000000  5.5
  31.862670  5.5
  33.381117  5.5
  47.616072  5.5
  60.997100  5.5
  14.261901  4
  14.598375  4
  28.690590  4
  37.776871  4
  0.000002  4.5
  22.892478  4.5
  26.129592  4.5
  37.971650  4.5
  9.765327  3
  10.784183  3
  20.559383  3
  0.000062  3.5
  14.857146  3.5
  20.001174  3.5
  5.410757  2
  7.525214  2
  0.001942  2.5
  8.767022  2.5
  2.126999  1
  0.043495  1.5
