  44.441238  10
  44.456939  10
  111.900483  10
  116.207581  10
  151.532443  10
  182.417600  10
  224.297931  10
  273.793009  10
  330.842120  10
  395.296132  10
  0.000000  10.5
  82.575172  10.5
  83.001117  10.5
  131.352034  10.5
  147.534206  10.5
  182.842321  10.5
  224.275860  10.5
  273.793633  10.5
  330.842110  10.5
  395.296132  10.5
  39.678372  9
  39.720874  9
  96.087663  9
  103.208738  9
  134.592318  9
  167.797792  9
  210.075581  9
  259.906344  9
  317.167983  9
  0.000000  9.5
  72.703568  9.5
  73.658692  9.5
  112.599184  9.5
  132.903532  9.5
  167.919406  9.5
  210.071282  9.5
  259.906419  9.5
  317.167983  9.5
  34.888898  8
  35.000066  8
  80.601141  8
  91.067700  8
  120.418324  8
  154.962485  8
  197.577527  8
  247.642743  8
  0.000000  8.5
  62.555373  8.5
  64.528188  8.5
  96.090131  8.5
  119.837329  8.5
  154.989867  8.5
  197.576938  8.5
  247.642748  8.5
  30.041587  7
  30.319175  7
  66.166857  7
  80.046062  7
  108.597371  7
  143.855205  7
  186.720765  7
  0.000001  7.5
  52.130429  7.5
  55.774037  7.5
  82.249974  7.5
  108.441274  7.5
  143.859563  7.5
  186.720722  7.5
  25.080850  6
  25.729562  6
  53.444138  6
  70.367688  6
  98.767346  6
  134.402376  6
  0.000006  6.5
  41.720511  6.5
  47.611513  6.5
  71.115817  6.5
  98.737630  6.5
  134.402748  6.5
  19.950353  5
  21.324196  5
  42.933318  5
  62.186809  5
  90.690907  5
  0.000060  5.5
  31.913494  5.5
  40.282002  5.5
  62.365734  5.5
  90.687849  5.5
  14.716709  4
  17.245860  4
  34.884897  4
  55.572314  4
  0.000558  4.5
  23.335553  4.5
  34.018885  4.5
  55.595629  4.5
  9.736540  3
  13.678017  3
  29.171877  3
  0.004837  3.5
  16.463553  3.5
  29.016177  3.5
  5.556052  2
  10.821380  2
  0.036640  2.5
  11.606215  2.5
  2.584659  1
  0.217370  1.5
