  74.325260  10
  90.909179  10
  191.702305  10
  313.317696  10
  481.153124  10
  691.511822  10
  944.244378  10
  1239.247180  10
  1576.475090  10
  1955.905388  10
  0.007300  10.5
  122.237170  10.5
  186.863297  10.5
  313.547301  10.5
  481.148216  10.5
  691.511878  10.5
  944.244378  10.5
  1239.247180  10.5
  1576.475090  10.5
  1955.905388  10.5
  64.031369  9
  83.660887  9
  179.407757  9
  302.694118  9
  470.730976  9
  681.222709  9
  934.030687  9
  1229.080859  9
  1566.340465  9
  0.015956  9.5
  107.633680  9.5
  176.501432  9.5
  302.801005  9.5
  470.729216  9.5
  681.222724  9.5
  934.030687  9.5
  1229.080859  9.5
  1566.340465  9.5
  54.168738  8
  76.891571  8
  168.785765  8
  293.248455  8
  461.455749  8
  672.049340  8
  924.915532  8
  1220.002279  8
  0.034375  8.5
  94.519718  8.5
  167.164302  8.5
  293.293292  8.5
  461.455206  8.5
  672.049343  8.5
  924.915532  8.5
  1220.002279  8.5
  44.904438  7
  70.659327  7
  159.709793  7
  284.965263  7
  453.310309  7
  663.980764  7
  916.891087  7
  0.072734  7.5
  82.976576  7.5
  158.885036  7.5
  284.981653  7.5
  453.310173  7.5
  663.980764  7.5
  916.891087  7.5
  36.389020  6
  65.022800  6
  152.060151  6
  277.828000  6
  446.279915  6
  657.007354  6
  0.150449  6.5
  73.065225  6.5
  151.688850  6.5
  277.832937  6.5
  446.279890  6.5
  657.007354  6.5
  28.745164  5
  60.041806  5
  145.733660  5
  271.820323  5
  440.352010  5
  0.302498  5.5
  64.821831  5.5
  145.593091  5.5
  271.821424  5.5
  440.352007  5.5
  22.060675  4
  55.778972  4
  140.648119  4
  266.927141  4
  0.587379  4.5
  58.250882  4.5
  140.607677  4.5
  266.927279  4.5
  16.384512  3
  52.302512  3
  136.742802  3
  1.094224  3.5
  53.318306  3.5
  136.736028  3.5
  11.724431  2
  49.690046  2
  1.944634  2.5
  49.948999  2.5
  8.045617  1
  3.285194  1.5
