  242.732708  10
  957.913310  10
  2568.662531  10
  4983.175675  10
  8203.586979  10
  12229.431439  10
  17060.583619  10
  22696.996290  10
  29138.648419  10
  36385.529477  10
  32.658821  10.5
  967.019690  10.5
  2568.604908  10.5
  4983.175802  10.5
  8203.586979  10.5
  12229.431439  10.5
  17060.583619  10.5
  22696.996290  10.5
  29138.648419  10.5
  36385.529477  10.5
  224.508969  9
  948.361568  9
  2558.687823  9
  4973.429694  9
  8193.928398  9
  12219.816743  9
  17050.994051  9
  22687.422444  9
  29129.085064  9
  36.972627  9.5
  955.008982  9.5
  2558.654189  9.5
  4973.429753  9.5
  8193.928398  9.5
  12219.816743  9.5
  17050.994051  9.5
  22687.422444  9.5
  29129.085064  9.5
  207.220798  8
  939.714373  8
  2549.773204  8
  4964.713327  8
  8185.288809  8
  12211.215672  8
  17042.415027  8
  22678.857213  8
  41.750476  8.5
  944.383024  8.5
  2549.754849  8.5
  4964.713352  8.5
  8185.288809  8.5
  12211.215672  8.5
  17042.415027  8.5
  22678.857213  8.5
  190.855458  7
  931.993285  7
  2541.915011  7
  4957.025335  7
  8177.667444  7
  12203.627709  7
  17034.846176  7
  47.025573  7.5
  935.114840  7.5
  2541.905829  7.5
  4957.025344  7.5
  8177.667444  7.5
  12203.627709  7.5
  17034.846176  7.5
  175.398186  6
  925.220705  6
  2535.110153  6
  4950.364623  6
  8171.063627  6
  12197.052397  6
  52.831338  6.5
  927.176630  6.5
  2535.106070  6.5
  4950.364626  6.5
  8171.063627  6.5
  12197.052397  6.5
  160.832222  5
  919.419888  5
  2529.356080  5
  4944.730242  5
  8165.476773  5
  59.201180  5.5
  920.539960  5.5
  2529.354549  5.5
  4944.730243  5.5
  8165.476773  5.5
  147.138847  4
  914.614945  4
  2524.650741  4
  4940.121390  4
  66.168265  4.5
  915.175964  4.5
  2524.650304  4.5
  4940.121390  4.5
  134.297435  3
  910.830823  3
  2520.992544  3
  73.765293  3.5
  911.055536  3.5
  2520.992471  3.5
  122.285520  2
  908.093281  2
  82.024286  2.5
  908.149514  2.5
  111.078880  1
  90.976380  1.5
