  52.429286  10
  52.863981  10
  118.857203  10
  141.996412  10
  192.850935  10
  254.831992  10
  330.405509  10
  418.981485  10
  520.439763  10
  634.715905  10
  0.000001  10.5
  92.624904  10.5
  98.381095  10.5
  147.076896  10.5
  192.376425  10.5
  254.853164  10.5
  330.404986  10.5
  418.981493  10.5
  520.439763  10.5
  634.715905  10.5
  46.488000  9
  47.290876  9
  102.464522  9
  129.688323  9
  180.042729  9
  242.635736  9
  318.448622  9
  407.177267  9
  508.736826  9
  0.000005  9.5
  79.888896  9.5
  88.261065  9.5
  132.286044  9.5
  179.866732  9.5
  242.641486  9.5
  318.448523  9.5
  407.177267  9.5
  508.736826  9.5
  40.411130  8
  41.835290  8
  87.819009  8
  118.622484  8
  168.879024  8
  231.857975  8
  307.848143  8
  396.688379  8
  0.000025  8.5
  67.382154  8.5
  78.759690  8.5
  119.786176  8.5
  168.823383  8.5
  231.859224  8.5
  307.848129  8.5
  396.688379  8.5
  34.172915  7
  36.566837  7
  75.200800  7
  108.878009  7
  159.229008  7
  222.454302  7
  298.570851  7
  0.000124  7.5
  55.518645  7.5
  70.028817  7.5
  109.322473  7.5
  159.214829  7.5
  222.454496  7.5
  298.570850  7.5
  27.822217  6
  31.577397  6
  64.760279  6
  100.495309  6
  151.001476  6
  214.384745  6
  0.000598  6.5
  44.700034  6.5
  62.213408  6.5
  100.633055  6.5
  150.998864  6.5
  214.384761  6.5
  21.546700  5
  26.977622  5
  56.466974  5
  93.479653  5
  144.131245  5
  0.002800  5.5
  35.257110  5.5
  55.441466  5.5
  93.510917  5.5
  144.130981  5.5
  15.667315  4
  22.889644  4
  50.122388  4
  87.810340  4
  0.012491  4.5
  27.439779  4.5
  49.815980  4.5
  87.814300  4.5
  10.537078  3
  19.439751  3
  45.461730  3
  0.051801  3.5
  21.422105  3.5
  45.409301  3.5
  6.426233  2
  16.757232  2
  0.191987  2.5
  17.287910  2.5
  3.459060  1
  0.607276  1.5
