  64.203839  10
  68.885303  10
  143.218821  10
  207.960287  10
  304.969451  10
  426.687769  10
  573.220697  10
  744.395241  10
  940.144486  10
  1160.434741  10
  0.000279  10.5
  105.091550  10.5
  133.037207  10.5
  208.918536  10.5
  304.931908  10.5
  426.688543  10.5
  573.220688  10.5
  744.395241  10.5
  940.144486  10.5
  1160.434741  10.5
  55.882420  9
  62.316062  9
  129.034482  9
  196.713336  9
  293.900383  9
  415.843630  9
  562.497032  9
  733.747147  9
  929.546894  9
  0.000828  9.5
  90.620972  9.5
  122.639887  9.5
  197.166236  9.5
  293.886846  9.5
  415.843838  9.5
  562.497031  9.5
  733.747147  9.5
  929.546894  9.5
  47.557261  8
  56.072497  8
  116.860716  8
  186.718434  8
  284.095003  8
  406.201571  8
  552.945478  8
  724.252397  8
  0.002423  8.5
  77.331368  8.5
  113.162808  8.5
  186.910498  8.5
  284.090806  8.5
  406.201615  8.5
  552.945478  8.5
  724.252397  8.5
  39.403283  7
  50.229830  7
  106.611469  7
  177.969518  7
  275.517340  7
  397.741229  7
  544.551515  7
  0.006961  7.5
  65.408137  7.5
  104.679562  7.5
  178.040269  7.5
  275.516286  7.5
  397.741236  7.5
  544.551515  7.5
  31.643240  6
  44.866952  6
  98.137548  6
  170.450995  6
  268.138050  6
  390.444726  6
  0.019525  6.5
  55.001059  6.5
  97.251449  6.5
  170.472421  6.5
  268.137857  6.5
  390.444727  6.5
  24.508433  5
  40.064366  5
  91.265560  5
  164.141628  5
  261.932997  5
  0.053030  5.5
  46.225896  5.5
  90.925932  5.5
  164.146421  5.5
  261.932978  5.5
  18.200089  4
  35.903601  4
  85.834332  4
  159.018220  4
  0.137859  4.5
  39.160732  4.5
  85.735847  4.5
  159.018822  4.5
  12.863465  3
  32.469212  3
  81.716255  3
  0.338064  3.5
  33.833952  3.5
  81.699679  3.5
  8.574467  2
  29.854225  2
  0.769820  2.5
  30.207381  2.5
  5.333167  1
  1.607422  1.5
