  83.384340  10
  118.998215  10
  262.014915  10
  455.951085  10
  718.010811  10
  1046.093462  10
  1440.027602  10
  1899.733686  10
  2425.176277  10
  3016.337535  10
  0.056285  10.5
  146.122143  10.5
  259.500015  10.5
  456.023654  10.5
  718.009840  10.5
  1046.093469  10.5
  1440.027602  10.5
  1899.733686  10.5
  2425.176277  10.5
  3016.337535  10.5
  71.909525  9
  111.284497  9
  250.709934  9
  445.656477  9
  707.887279  9
  1036.066312  9
  1430.055736  9
  1889.796554  9
  2415.262385  9
  0.102071  9.5
  131.763419  9.5
  249.222497  9.5
  445.690111  9.5
  707.886932  9.5
  1036.066314  9.5
  1430.055736  9.5
  1889.796554  9.5
  2415.262385  9.5
  61.147220  8
  104.145396  8
  240.823249  8
  436.488250  8
  698.859707  8
  1027.114863  8
  1421.148044  8
  1880.916349  8
  0.182571  8.5
  118.998456  8.5
  240.002946  8.5
  436.502312  8.5
  698.859600  8.5
  1027.114864  8.5
  1421.148044  8.5
  1880.916349  8.5
  51.199745  7
  97.627213  7
  232.270245  7
  428.433579  7
  690.917849  7
  1019.232358  7
  1413.299683  7
  0.321214  7.5
  107.861179  7.5
  231.856514  7.5
  428.438707  7.5
  690.917822  7.5
  1019.232358  7.5
  1413.299683  7.5
  42.148996  6
  91.777531  6
  224.978753  6
  421.480189  6
  684.052760  6
  1012.412844  6
  0.554171  6.5
  98.367502  6.5
  224.793616  6.5
  421.481731  6.5
  684.052755  6.5
  1012.412844  6.5
  34.053936  5
  86.646321  5
  218.890071  5
  415.616806  5
  678.256748  5
  0.934397  5.5
  90.511600  5.5
  218.820278  5.5
  415.617150  5.5
  678.256748  5.5
  26.948997  4
  82.287505  4
  213.958693  4
  410.833503  4
  1.534706  4.5
  84.262804  4.5
  213.938672  4.5
  410.833546  4.5
  20.843000  3
  78.760894  3
  210.151225  3
  2.448304  3.5
  79.564710  3.5
  210.147879  3.5
  15.718419  2
  76.134325  2
  3.785489  2.5
  76.337771  2.5
  11.531171  1
  5.666429  1.5
