  81.226076  10
  111.679148  10
  243.243814  10
  418.301988  10
  655.571794  10
  952.681566  10
  1309.460176  10
  1725.823920  10
  2201.735610  10
  2737.176522  10
  0.037090  10.5
  139.740425  10.5
  240.328262  10.5
  418.395724  10.5
  655.570403  10.5
  952.681577  10.5
  1309.460176  10.5
  1725.823920  10.5
  2201.735610  10.5
  2737.176522  10.5
  69.985800  9
  104.064004  9
  231.759070  9
  407.945435  9
  645.393557  9
  942.606221  9
  1299.443763  9
  1715.844533  9
  2191.780999  9
  0.069843  9.5
  125.309743  9.5
  230.030492  9.5
  407.988910  9.5
  645.393059  9.5
  942.606224  9.5
  1299.443763  9.5
  1715.844533  9.5
  2191.780999  9.5
  59.406437  8
  97.004071  8
  221.740892  8
  398.725452  8
  636.320510  8
  933.613909  8
  1290.497828  8
  1706.927736  8
  0.129690  8.5
  112.457092  8.5
  220.785860  8.5
  398.743638  8.5
  636.320357  8.5
  933.613909  8.5
  1290.497828  8.5
  1706.927736  8.5
  49.604312  7
  90.547896  7
  213.094976  7
  390.628407  7
  628.341205  7
  925.697113  7
  1282.616989  7
  0.236768  7.5
  101.225546  7.5
  212.612642  7.5
  390.635041  7.5
  628.341166  7.5
  925.697113  7.5
  1282.616989  7.5
  40.674680  6
  84.745090  6
  205.739799  6
  383.641039  6
  621.445669  6
  918.849217  6
  0.423516  6.5
  91.639771  6.5
  205.523751  6.5
  383.643034  6.5
  621.445662  6.5
  918.849217  6.5
  32.688202  5
  79.647414  5
  199.608563  5
  377.751031  5
  615.625337  5
  0.739416  5.5
  83.701808  5.5
  199.527058  5.5
  377.751476  5.5
  615.625336  5.5
  25.688768  4
  75.310422  4
  194.649334  4
  372.947457  4
  1.255133  4.5
  77.387031  4.5
  194.625942  4.5
  372.947513  4.5
  19.692089  3
  71.795621  3
  190.824009  3
  2.064145  3.5
  72.642205  3.5
  190.820097  3.5
  14.684746  2
  69.172940  2
  3.280010  2.5
  69.387494  2.5
  10.623805  1
  5.028714  1.5
