  3277.562041  10
  24515.812822  10
  67997.755836  10
  133224.548176  10
  220194.578923  10
  328907.430515  10
  459362.983668  10
  611561.193644  10
  785502.040557  10
  981185.514465  10
  2233.055684  10.5
  24517.592098  10.5
  67997.755427  10.5
  133224.548176  10.5
  220194.578923  10.5
  328907.430515  10.5
  459362.983668  10.5
  611561.193644  10.5
  785502.040557  10.5
  981185.514465  10.5
  3218.064873  9
  24505.363993  9
  67987.857462  9
  133214.848484  9
  220184.958702  9
  328897.850036  9
  459353.425900  9
  611551.650071  9
  785492.506449  9
  2278.316175  9.5
  24506.658188  9.5
  67987.857223  9.5
  133214.848484  9.5
  220184.958702  9.5
  328897.850036  9.5
  459353.425900  9.5
  611551.650071  9.5
  785492.506449  9.5
  3159.364125  8
  24495.992593  8
  67979.001299  8
  133206.169950  8
  220176.351221  8
  328889.278085  8
  459344.874254  8
  611543.111116  8
  2324.276216  8.5
  24496.898641  8.5
  67979.001169  8.5
  133206.169950  8.5
  220176.351221  8.5
  328889.278085  8.5
  459344.874254  8.5
  611543.111116  8.5
  3101.454876  7
  24487.703830  7
  67971.187253  7
  133198.512528  7
  220168.756450  7
  328881.714644  7
  459337.328717  7
  2370.941601  7.5
  24488.307927  7.5
  67971.187188  7.5
  133198.512528  7.5
  220168.756450  7.5
  328881.714644  7.5
  459337.328717  7.5
  3044.332145  6
  24480.502933  6
  67964.415241  6
  133191.876177  6
  220162.174366  6
  328875.159696  6
  2418.318084  6.5
  24480.880529  6.5
  67964.415212  6.5
  133191.876177  6.5
  220162.174366  6.5
  328875.159696  6.5
  2987.990893  5
  24474.395156  5
  67958.685194  5
  133186.260862  5
  220156.604947  5
  2466.411373  5.5
  24474.610942  5.5
  67958.685183  5.5
  133186.260862  5.5
  220156.604947  5.5
  2932.426025  4
  24469.385777  4
  67953.997051  4
  133181.666554  4
  2515.227132  4.5
  24469.493677  4.5
  67953.997048  4.5
  133181.666554  4.5
  2877.632389  3
  24465.480097  3
  67950.350766  3
  2564.770980  3.5
  24465.523260  3.5
  67950.350766  3.5
  2823.604775  2
  24462.683439  2
  2615.048486  2.5
  24462.694230  2.5
  2770.337921  1
  2666.065172  1.5
