  38.125874  10
  38.125874  10
  102.262308  10
  102.262318  10
  150.093388  10
  150.114657  10
  179.436487  10
  182.337736  10
  196.406200  10
  210.288178  10
  -0.000000  10.5
  72.216935  10.5
  72.216935  10.5
  128.240320  10.5
  128.240955  10.5
  167.530204  10.5
  167.910072  10.5
  187.087943  10.5
  195.615090  10.5
  210.323880  10.5
  34.111546  9
  34.111546  9
  90.212830  9
  90.212973  9
  129.859593  9
  130.021072  9
  150.108991  9
  156.527458  9
  169.727250  9
  -0.000000  9.5
  64.187129  9.5
  64.187131  9.5
  112.154889  9.5
  112.161579  9.5
  142.496428  9.5
  144.205359  9.5
  157.778618  9.5
  169.658509  9.5
  30.097154  8
  30.097154  8
  78.159024  8
  78.160765  8
  109.246244  8
  110.142805  8
  123.557099  8
  133.383081  8
  -0.000000  8.5
  56.156696  8.5
  56.156720  8.5
  96.027343  8.5
  96.086998  8.5
  117.150338  8.5
  121.696460  8.5
  133.512224  8.5
  26.082659  7
  26.082662  7
  66.090326  7
  66.108689  7
  88.109552  7
  91.084931  7
  101.687756  7
  0.000000  7.5
  48.125029  7.5
  48.125374  7.5
  79.707295  7.5
  80.115637  7.5
  93.670823  7.5
  101.452939  7.5
  22.067966  6
  22.068009  6
  53.942796  6
  54.098230  6
  68.014893  6
  73.854466  6
  0.000000  6.5
  40.089327  6.5
  40.093672  6.5
  62.904874  6.5
  64.653334  6.5
  74.262742  6.5
  18.052627  5
  18.053280  5
  41.481179  5
  42.362629  5
  51.236314  5
  0.000000  5.5
  32.029237  5.5
  32.075202  5.5
  46.477624  5.5
  50.568624  5.5
  14.032610  4
  14.041408  4
  28.963648  4
  31.571272  4
  0.000000  4.5
  23.824201  4.5
  24.176888  4.5
  32.579575  4.5
  9.971337  3
  10.065197  3
  18.221902  3
  0.000000  3.5
  15.402286  3.5
  16.834945  3.5
  5.746324  2
  6.331554  2
  0.000014  2.5
  8.063727  2.5
  2.010615  1
  0.003547  1.5
