  219.153644  10
  816.048368  10
  2175.563704  10
  4212.628541  10
  6929.796134  10
  10326.589262  10
  14402.881313  10
  19158.624574  10
  24593.797791  10
  30708.390321  10
  24.625408  10.5
  825.933080  10.5
  2175.489315  10.5
  4212.628736  10.5
  6929.796133  10.5
  10326.589262  10.5
  14402.881313  10.5
  19158.624574  10.5
  24593.797791  10.5
  30708.390321  10.5
  201.675546  9
  806.584160  9
  2165.572989  9
  4202.873631  9
  6920.130152  9
  10316.967968  9
  14393.285613  9
  19149.044893  9
  24584.228799  9
  28.252405  9.5
  813.804689  9.5
  2165.529564  9.5
  4202.873721  9.5
  6920.130152  9.5
  10316.967968  9.5
  14393.285613  9.5
  19149.044893  9.5
  24584.228799  9.5
  185.142204  8
  798.008322  8
  2156.646283  8
  4194.149966  8
  6911.484370  8
  10308.361282  8
  14384.701312  8
  19140.474597  8
  32.317405  8.5
  803.082609  8.5
  2156.622581  8.5
  4194.150004  8.5
  6911.484369  8.5
  10308.361282  8.5
  14384.701312  8.5
  19140.474597  8.5
  169.541422  7
  790.343662  7
  2148.779088  7
  4186.456078  7
  6903.857876  7
  10300.768591  7
  14377.127967  7
  36.856243  7.5
  793.738281  7.5
  2148.767231  7.5
  4186.456091  7.5
  6903.857876  7.5
  10300.768591  7.5
  14377.127967  7.5
  154.858586  6
  783.613973  6
  2141.967627  6
  4179.790667  6
  6897.249869  6
  10294.189354  6
  41.905196  6.5
  785.741999  6.5
  2141.962354  6.5
  4179.790672  6.5
  6897.249869  6.5
  10294.189354  6.5
  141.076689  5
  777.844050  5
  2136.208788  5
  4174.152611  5
  6891.659654  5
  47.500694  5.5
  779.063162  5.5
  2136.206810  5.5
  4174.152612  5.5
  6891.659654  5.5
  128.176373  4
  773.059706  4
  2131.500077  4
  4169.540955  4
  53.679025  4.5
  773.670531  4.5
  2131.499511  4.5
  4169.540955  4.5
  116.135991  3
  769.287755  3
  2127.839564  3
  60.476043  3.5
  769.532481  3.5
  2127.839470  3.5
  104.931682  2
  766.555991  2
  67.926886  2.5
  766.617243  2.5
  94.537476  1
  76.065704  1.5
