  74.834370  10
  92.288124  10
  195.011794  10
  320.172917  10
  492.562960  10
  708.612763  10
  968.169429  10
  1271.131278  10
  1617.453909  10
  2007.114971  10
  0.008365  10.5
  123.365166  10.5
  190.355708  10.5
  320.387103  10.5
  492.558511  10.5
  708.612812  10.5
  968.169429  10.5
  1271.131278  10.5
  1617.453909  10.5
  2007.114971  10.5
  64.458971  9
  85.009994  9
  182.790955  9
  309.573135  9
  482.163156  9
  698.343149  9
  957.973713  9
  1260.981976  9
  1607.335664  9
  0.018055  9.5
  108.769856  9.5
  179.998182  9.5
  309.672806  9.5
  482.161561  9.5
  698.343162  9.5
  957.973713  9.5
  1260.981976  9.5
  1607.335664  9.5
  54.535184  8
  78.217270  8
  172.224927  8
  300.147771  8
  472.906408  8
  689.186282  8
  948.873966  8
  1251.918118  8
  0.038410  8.5
  95.673078  8.5
  170.668372  8.5
  300.189570  8.5
  472.905915  8.5
  689.186285  8.5
  948.873966  8.5
  1251.918118  8.5
  45.226419  7
  71.967224  7
  163.189174  7
  291.881425  7
  464.776125  7
  681.131530  7
  940.862590  7
  0.080260  7.5
  84.152713  7.5
  162.398006  7.5
  291.896701  7.5
  464.776002  7.5
  681.131530  7.5
  940.862590  7.5
  36.678590  6
  66.317684  6
  155.567114  6
  284.757775  6
  457.758020  6
  674.169543  6
  0.163971  6.5
  74.266565  6.5
  155.211116  6.5
  284.762376  6.5
  457.757998  6.5
  674.169543  6.5
  29.009705  5
  61.327724  5
  149.258841  5
  278.760801  5
  451.839907  5
  0.325718  5.5
  66.047784  5.5
  149.124112  5.5
  278.761827  5.5
  451.839905  5.5
  22.303479  4
  57.059323  4
  144.184998  4
  273.875772  4
  0.625173  4.5
  59.498148  4.5
  144.146246  4.5
  273.875900  4.5
  16.605697  3
  53.580115  3
  140.287028  3
  1.152127  3.5
  54.581595  3.5
  140.280538  3.5
  11.922019  2
  50.967093  2
  2.027799  2.5
  51.222261  2.5
  8.216722  1
  3.397195  1.5
