  51.449783  10
  51.777358  10
  117.785808  10
  138.202458  10
  186.376196  10
  244.492284  10
  315.582626  10
  398.953993  10
  494.480293  10
  602.092320  10
  0.000001  10.5
  91.581749  10.5
  96.274027  10.5
  144.036470  10.5
  185.776409  10.5
  244.521204  10.5
  315.581858  10.5
  398.954004  10.5
  494.480293  10.5
  602.092320  10.5
  45.673793  9
  46.299497  9
  101.289001  9
  125.794774  9
  173.301725  9
  232.110563  9
  303.456744  9
  386.992382  9
  482.627489  9
  0.000003  9.5
  79.135128  9.5
  86.210256  9.5
  128.822390  9.5
  173.077976  9.5
  232.118437  9.5
  303.456599  9.5
  386.992383  9.5
  482.627489  9.5
  39.774522  8
  40.923142  8
  86.452274  8
  114.611662  8
  161.939487  8
  221.177239  8
  292.713267  8
  376.368649  8
  0.000015  8.5
  66.806699  8.5
  76.725425  8.5
  115.982951  8.5
  161.868475  8.5
  221.178952  8.5
  292.713247  8.5
  376.368649  8.5
  33.715504  7
  35.714357  7
  73.597342  7
  104.747305  7
  152.138104  7
  211.644855  7
  283.316088  7
  0.000078  7.5
  55.012757  7.5
  67.978319  7.5
  105.274884  7.5
  152.119960  7.5
  211.645121  7.5
  283.316087  7.5
  27.521081  6
  30.763462  6
  62.921089  6
  96.254133  6
  143.793453  6
  203.470313  6
  0.000402  6.5
  44.183922  6.5
  60.123526  6.5
  96.418371  6.5
  143.790105  6.5
  203.470335  6.5
  21.352015  5
  26.182453  5
  54.435739  5
  89.145022  5
  136.832563  5
  0.002002  5.5
  34.684080  5.5
  53.299694  5.5
  89.182398  5.5
  136.832224  5.5
  15.522830  4
  22.097552  4
  47.961229  4
  83.402340  4
  0.009520  4.5
  26.789453  4.5
  47.619982  4.5
  83.407082  4.5
  10.405298  3
  18.640568  3
  43.223765  3
  0.042035  3.5
  20.693951  3.5
  43.165210  3.5
  6.296387  2
  15.946067  2
  0.165354  2.5
  16.498143  2.5
  3.340037  1
  0.550558  1.5
