  82.870182  10
  117.223585  10
  257.443058  10
  446.799095  10
  702.836288  10
  1023.394182  10
  1408.301277  10
  1857.477103  10
  2370.885831  10
  2948.509424  10
  0.051144  10.5
  144.566465  10.5
  254.839490  10.5
  446.876139  10.5
  702.835232  10.5
  1023.394190  10.5
  1408.301277  10.5
  1857.477103  10.5
  2370.885831  10.5
  2948.509424  10.5
  71.449035  9
  109.532692  9
  246.097897  9
  436.490519  9
  692.700473  9
  1013.356203  9
  1398.319400  9
  1847.530474  9
  2360.962786  9
  0.093552  9.5
  130.190172  9.5
  244.557206  9.5
  436.526233  9.5
  692.700096  9.5
  1013.356205  9.5
  1398.319400  9.5
  1847.530474  9.5
  2360.962786  9.5
  60.728896  8
  102.411963  8
  236.181875  8
  427.310639  8
  683.662688  8
  1004.395573  8
  1389.403113  8
  1838.642044  8
  0.168772  8.5
  117.404297  8.5
  235.331865  8.5
  427.325572  8.5
  683.662571  8.5
  1004.395573  8.5
  1389.403113  8.5
  1838.642044  8.5
  50.815287  7
  95.908203  7
  227.608152  7
  419.246436  7
  675.712416  7
  996.505361  7
  1381.547452  7
  0.299455  7.5
  106.244849  7.5
  227.179311  7.5
  419.251882  7.5
  675.712387  7.5
  996.505361  7.5
  1381.547452  7.5
  41.793118  6
  90.069450  6
  220.302449  6
  412.285407  6
  668.840486  6
  989.679468  6
  0.520912  6.5
  96.729727  6.5
  220.110509  6.5
  412.287044  6.5
  668.840480  6.5
  989.679468  6.5
  33.723969  5
  84.946077  5
  214.204257  5
  406.416039  5
  663.039007  5
  0.885322  5.5
  88.854865  5.5
  214.131888  5.5
  406.416404  5.5
  663.039007  5.5
  26.644378  4
  80.592375  4
  209.266644  4
  401.628180  4
  1.465054  4.5
  82.590925  4.5
  209.245881  4.5
  401.628225  4.5
  20.564687  3
  77.068549  3
  205.455169  3
  2.353429  3.5
  77.882159  3.5
  205.451698  3.5
  15.468268  2
  74.442918  2
  3.661536  2.5
  74.648904  2.5
  11.311268  1
  5.510895  1.5
