  45.383336  10
  45.411209  10
  112.693195  10
  118.685918  10
  154.785778  10
  189.583867  10
  235.219368  10
  289.084519  10
  351.071401  10
  421.051925  10
  0.000000  10.5
  83.967157  10.5
  84.651666  10.5
  132.092784  10.5
  151.761304  10.5
  189.860461  10.5
  235.206580  10.5
  289.084844  10.5
  351.071397  10.5
  421.051925  10.5
  40.499236  9
  40.569951  9
  96.538454  9
  105.732957  9
  138.696890  9
  175.411457  9
  221.431537  9
  275.591750  9
  337.768208  9
  0.000000  9.5
  73.742541  9.5
  75.170220  9.5
  113.786987  9.5
  137.461892  9.5
  175.489582  9.5
  221.429063  9.5
  275.591789  9.5
  337.768208  9.5
  35.578337  8
  35.751576  8
  80.989020  8
  93.724985  8
  125.157946  8
  162.963047  8
  209.293586  8
  263.662294  8
  0.000000  8.5
  63.221026  8.5
  65.955998  8.5
  97.887361  8.5
  124.742464  8.5
  162.980480  8.5
  209.293248  8.5
  263.662296  8.5
  30.582605  7
  30.987318  7
  66.719155  7
  82.895806  7
  113.780157  7
  152.177524  7
  198.734516  7
  0.000001  7.5
  52.488655  7.5
  57.182266  7.5
  84.665674  7.5
  113.670030  7.5
  152.180282  7.5
  198.734491  7.5
  25.453593  6
  26.337039  6
  54.300729  6
  73.434243  6
  104.263923  6
  142.985287  6
  0.000013  6.5
  41.930106  6.5
  49.060961  6.5
  74.021647  6.5
  104.243127  6.5
  142.985521  6.5
  20.154321  5
  21.901012  5
  44.146084  5
  65.460878  5
  96.417205  5
  0.000115  5.5
  32.135813  5.5
  41.817751  5.5
  65.599547  5.5
  96.415075  5.5
  14.804037  4
  17.823178  4
  36.408998  4
  59.020435  4
  0.000946  4.5
  23.665408  4.5
  35.662951  4.5
  59.038383  4.5
  9.793219  3
  14.279339  3
  30.899204  3
  0.007220  3.5
  16.931235  3.5
  30.766587  3.5
  5.633441  2
  11.456914  2
  0.048239  2.5
  12.197636  2.5
  2.677931  1
  0.255692  1.5
