  47.442985  10
  47.520468  10
  114.271801  10
  124.595417  10
  163.697863  10
  206.542639  10
  260.493705  10
  323.997028  10
  396.913225  10
  479.143357  10
  0.000000  10.5
  86.811235  10.5
  88.373637  10.5
  134.776463  10.5
  162.013194  10.5
  206.661080  10.5
  260.489298  10.5
  323.997120  10.5
  396.913224  10.5
  479.143357  10.5
  42.279528  9
  42.454510  9
  97.721059  9
  111.797640  9
  149.010576  9
  193.145882  9
  247.436060  9
  311.172830  9
  384.241660  9
  0.000000  9.5
  75.787887  9.5
  78.639859  9.5
  117.552959  9.5
  148.354720  9.5
  193.178711  9.5
  247.435216  9.5
  311.172841  9.5
  384.241660  9.5
  37.052044  8
  37.433038  8
  82.266631  8
  100.084234  8
  136.480503  8
  181.358295  8
  235.907856  8
  299.812158  8
  0.000001  8.5
  64.515955  8.5
  69.290739  8.5
  102.884232  8.5
  136.266500  8.5
  181.365527  8.5
  235.907741  8.5
  299.812158  8.5
  31.712058  7
  32.501193  7
  68.442035  7
  89.632307  7
  125.817149  7
  171.119875  7
  225.855159  7
  0.000008  7.5
  53.264438  7.5
  60.504337  7.5
  90.765433  7.5
  125.761485  7.5
  171.121010  7.5
  225.855151  7.5
  26.210497  6
  27.733809  6
  56.665650  6
  80.569212  6
  116.820731  6
  162.371150  6
  0.000054  6.5
  42.516071  6.5
  52.476214  6.5
  80.933197  6.5
  116.810340  6.5
  162.371246  6.5
  20.572405  5
  23.240660  5
  47.187354  5
  72.962499  5
  109.361910  5
  0.000372  5.5
  32.798312  5.5
  45.398507  5.5
  73.046843  5.5
  109.360853  5.5
  15.015846  4
  19.162705  4
  39.995943  4
  66.822864  4
  0.002441  4.5
  24.545226  4.5
  39.440064  4.5
  66.833674  4.5
  9.957824  3
  15.659096  3
  34.827971  3
  0.014849  3.5
  18.067237  3.5
  34.730841  3.5
  5.829552  2
  12.894124  2
  0.079468  2.5
  13.556232  2.5
  2.889963  1
  0.345975  1.5
