  67.580494  10
  75.134802  10
  155.857062  10
  236.817320  10
  353.444529  10
  499.771213  10
  675.760309  10
  881.270884  10
  1116.245030  10
  1380.653610  10
  0.000934  10.5
  109.782227  10.5
  147.832290  10.5
  237.409826  10.5
  353.425696  10.5
  499.771531  10.5
  675.760306  10.5
  881.270884  10.5
  1116.245030  10.5
  1380.653610  10.5
  58.541428  9
  68.321708  9
  142.375828  9
  225.810129  9
  342.640705  9
  489.152168  9
  665.243095  9
  870.817570  9
  1105.834448  9
  0.002474  9.5
  95.188656  9.5
  137.431866  9.5
  226.088158  9.5
  342.633933  9.5
  489.152253  9.5
  665.243094  9.5
  870.817570  9.5
  1105.834448  9.5
  49.636482  8
  61.890279  8
  130.811256  8
  216.030936  8
  333.051447  8
  479.699953  8
  655.868024  8
  861.490941  8
  0.006458  8.5
  81.912355  8.5
  127.997639  8.5
  216.148242  8.5
  333.049352  8.5
  479.699971  8.5
  655.868024  8.5
  861.490941  8.5
  41.058725  7
  55.910416  7
  121.039009  7
  207.467460  7
  324.649304  7
  471.398103  7
  647.623354  7
  0.016551  7.5
  70.094140  7.5
  119.586879  7.5
  207.510520  7.5
  324.648778  7.5
  471.398106  7.5
  647.623354  7.5
  33.017157  6
  50.453680  6
  112.906313  6
  200.102007  6
  317.411322  6
  464.232160  6
  0.041421  6.5
  59.847141  6.5
  112.245925  6.5
  200.115015  6.5
  317.411226  6.5
  464.232160  6.5
  25.706386  5
  45.592439  5
  106.261117  5
  193.914267  5
  311.318307  5
  0.100456  5.5
  51.255723  5.5
  106.009408  5.5
  193.917173  5.5
  311.318297  5.5
  19.283299  4
  41.400464  4
  100.972844  4
  188.883796  4
  0.233790  4.5
  44.369177  4.5
  100.900108  4.5
  188.884160  4.5
  13.853211  3
  37.955626  3
  96.941859  3
  0.516134  3.5
  39.190044  3.5
  96.929642  3.5
  9.462757  2
  35.345037  2
  1.068657  2.5
  35.662554  2.5
  6.096096  1
  2.057804  1.5
