  139.092210  10
  369.606726  10
  941.605271  10
  1793.357655  10
  2930.332137  10
  4351.913155  10
  6057.963880  10
  8048.432248  10
  10323.295007  10
  12882.540499  10
  4.606959  10.5
  384.493849  10.5
  941.329297  10.5
  1793.359395  10.5
  2930.332132  10.5
  4351.913155  10.5
  6057.963880  10.5
  8048.432248  10.5
  10323.295007  10.5
  12882.540499  10.5
  124.494716  9
  360.676043  9
  931.459552  9
  1783.523045  9
  2920.600001  9
  4342.232919  9
  6048.313437  9
  8038.800475  9
  10313.675704  9
  5.830012  9.5
  371.616107  9.5
  931.298259  9.5
  1783.523849  9.5
  2920.600000  9.5
  4342.232919  9.5
  6048.313437  9.5
  8038.800475  9.5
  10313.675704  9.5
  110.870863  8
  352.537890  8
  922.417224  8
  1774.734210  8
  2911.898881  8
  4333.576094  8
  6039.682020  8
  8030.184976  8
  7.330716  8.5
  360.267933  8.5
  922.329100  8.5
  1774.734545  8.5
  2911.898881  8.5
  4333.576094  8.5
  6039.682020  8.5
  8030.184976  8.5
  98.219310  7
  345.221533  7
  914.465059  7
  1766.987658  7
  2904.226580  7
  4325.941197  7
  6032.068567  7
  9.156372  7.5
  350.417817  7.5
  914.420935  7.5
  1766.987779  7.5
  2904.226580  7.5
  4325.941197  7.5
  6032.068567  7.5
  86.532878  6
  338.758098  6
  907.592091  6
  1760.280290  6
  2897.581161  6
  4319.326925  6
  11.357885  6.5
  342.029270  6.5
  907.572457  6.5
  1760.280327  6.5
  2897.581161  6.5
  4319.326925  6.5
  75.798515  5
  333.180790  5
  901.789430  5
  1754.609410  5
  2891.960947  5
  13.989004  5.5
  335.061480  5.5
  901.782059  5.5
  1754.609418  5.5
  2891.960947  5.5
  65.997299  4
  328.525064  4
  897.050074  4
  1749.972727  4
  17.105404  4.5
  329.470119  4.5
  897.047966  4.5
  1749.972729  4.5
  57.104501  3
  324.828754  3
  893.368721  3
  20.763649  3.5
  325.208247  3.5
  893.368370  3.5
  49.089712  2
  322.132131  2
  25.020102  2.5
  322.227267  2.5
  41.917079  1
  29.929842  1.5
