  90.298243  10
  144.477743  10
  328.699261  10
  588.600621  10
  937.775736  10
  1374.711946  10
  1899.242792  10
  2511.298184  10
  3210.846777  10
  3997.872797  10
  0.168838  10.5
  168.930432  10.5
  327.063254  10.5
  588.635375  10.5
  937.775391  10.5
  1374.711948  10.5
  1899.242792  10.5
  2511.298184  10.5
  3210.846777  10.5
  3997.872797  10.5
  78.207620  9
  136.493026  9
  317.807336  9
  578.454795  9
  927.781297  9
  1364.798838  9
  1889.376438  9
  2501.461199  9
  3201.029437  9
  0.277742  9.5
  154.819294  9.5
  316.844503  9.5
  578.470879  9.5
  927.781174  9.5
  1364.798838  9.5
  1889.376438  9.5
  2501.461199  9.5
  3201.029437  9.5
  66.945001  8
  129.134142  8
  308.220983  8
  569.410121  8
  918.861199  8
  1355.944148  8
  1880.559372  8
  2492.667759  8
  0.451082  8.5
  142.327717  8.5
  307.691997  8.5
  569.416839  8.5
  918.861161  8.5
  1355.944148  8.5
  1880.559372  8.5
  2492.667759  8.5
  56.577645  7
  122.442079  7
  299.880102  7
  561.456215  7
  911.007947  7
  1348.142888  7
  1872.788015  7
  0.721827  7.5
  131.466683  7.5
  299.614059  7.5
  561.458662  7.5
  911.007938  7.5
  1348.142888  7.5
  1872.788015  7.5
  47.155695  6
  116.459676  6
  292.734595  6
  554.583453  6
  904.214972  6
  1341.390661  6
  1.135634  6.5
  122.230813  6.5
  292.615798  6.5
  554.584188  6.5
  904.214971  6.5
  1341.390661  6.5
  38.711185  5
  111.232631  5
  286.744166  5
  548.783198  5
  898.476606  5
  1.752845  5.5
  114.596365  5.5
  286.699451  5.5
  548.783361  5.5
  898.476606  5.5
  31.257317  4
  106.810716  4
  281.877667  4
  544.047959  4
  2.649094  4.5
  108.520406  4.5
  281.864855  4.5
  544.047980  4.5
  24.787939  3
  103.249143  3
  278.112164  3
  3.913872  3.5
  103.941855  3.5
  278.110024  3.5
  19.277236  2
  100.609880  2
  5.646798  2.5
  100.784656  2.5
  14.679844  1
  7.952013  1.5
