  44.252536  10
  44.266383  10
  111.730046  10
  115.727351  10
  150.955138  10
  181.029672  10
  222.159071  10
  270.777004  10
  326.837034  10
  390.184828  10
  0.000000  10.5
  82.289926  10.5
  82.673542  10.5
  131.240012  10.5
  146.724179  10.5
  181.494214  10.5
  222.134313  10.5
  270.777720  10.5
  326.837023  10.5
  390.184828  10.5
  39.513522  9
  39.551541  9
  96.000115  9
  102.722089  9
  133.825838  9
  166.311354  9
  207.839263  9
  256.802468  9
  313.080265  9
  0.000000  9.5
  72.487134  9.5
  73.360889  9.5
  112.405032  9.5
  132.024360  9.5
  166.444816  9.5
  207.834433  9.5
  256.802554  9.5
  313.080264  9.5
  34.749740  8
  34.850613  8
  80.537733  8
  90.555035  8
  119.506694  8
  153.390119  8
  195.260769  8
  244.464422  8
  0.000000  8.5
  62.414670  8.5
  64.249141  8.5
  95.772359  8.5
  118.883544  8.5
  153.420233  8.5
  195.260106  8.5
  244.464427  8.5
  29.931395  7
  30.186954  7
  66.075491  7
  79.493316  7
  107.584511  7
  142.211158  7
  184.337657  7
  0.000000  7.5
  52.056613  7.5
  55.500309  7.5
  81.799142  7.5
  107.416536  7.5
  142.215958  7.5
  184.337609  7.5
  25.003950  6
  25.610110  6
  53.291596  6
  69.768378  6
  97.683629  6
  132.700275  6
  0.000005  6.5
  41.682580  6.5
  47.329813  6.5
  70.555282  6.5
  97.651590  6.5
  132.700684  6.5
  19.908126  5
  21.211325  5
  42.705564  5
  61.542098  5
  89.555798  5
  0.000052  5.5
  31.875722  5.5
  39.982103  5.5
  61.730886  5.5
  89.552497  5.5
  14.699830  4
  17.132869  4
  34.588998  4
  54.889116  4
  0.000497  4.5
  23.275706  4.5
  33.695534  4.5
  54.913755  4.5
  9.726819  3
  13.559691  3
  28.830549  3
  0.004433  3.5
  16.374147  3.5
  28.669488  3.5
  5.541647  2
  10.695416  2
  0.034513  2.5
  11.489889  2.5
  2.566238  1
  0.209908  1.5
