  38.986802  10
  38.986807  10
  104.023372  10
  104.036404  10
  149.304334  10
  151.704398  10
  174.336848  10
  192.328246  10
  216.656872  10
  244.774493  10
  0.000000  10.5
  73.694503  10.5
  73.694855  10.5
  129.662324  10.5
  129.915388  10.5
  162.139421  10.5
  171.410776  10.5
  192.649502  10.5
  216.641890  10.5
  244.774758  10.5
  34.874175  9
  34.874204  9
  91.603456  9
  91.665116  9
  126.922651  9
  132.269195  9
  151.588448  9
  172.027792  9
  196.966369  9
  0.000000  9.5
  65.458611  9.5
  65.460641  9.5
  112.645978  9.5
  113.544609  9.5
  137.340032  9.5
  150.803338  9.5
  172.073113  9.5
  196.965438  9.5
  30.760940  8
  30.761132  8
  79.072334  8
  79.333530  8
  105.203881  8
  114.279580  8
  132.728409  8
  154.357053  8
  0.000000  8.5
  57.213564  8.5
  57.224611  8.5
  95.060581  8.5
  97.601292  8.5
  115.994548  8.5
  132.597882  8.5
  154.360253  8.5
  26.646409  7
  26.647613  7
  66.245006  7
  67.177753  7
  85.810513  7
  98.318592  7
  116.958760  7
  0.000000  7.5
  48.940845  7.5
  48.996199  7.5
  77.272521  7.5
  82.588952  7.5
  98.669457  7.5
  116.948061  7.5
  22.527853  6
  22.534999  6
  52.979922  6
  55.518366  6
  69.969369  6
  84.733966  6
  0.000000  6.5
  40.575071  6.5
  40.820357  6.5
  60.649015  6.5
  69.118545  6.5
  84.768393  6.5
  18.393109  5
  18.432152  5
  39.921556  5
  44.873012  5
  57.806228  5
  0.000000  5.5
  31.958248  5.5
  32.845206  5.5
  46.643620  5.5
  57.701402  5.5
  14.193695  4
  14.380217  4
  28.448777  4
  35.816406  4
  0.000000  4.5
  23.101896  4.5
  25.406106  4.5
  36.109029  4.5
  9.822542  3
  10.517948  3
  19.712810  3
  0.000018  3.5
  14.879171  3.5
  19.007562  3.5
  5.462602  2
  7.155778  2
  0.000861  2.5
  8.506488  2.5
  2.084044  1
  0.028528  1.5
