  59.947981  10
  62.264107  10
  131.436349  10
  178.901306  10
  255.843158  10
  352.202419  10
  468.443721  10
  604.326735  10
  759.769804  10
  934.731634  10
  0.000050  10.5
  100.202851  10.5
  118.015499  10.5
  180.653546  10.5
  255.752526  10.5
  352.204843  10.5
  468.443685  10.5
  604.326735  10.5
  759.769804  10.5
  934.731634  10.5
  52.545494  9
  56.026538  9
  116.348186  9
  167.308837  9
  244.338035  9
  340.997580  9
  457.390160  9
  593.368115  9
  748.874545  9
  0.000174  9.5
  86.064427  9.5
  107.657739  9.5
  168.149492  9.5
  244.305176  9.5
  340.998231  9.5
  457.390153  9.5
  593.368115  9.5
  748.874545  9.5
  45.020487  8
  50.039651  8
  103.307013  8
  156.990123  8
  234.181968  8
  331.051902  8
  447.557113  8
  583.605717  8
  0.000600  8.5
  72.862345  8.5
  98.141253  8.5
  157.350329  8.5
  234.171742  8.5
  331.052042  8.5
  447.557112  8.5
  583.605717  8.5
  37.486005  7
  44.382595  7
  92.324096  7
  147.955101  7
  225.321932  7
  322.338608  7
  438.925423  7
  0.002031  7.5
  60.858903  7.5
  89.564463  7.5
  148.088726  7.5
  225.319354  7.5
  322.338630  7.5
  438.925423  7.5
  30.145110  6
  39.142811  6
  83.298955  6
  140.196354  6
  217.716553  6
  314.834150  6
  0.006715  6.5
  50.267777  6.5
  82.012573  6.5
  140.237009  6.5
  217.716081  6.5
  314.834152  6.5
  23.259258  5
  34.412311  5
  76.052748  5
  133.694364  5
  211.332898  5
  0.021486  5.5
  41.256295  5.5
  75.554440  5.5
  133.703487  5.5
  211.332851  5.5
  17.089797  4
  30.284856  4
  70.385853  4
  128.423284  4
  0.065654  4.5
  33.946867  4.5
  70.240420  4.5
  128.424432  4.5
  11.845468  3
  26.856025  3
  66.126155  3
  0.188024  3.5
  28.408226  3.5
  66.101585  3.5
  7.652054  2
  24.228191  2
  0.493369  2.5
  24.633667  2.5
  4.538666  1
  1.162062  1.5
