  43.884981  10
  43.895694  10
  111.383683  10
  114.807040  10
  149.908850  10
  178.373929  10
  218.040773  10
  264.945571  10
  319.076277  10
  380.267145  10
  0.000000  10.5
  81.728467  10.5
  82.037988  10.5
  131.055774  10.5
  145.182663  10.5
  178.929225  10.5
  218.009619  10.5
  264.946516  10.5
  319.076262  10.5
  380.267146  10.5
  39.192047  9
  39.222324  9
  95.829525  9
  101.792451  9
  132.392498  9
  163.454118  9
  203.519255  9
  250.789778  9
  305.149188  9
  0.000000  9.5
  72.057533  9.5
  72.785216  9.5
  112.070466  9.5
  130.345666  9.5
  163.614815  9.5
  203.513155  9.5
  250.789892  9.5
  305.149187  9.5
  34.477722  8
  34.560427  8
  80.427296  8
  89.575682  8
  117.770602  8
  150.356165  8
  190.774687  8
  238.298274  8
  0.000000  8.5
  62.132754  8.5
  63.712069  8.5
  95.196881  8.5
  117.054200  8.5
  150.392594  8.5
  190.773848  8.5
  238.298281  8.5
  29.715039  7
  29.930849  7
  65.916785  7
  78.434460  7
  105.636849  7
  139.029483  7
  179.714776  7
  0.000000  7.5
  51.909805  7.5
  54.975144  7.5
  80.955714  7.5
  105.442359  7.5
  139.035307  7.5
  179.714715  7.5
  24.851928  6
  25.379513  6
  53.013965  6
  68.615529  6
  95.588758  6
  129.398939  6
  0.000004  6.5
  41.612270  6.5
  46.789513  6.5
  69.485731  6.5
  95.551507  6.5
  129.399437  6.5
  19.824347  5
  20.994024  5
  42.277574  5
  60.296638  5
  87.354728  5
  0.000039  5.5
  31.809008  5.5
  39.405428  5.5
  60.506813  5.5
  87.350880  5.5
  14.667463  4
  16.915331  4
  34.022096  4
  53.564669  4
  0.000393  4.5
  23.165579  4.5
  33.071280  4.5
  53.592194  4.5
  9.709583  3
  13.331194  3
  28.169891  3
  0.003710  3.5
  16.204346  3.5
  27.997528  3.5
  5.514748  2
  10.451174  2
  0.030558  2.5
  11.265307  2.5
  2.530603  1
  0.195575  1.5
