  52.123691  10
  52.522547  10
  118.511754  10
  140.791501  10
  190.792348  10
  251.557851  10
  325.717575  10
  412.651923  10
  512.238879  10
  624.412585  10
  0.000001  10.5
  92.303349  10.5
  97.715045  10.5
  146.096223  10.5
  190.282183  10.5
  251.581162  10.5
  325.716986  10.5
  412.651931  10.5
  512.238879  10.5
  624.412585  10.5
  46.234653  9
  46.978926  9
  102.084014  9
  128.452368  9
  177.904769  9
  239.305711  9
  313.709783  9
  400.800265  9
  500.490756  9
  0.000004  9.5
  79.654741  9.5
  87.611728  9.5
  131.176724  9.5
  177.715230  9.5
  239.312047  9.5
  313.709671  9.5
  400.800266  9.5
  500.490756  9.5
  40.213672  8
  41.547766  8
  87.377845  8
  117.350479  8
  166.681646  8
  228.481080  8
  303.066209  8
  390.270723  8
  0.000021  8.5
  67.200679  8.5
  78.114989  8.5
  118.574853  8.5
  166.621655  8.5
  228.482457  8.5
  303.066194  8.5
  390.270723  8.5
  34.031330  7
  36.297639  7
  74.686117  7
  107.569459  7
  156.986173  7
  219.038619  7
  293.752773  7
  0.000108  7.5
  55.356933  7.5
  69.378877  7.5
  108.038097  7.5
  156.970874  7.5
  219.038833  7.5
  293.752772  7.5
  27.728728  6
  31.320015  6
  64.173445  6
  99.153262  6
  148.723392  6
  210.937413  6
  0.000530  6.5
  44.534331  6.5
  61.551316  6.5
  99.298690  6.5
  148.720571  6.5
  210.937431  6.5
  21.485553  5
  26.726017  5
  55.822016  5
  92.109359  5
  141.825840  5
  0.002528  5.5
  35.073618  5.5
  54.763538  5.5
  92.142392  5.5
  141.825555  5.5
  15.621332  4
  22.639055  4
  49.438350  4
  86.417904  4
  0.011499  4.5
  27.232535  4.5
  49.121592  4.5
  86.422091  4.5
  10.495054  3
  19.187094  3
  44.754607  3
  0.048602  3.5
  21.191097  3.5
  44.700362  3.5
  6.385059  2
  16.501003  2
  0.183419  2.5
  17.038181  2.5
  3.421499  1
  0.589268  1.5
