  71.643889  10
  84.082768  10
  175.670886  10
  279.722844  10
  425.171207  10
  607.551410  10
  826.741178  10
  1082.625020  10
  1375.153440  10
  1704.301525  10
  0.003410  10.5
  116.740864  10.5
  169.740407  10.5
  280.055999  10.5
  425.162899  10.5
  607.551520  10.5
  826.741177  10.5
  1082.625020  10.5
  1375.153440  10.5
  1704.301525  10.5
  61.811575  9
  76.998798  9
  162.949475  9
  268.962118  9
  414.617545  9
  597.147910  9
  816.422127  9
  1072.358993  9
  1364.922887  9
  0.007999  9.5
  102.112023  9.5
  159.358192  9.5
  269.117589  9.5
  414.614564  9.5
  597.147940  9.5
  816.422127  9.5
  1072.358993  9.5
  1364.922887  9.5
  52.296289  8
  70.357748  8
  151.998225  8
  259.398634  8
  405.233756  8
  587.877784  8
  807.216689  8
  1063.194192  8
  0.018495  8.5
  88.917032  8.5
  149.981990  8.5
  259.463969  8.5
  405.232835  8.5
  587.877791  8.5
  807.216689  8.5
  1063.194192  8.5
  43.281928  7
  64.222300  7
  142.683492  7
  251.017219  7
  396.999371  7
  579.728200  7
  799.115700  7
  0.041991  7.5
  77.257269  7.5
  141.653242  7.5
  251.041133  7.5
  396.999140  7.5
  579.728201  7.5
  799.115700  7.5
  34.943908  6
  58.655797  6
  134.869588  6
  243.800371  6
  389.896935  6
  572.687878  6
  0.093142  6.5
  67.211944  6.5
  134.404296  6.5
  243.807581  6.5
  389.896893  6.5
  572.687878  6.5
  27.431617  5
  53.722434  5
  128.434745  5
  237.730041  5
  383.911663  5
  0.200549  5.5
  58.834478  5.5
  128.258212  5.5
  237.731649  5.5
  383.911659  5.5
  20.856963  4
  49.488652  4
  123.279913  4
  232.789119  4
  0.415913  4.5
  52.145200  4.5
  123.229051  4.5
  232.789321  4.5
  15.287956  3
  46.026029  3
  119.331312  3
  0.823889  3.5
  47.122250  3.5
  119.322786  3.5
  10.745151  2
  43.415671  2
  1.547241  2.5
  43.696000  2.5
  7.199598  1
  2.740808  1.5
