  88.758064  10
  138.566643  10
  313.087894  10
  557.652331  10
  886.525618  10
  1298.092677  10
  1792.185567  10
  2368.732491  10
  3027.701352  10
  3769.076000  10
  0.135885  10.5
  163.570706  10.5
  311.297806  10.5
  557.692844  10.5
  886.525190  10.5
  1298.092679  10.5
  1792.185567  10.5
  2368.732491  10.5
  3027.701352  10.5
  3769.076000  10.5
  76.790193  9
  130.636942  9
  302.121320  9
  547.478805  9
  876.507368  9
  1288.158502  9
  1782.299712  9
  2358.876989  9
  3017.866156  9
  0.227829  9.5
  149.403790  9.5
  301.066928  9.5
  547.497560  9.5
  876.507215  9.5
  1288.158503  9.5
  1782.299712  9.5
  2358.876989  9.5
  3017.866156  9.5
  65.630021  8
  123.322905  8
  292.480805  8
  538.411204  8
  867.567431  8
  1279.285932  8
  1773.465892  8
  2350.067503  8
  0.377039  8.5
  136.853267  8.5
  291.901143  8.5
  538.419038  8.5
  867.567384  8.5
  1279.285933  8.5
  1773.465892  8.5
  2350.067503  8.5
  55.351404  7
  116.666496  7
  284.101637  7
  530.438636  7
  859.697812  7
  1271.469654  7
  1765.680294  7
  0.614553  7.5
  125.934494  7.5
  283.809965  7.5
  530.441491  7.5
  859.697800  7.5
  1271.469654  7.5
  1765.680294  7.5
  46.010314  6
  110.711430  6
  276.929697  6
  523.550959  6
  852.891509  6
  1264.704984  6
  0.984264  6.5
  116.646043  6.5
  276.799408  6.5
  523.551817  6.5
  852.891507  6.5
  1264.704984  6.5
  37.643645  5
  105.504204  5
  270.921391  5
  517.739030  5
  847.142484  5
  1.545322  5.5
  108.967332  5.5
  270.872338  5.5
  517.739221  5.5
  847.142484  5.5
  30.268370  4
  101.095407  4
  266.043022  4
  512.994903  4
  2.373166  4.5
  102.857399  4.5
  266.028964  4.5
  512.994927  4.5
  23.880934  3
  97.541184  3
  262.269800  3
  3.558367  3.5
  98.255663  3.5
  262.267451  3.5
  18.456874  2
  94.904709  2
  5.202878  2.5
  95.085082  2.5
  13.950883  1
  7.414071  1.5
