  964.054581  10
  6053.732338  10
  16716.622249  10
  32713.488948  10
  54043.626374  10
  80706.613341  10
  112702.329837  10
  150030.730831  10
  192691.796302  10
  240685.516239  10
  443.962148  10.5
  6057.318674  10.5
  16716.618877  10.5
  32713.488949  10.5
  54043.626374  10.5
  80706.613341  10.5
  112702.329837  10.5
  150030.730831  10.5
  192691.796302  10.5
  240685.516239  10.5
  930.643467  9
  6043.517581  9
  16706.715693  9
  32703.783793  9
  54034.001625  9
  80697.028821  9
  112692.768313  9
  150021.183682  9
  192682.258738  9
  463.177213  9.5
  6046.127279  9.5
  16706.713725  9.5
  32703.783793  9.5
  54034.001625  9.5
  80697.028821  9.5
  112692.768313  9.5
  150021.183682  9.5
  192682.258738  9.5
  898.071280  8
  6034.334073  8
  16697.853154  8
  32695.100792  8
  54025.390352  8
  80688.453431  8
  112684.213433  8
  150012.641623  8
  483.037077  8.5
  6036.161774  8.5
  16697.852081  8.5
  32695.100793  8.5
  54025.390352  8.5
  80688.453431  8.5
  112684.213433  8.5
  150012.641623  8.5
  866.329179  7
  6026.191856  7
  16690.034210  7
  32687.439761  7
  54017.792441  7
  80680.887094  7
  112676.665141  7
  503.554084  7.5
  6027.410859  7.5
  16690.033674  7.5
  32687.439761  7.5
  54017.792441  7.5
  80680.887094  7.5
  112676.665141  7.5
  835.408059  6
  6019.101084  6
  16683.258494  6
  32680.800533  6
  54011.207790  6
  80674.329740  6
  524.740449  6.5
  6019.863252  6.5
  16683.258255  6.5
  32680.800533  6.5
  54011.207790  6.5
  80674.329740  6.5
  805.298553  5
  6013.072029  5
  16677.525696  5
  32675.182966  5
  54005.636311  5
  546.608243  5.5
  6013.507694  5.5
  16677.525606  5.5
  32675.182966  5.5
  54005.636311  5.5
  775.991039  4
  6008.115070  4
  16672.835559  4
  32670.586940  4
  569.169387  4.5
  6008.332960  4.5
  16672.835534  4.5
  32670.586940  4.5
  747.475648  3
  6004.240691  3
  16669.187879  3
  592.435637  3.5
  6004.327864  3.5
  16669.187875  3.5
  719.742268  2
  6001.459478  2
  616.418578  2.5
  6001.481275  2.5
  692.780553  1
  641.129606  1.5
