  42.053060  10
  42.055230  10
  109.277816  10
  110.498840  10
  146.493672  10
  166.184478  10
  198.543219  10
  236.678767  10
  281.013929  10
  331.277761  10
  0.000000  10.5
  78.826571  10.5
  78.906421  10.5
  130.724432  10.5
  138.259356  10.5
  167.659378  10.5
  198.429505  10.5
  236.683290  10.5
  281.013837  10.5
  331.277762  10.5
  37.583266  9
  37.590602  9
  94.858761  9
  97.521682  9
  126.711027  9
  150.027737  9
  182.684238  9
  221.346836  9
  265.985746  9
  0.000000  9.5
  69.762478  9.5
  69.989812  9.5
  111.311142  9.5
  122.703999  9.5
  150.481390  9.5
  182.661346  9.5
  221.347391  9.5
  265.985740  9.5
  33.104818  8
  33.128811  8
  80.088654  8
  85.093247  8
  110.082892  8
  135.807824  8
  168.855700  8
  207.862925  8
  0.000000  8.5
  60.552461  8.5
  61.155038  8.5
  93.304715  8.5
  108.545624  8.5
  135.914606  8.5
  168.852491  8.5
  207.862960  8.5
  28.604283  7
  28.679389  7
  65.532773  7
  73.531620  7
  96.491877  7
  123.529496  7
  156.909834  7
  0.000000  7.5
  51.077565  7.5
  52.516378  7.5
  77.571737  7.5
  96.049667  7.5
  123.546973  7.5
  156.909597  7.5
  24.047997  6
  24.269028  6
  52.068983  6
  63.168162  6
  85.450548  6
  113.125950  6
  0.000000  6.5
  41.313437  6.5
  44.269112  6.5
  64.679907  6.5
  85.363014  6.5
  113.127466  6.5
  19.368960  5
  19.961475  5
  40.503253  5
  54.283109  5
  76.519837  5
  0.000006  5.5
  31.626260  5.5
  36.683998  5.5
  54.667630  5.5
  76.510629  5.5
  14.512272  4
  15.882505  4
  31.407420  4
  47.052542  4
  0.000092  4.5
  22.766011  4.5
  30.065898  4.5
  47.104250  4.5
  9.663011  3
  12.229963  3
  24.949581  3
  0.001236  3.5
  15.456068  3.5
  24.696385  3.5
  5.408773  2
  9.248884  2
  0.014478  2.5
  10.183936  2.5
  2.357614  1
  0.127993  1.5
