  54.012726  10
  54.672537  10
  120.823398  10
  148.563240  10
  204.087935  10
  272.535697  10
  355.676307  10
  453.043422  10
  564.526330  10
  690.067131  10
  0.000003  10.5
  94.246375  10.5
  101.968843  10.5
  152.623508  10.5
  203.759191  10.5
  272.548732  10.5
  355.676019  10.5
  453.043425  10.5
  564.526330  10.5
  690.067131  10.5
  47.790927  9
  48.949953  9
  104.643693  9
  136.414674  9
  191.645771  9
  260.603875  9
  343.960191  9
  441.463893  9
  553.037593  9
  0.000012  9.5
  81.099525  9.5
  91.773185  9.5
  138.449844  9.5
  191.524729  9.5
  260.607403  9.5
  343.960136  9.5
  441.463893  9.5
  553.037593  9.5
  41.418394  8
  43.371851  8
  90.323580  8
  125.527938  8
  180.758866  8
  250.047872  8
  333.563764  8
  431.167713  8
  0.000055  8.5
  68.358574  8.5
  82.254415  8.5
  126.426707  8.5
  180.720789  8.5
  250.048637  8.5
  333.563757  8.5
  431.167713  8.5
  34.892440  7
  38.012300  7
  78.079835  7
  115.961365  7
  171.322330  7
  240.827845  7
  324.457772  7
  0.000246  7.5
  56.416673  7.5
  73.552704  7.5
  116.301455  7.5
  171.312659  7.5
  240.827963  7.5
  324.457771  7.5
  28.302476  6
  32.964321  6
  67.993341  6
  107.739622  6
  163.261202  6
  232.908271  6
  0.001082  6.5
  45.628213  6.5
  65.798323  6.5
  107.844412  6.5
  163.259424  6.5
  232.908281  6.5
  21.870963  5
  28.335527  5
  59.977489  5
  100.858648  5
  156.520328  5
  0.004608  5.5
  36.277495  5.5
  59.103772  5.5
  100.882349  5.5
  156.520149  5.5
  15.919122  4
  24.241500  4
  53.816852  4
  95.294515  4
  0.018717  4.5
  28.578453  4.5
  53.557642  4.5
  95.297512  4.5
  10.768072  3
  20.800467  3
  49.264735  3
  0.070762  3.5
  22.677213  3.5
  49.220549  3.5
  6.649431  2
  18.134313  2
  0.240352  2.5
  18.633560  2.5
  3.660341  1
  0.705425  1.5
