  276.679567  10
  1168.019064  10
  3151.190151  10
  6125.002671  10
  10091.126587  10
  15049.108454  10
  20998.824035  10
  27940.226589  10
  35873.295309  10
  44798.019781  10
  45.483862  10.5
  1176.249374  10.5
  3151.148012  10.5
  6125.002746  10.5
  10091.126587  10.5
  15049.108454  10.5
  20998.824035  10.5
  27940.226589  10.5
  35873.295309  10.5
  44798.019781  10.5
  257.439197  9
  1158.367131  9
  3141.231331  9
  6115.265747  9
  10081.475512  9
  15039.500452  9
  20989.240686  9
  27930.658664  9
  35863.737673  9
  50.753324  9.5
  1164.370848  9.5
  3141.206738  9.5
  6115.265782  9.5
  10081.475512  9.5
  15039.500452  9.5
  20989.240686  9.5
  27930.658664  9.5
  35863.737673  9.5
  239.122668  8
  1149.638428  8
  3132.328754  8
  6106.556782  8
  10072.842204  8
  15030.905076  8
  20980.667016  8
  27922.098571  8
  56.516176  8.5
  1153.852358  8.5
  3132.315334  8.5
  6106.556796  8.5
  10072.842204  8.5
  15030.905076  8.5
  20980.667016  8.5
  27922.098571  8.5
  221.716977  7
  1141.853006  7
  3124.479558  7
  6098.874770  7
  10065.226041  7
  15023.321909  7
  20973.102724  7
  62.802497  7.5
  1144.668972  7.5
  3124.472845  7.5
  6098.874776  7.5
  10065.226041  7.5
  15023.321909  7.5
  20973.102724  7.5
  205.207491  6
  1135.031608  6
  3117.681325  6
  6092.218824  6
  10058.626475  6
  15016.750579  6
  69.642395  6.5
  1136.795211  6.5
  3117.678341  6.5
  6092.218825  6.5
  10058.626475  6.5
  15016.750579  6.5
  189.577976  5
  1129.195672  5
  3111.932052  5
  6086.588172  5
  10053.043030  5
  77.065837  5.5
  1130.205200  5.5
  3111.930932  5.5
  6086.588173  5.5
  10053.043030  5.5
  174.810636  4
  1124.367320  4
  3107.230118  4
  6081.982164  4
  85.102489  4.5
  1124.872803  4.5
  3107.229799  4.5
  6081.982164  4.5
  160.886150  3
  1120.569348  3
  3103.574265  3
  93.781548  3.5
  1120.771765  3.5
  3103.574212  3.5
  147.783732  2
  1117.825199  2
  103.131595  2.5
  1117.875843  2.5
  135.481191  1
  113.180445  1.5
