  60.522496  10
  63.089077  10
  132.792978  10
  182.413603  10
  261.802496  10
  361.273873  10
  481.226644  10
  621.432210  10
  781.811167  10
  962.323398  10
  0.000064  10.5
  100.814124  10.5
  119.842197  10.5
  184.028976  10.5
  261.722126  10.5
  361.275948  10.5
  481.226614  10.5
  621.432211  10.5
  781.811167  10.5
  962.323398  10.5
  52.997579  9
  56.805061  9
  117.824536  9
  170.870521  9
  250.364587  9
  350.123795  9
  470.223101  9
  610.520614  9
  770.960947  9
  0.000218  9.5
  86.616316  9.5
  109.476184  9.5
  171.643532  9.5
  250.335475  9.5
  350.124352  9.5
  470.223095  9.5
  610.520614  9.5
  770.960947  9.5
  45.361508  8
  50.782037  8
  104.905191  8
  160.599187  8
  240.262167  8
  340.224168  8
  460.432692  8
  600.798717  8
  0.000733  8.5
  73.393699  8.5
  99.963702  8.5
  160.929828  8.5
  240.253113  8.5
  340.224288  8.5
  460.432691  8.5
  600.798717  8.5
  37.737834  7
  45.098893  7
  94.030006  7
  151.606681  7
  231.445113  7
  331.549201  7
  451.836979  7
  0.002424  7.5
  61.396735  7.5
  91.399539  7.5
  151.729194  7.5
  231.442832  7.5
  331.549220  7.5
  451.836979  7.5
  30.335319  6
  39.842036  6
  85.088255  6
  143.883979  6
  223.874040  6
  324.076219  6
  0.007827  6.5
  50.828970  6.5
  83.865310  6.5
  143.921225  6.5
  223.873623  6.5
  324.076221  6.5
  23.413230  5
  35.101876  5
  77.899494  5
  137.411044  5
  217.517432  5
  0.024458  5.5
  41.849686  5.5
  77.426584  5.5
  137.419398  5.5
  217.517390  5.5
  17.224891  4
  30.970353  4
  72.268846  4
  132.162284  4
  0.073001  4.5
  34.574620  4.5
  72.130970  4.5
  132.163335  4.5
  11.969573  3
  27.541353  3
  68.030804  3
  0.204381  3.5
  29.066488  3.5
  68.007526  3.5
  7.765307  2
  24.915823  2
  0.525241  2.5
  25.313665  2.5
  4.636558  1
  1.215446  1.5
