  38.689909  10
  38.689910  10
  103.423791  10
  103.427652  10
  149.831162  10
  150.980981  10
  174.267834  10
  188.438863  10
  209.856042  10
  234.676800  10
  0.000000  10.5
  73.186233  10.5
  73.186319  10.5
  129.229182  10.5
  129.321750  10.5
  163.663619  10.5
  169.705014  10.5
  189.107470  10.5
  209.817874  10.5
  234.677597  10.5
  34.611244  9
  34.611251  9
  91.140305  9
  91.162238  9
  127.977843  9
  131.205249  9
  149.562743  9
  166.911346  9
  188.942888  9
  0.000000  9.5
  65.021991  9.5
  65.022583  9.5
  112.598357  9.5
  113.000700  9.5
  138.015804  9.5
  148.163921  9.5
  167.012222  9.5
  188.940431  9.5
  30.532190  8
  30.532246  8
  78.797491  8
  78.909607  8
  106.063758  8
  112.594551  8
  129.190143  8
  148.167139  8
  0.000000  8.5
  56.852701  8.5
  56.856560  8.5
  95.520389  8.5
  96.938121  8.5
  115.197474  8.5
  128.937020  8.5
  148.174551  8.5
  26.452389  7
  26.452805  7
  66.265546  7
  66.754168  7
  85.802966  7
  95.851576  7
  112.376233  7
  0.000000  7.5
  48.668762  7.5
  48.691937  7.5
  77.947995  7.5
  81.579399  7.5
  96.441563  7.5
  112.354507  7.5
  22.370450  6
  22.373398  6
  53.314755  6
  54.950548  6
  68.812580  6
  81.495727  6
  0.000000  6.5
  40.430546  6.5
  40.554127  6.5
  60.965098  6.5
  67.577990  6.5
  81.556966  6.5
  18.279459  5
  18.298727  5
  40.242753  5
  44.001250  5
  55.736951  5
  0.000000  5.5
  32.007793  5.5
  32.550135  5.5
  46.233391  5.5
  55.573879  5.5
  14.145980  4
  14.256360  4
  28.412623  4
  34.552446  4
  0.000000  4.5
  23.284249  4.5
  24.978377  4.5
  34.949629  4.5
  9.865753  3
  10.360465  3
  19.202727  3
  0.000006  3.5
  14.947274  3.5
  18.365300  3.5
  5.515256  2
  6.915179  2
  0.000421  2.5
  8.352437  2.5
  2.058559  1
  0.019770  1.5
