  39.128235  10
  39.128242  10
  104.305381  10
  104.325848  10
  149.006376  10
  152.108721  10
  174.724222  10
  194.241168  10
  219.815251  10
  249.318849  10
  0.000000  10.5
  73.936119  10.5
  73.936714  10.5
  129.842542  10.5
  130.208291  10.5
  161.608740  10.5
  172.333491  10.5
  194.477432  10.5
  219.805025  10.5
  249.319019  10.5
  34.999403  9
  34.999452  9
  91.816387  9
  91.906770  9
  126.486183  9
  132.847504  9
  152.733939  9
  174.414608  9
  200.581847  9
  0.000000  9.5
  65.665795  9.5
  65.669007  9.5
  112.629170  9.5
  113.829433  9.5
  137.272103  9.5
  152.120682  9.5
  174.447255  9.5
  200.581219  9.5
  30.869841  8
  30.870146  8
  79.187439  8
  79.543846  8
  104.943483  8
  115.131237  8
  134.417819  8
  157.150072  8
  0.000000  8.5
  57.383805  8.5
  57.400144  8.5
  94.836070  8.5
  97.956045  8.5
  116.559028  8.5
  134.318506  8.5
  157.152348  8.5
  26.738653  7
  26.740444  7
  66.217514  7
  67.396266  7
  85.957055  7
  99.487249  7
  119.032485  7
  0.000000  7.5
  49.066549  7.5
  49.143025  7.5
  77.018686  7.5
  83.102828  7.5
  99.769669  7.5
  119.024464  7.5
  22.602317  6
  22.612261  6
  52.835906  6
  55.806796  6
  70.579485  6
  86.200676  6
  0.000000  6.5
  40.636444  6.5
  40.952384  6.5
  60.586455  6.5
  69.853309  6.5
  86.227895  6.5
  18.445898  5
  18.496700  5
  39.813801  5
  45.290593  5
  58.754218  5
  0.000000  5.5
  31.931549  5.5
  32.993140  5.5
  46.892294  5.5
  58.666767  5.5
  14.214431  4
  14.441118  4
  28.499144  4
  36.390281  4
  0.000001  4.5
  23.031602  4.5
  25.611292  4.5
  36.648111  4.5
  9.804451  3
  10.593472  3
  19.954811  3
  0.000028  3.5
  14.863583  3.5
  19.298647  3.5
  5.444184  2
  7.264307  2
  0.001125  2.5
  8.580381  2.5
  2.096246  1
  0.032754  1.5
