  922.969601  10
  5744.233109  10
  15857.029037  10
  31028.683492  10
  51258.538513  10
  76546.172620  10
  106891.465748  10
  142294.372845  10
  182754.873881  10
  228272.958839  10
  416.271764  10.5
  5747.915204  10.5
  15857.025386  10.5
  31028.683493  10.5
  51258.538513  10.5
  76546.172620  10.5
  106891.465748  10.5
  142294.372845  10.5
  182754.873881  10.5
  228272.958839  10.5
  890.221504  9
  5734.030518  9
  15847.121877  9
  31018.977943  9
  51248.913437  9
  76536.587808  9
  106881.903953  9
  142284.825438  9
  182745.336068  9
  434.826719  9.5
  5736.709980  9.5
  15847.119747  9.5
  31018.977943  9.5
  51248.913437  9.5
  76536.587808  9.5
  106881.903953  9.5
  142284.825438  9.5
  182745.336068  9.5
  858.314447  8
  5724.856793  8
  15838.258870  8
  31010.294621  8
  51240.301891  8
  76528.012171  8
  106873.348840  8
  142276.283155  8
  454.023486  8.5
  5726.733403  8.5
  15838.257709  8.5
  31010.294621  8.5
  51240.301891  8.5
  76528.012171  8.5
  106873.348840  8.5
  142276.283155  8.5
  827.239416  7
  5716.722216  7
  15830.439568  7
  31002.633329  7
  51232.703754  7
  76520.445624  7
  106865.800350  7
  473.874769  7.5
  5717.973870  7.5
  15830.438987  7.5
  31002.633329  7.5
  51232.703754  7.5
  76520.445624  7.5
  106865.800350  7.5
  796.987115  6
  5709.637193  6
  15823.663582  6
  30995.993893  6
  51226.118918  6
  76513.888097  6
  494.393140  6.5
  5710.419792  6.5
  15823.663323  6.5
  30995.993894  6.5
  51226.118918  6.5
  76513.888097  6.5
  767.547971  5
  5703.612250  5
  15817.930584  5
  30990.376165  5
  51220.547291  5
  515.591021  5.5
  5704.059601  5.5
  15817.930487  5.5
  30990.376165  5.5
  51220.547291  5.5
  738.912143  4
  5698.658028  4
  15813.240303  4
  30985.780014  4
  537.480676  4.5
  5698.881766  4.5
  15813.240275  4.5
  30985.780014  4.5
  711.069526  3
  5694.785281  3
  15809.592522  3
  560.074199  3.5
  5694.874795  3.5
  15809.592518  3.5
  684.009761  2
  5692.004870  2
  583.383501  2.5
  5692.027252  2.5
  657.722239  1
  607.420300  1.5
