  40.888929  10
  40.889428  10
  107.530038  10
  107.968859  10
  146.232560  10
  159.558090  10
  187.308563  10
  219.355660  10
  257.058768  10
  299.958163  10
  0.000000  10.5
  76.909236  10.5
  76.931697  10.5
  130.763004  10.5
  134.583839  10.5
  162.544654  10.5
  186.996582  10.5
  219.371362  10.5
  257.058372  10.5
  299.958167  10.5
  36.556502  9
  36.558488  9
  93.952915  9
  95.121172  9
  124.878680  9
  142.350558  9
  170.077924  9
  202.880690  9
  240.965854  9
  0.000000  9.5
  68.183989  9.5
  68.259841  9.5
  111.633200  9.5
  118.583902  9.5
  143.351675  9.5
  170.012756  9.5
  202.882658  9.5
  240.965831  9.5
  32.220116  8
  32.227777  8
  79.933035  8
  82.623717  8
  106.445665  8
  127.102004  8
  155.178269  8
  188.436885  8
  0.000000  8.5
  59.382381  8.5
  59.622090  8.5
  93.134084  8.5
  103.767048  8.5
  127.350222  8.5
  155.168912  8.5
  188.437014  8.5
  27.873144  7
  27.901454  7
  65.664559  7
  70.788106  7
  91.347118  7
  113.917513  7
  142.372221  7
  0.000000  7.5
  50.404689  7.5
  51.092916  7.5
  76.377445  7.5
  90.515637  7.5
  113.959406  7.5
  142.371518  7.5
  23.495774  6
  23.594328  6
  51.946759  6
  59.996457  6
  79.270955  6
  102.769457  6
  0.000000  6.5
  41.124291  6.5
  42.830803  6.5
  62.267195  6.5
  79.098994  6.5
  102.773159  6.5
  19.036389  5
  19.350126  5
  39.785578  5
  50.619255  5
  69.645969  5
  0.000001  5.5
  31.659302  5.5
  35.100295  5.5
  51.234194  5.5
  69.627451  5.5
  14.410737  4
  15.273882  4
  29.982615  4
  42.928648  4
  0.000024  4.5
  22.685011  4.5
  28.243834  4.5
  43.014153  4.5
  9.677696  3
  11.561268  3
  22.951463  3
  0.000453  3.5
  15.091920  3.5
  22.608410  3.5
  5.376648  2
  8.485311  2
  0.007359  2.5
  9.528170  2.5
  2.251482  1
  0.088267  1.5
