  89.188820  10
  140.207572  10
  317.414646  10
  566.234695  10
  900.739043  10
  1319.342598  10
  1821.877824  10
  2408.273420  10
  3078.497508  10
  3832.534047  10
  0.144599  10.5
  165.054965  10.5
  315.669627  10.5
  566.273484  10.5
  900.738640  10.5
  1319.342600  10.5
  1821.877824  10.5
  2408.273420  10.5
  3078.497508  10.5
  3832.534047  10.5
  77.185918  9
  132.262199  9
  306.469793  9
  556.069187  9
  890.727694  9
  1309.414527  9
  1811.997620  9
  2398.423284  9
  3068.667486  9
  0.241119  9.5
  150.903668  9.5
  305.442199  9.5
  556.087142  9.5
  890.727550  9.5
  1309.414528  9.5
  1811.997620  9.5
  2398.423284  9.5
  3068.667486  9.5
  65.996660  8
  124.935398  8
  296.845040  8
  547.008225  8
  881.793507  8
  1300.547139  8
  1803.168654  8
  2389.618447  8
  0.396886  8.5
  138.369774  8.5
  296.280218  8.5
  547.015724  8.5
  881.793462  8.5
  1300.547139  8.5
  1803.168654  8.5
  2389.618447  8.5
  55.692992  7
  118.268850  7
  288.477012  7
  539.041063  7
  873.928631  7
  1292.735211  7
  1795.387182  7
  0.643489  7.5
  127.467376  7.5
  288.192847  7.5
  539.043795  7.5
  873.928620  7.5
  1292.735212  7.5
  1795.387182  7.5
  46.329195  6
  112.306015  6
  281.312757  6
  532.157707  6
  867.126190  6
  1285.974147  6
  1.025337  6.5
  118.193901  6.5
  281.185836  6.5
  532.158528  6.5
  867.126188  6.5
  1285.974147  6.5
  37.940746  5
  107.093160  5
  275.309646  5
  526.349160  5
  861.380253  5
  1.601935  5.5
  110.527842  5.5
  275.261864  5.5
  526.349342  5.5
  861.380253  5.5
  30.543519  4
  102.680640  4
  270.434721  4
  521.607608  4
  2.448799  4.5
  104.427647  4.5
  270.421028  4.5
  521.607631  4.5
  24.133195  3
  99.124334  3
  266.663738  3
  3.656208  3.5
  99.832572  3.5
  266.661450  3.5
  18.684912  2
  96.487076  2
  5.325455  2.5
  96.665842  2.5
  14.153337  1
  7.562991  1.5
