  290.286682  10
  1253.919595  10
  3389.434442  10
  6591.983582  10
  10863.083769  10
  16202.284940  10
  22609.463227  10
  30084.572040  10
  38627.590642  10
  48238.508654  10
  50.989163  10.5
  1261.857929  10.5
  3389.396741  10.5
  6591.983644  10.5
  10863.083769  10.5
  16202.284940  10.5
  22609.463227  10.5
  30084.572040  10.5
  38627.590642  10.5
  48238.508654  10.5
  270.655262  9
  1244.233867  9
  3379.480443  9
  6582.249449  9
  10853.435007  9
  16192.679000  9
  22599.881795  9
  30075.005940  9
  38618.034768  9
  56.630609  9.5
  1250.023352  9.5
  3379.458440  9.5
  6582.249478  9.5
  10853.435007  9.5
  16192.679000  9.5
  22599.881795  9.5
  30075.005940  9.5
  38618.034768  9.5
  251.943460  8
  1235.477711  8
  3370.581528  8
  6573.542765  8
  10844.803635  8
  16184.085380  8
  22591.309775  8
  30066.447430  8
  62.775214  8.5
  1239.540491  8.5
  3370.569522  8.5
  6573.542777  8.5
  10844.803635  8.5
  16184.085380  8.5
  22591.309775  8.5
  30066.447430  8.5
  234.138257  7
  1227.670649  7
  3362.735077  7
  6565.862596  7
  10837.189075  7
  16176.503690  7
  22583.746888  7
  69.451983  7.5
  1230.385147  7.5
  3362.729072  7.5
  6565.862601  7.5
  10837.189075  7.5
  16176.503690  7.5
  22583.746888  7.5
  217.225132  6
  1220.832850  6
  3355.938870  6
  6559.208118  6
  10830.590819  6
  16169.933588  6
  76.689902  6.5
  1222.532655  6.5
  3355.936201  6.5
  6559.208120  6.5
  10830.590819  6.5
  16169.933588  6.5
  201.188088  5
  1214.985123  5
  3350.191068  5
  6553.578616  5
  10825.008425  5
  84.517790  5.5
  1215.958011  5.5
  3350.190066  5.5
  6553.578616  5.5
  10825.008425  5.5
  186.009678  4
  1210.148915  4
  3345.490181  4
  6548.973485  4
  92.964148  4.5
  1210.636002  4.5
  3345.489895  4.5
  6548.973485  4.5
  171.671056  3
  1206.346292  3
  3341.835048  3
  102.057022  3.5
  1206.541327  3.5
  3341.835001  3.5
  158.152018  2
  1203.599914  2
  111.823859  2.5
  1203.648708  2.5
  145.431066  1
  122.291384  1.5
