  92.422497  10
  152.820589  10
  350.840014  10
  632.419427  10
  1010.322703  10
  1483.158774  10
  2050.763315  10
  2713.068319  10
  3470.043355  10
  4321.673115  10
  0.222841  10.5
  176.551967  10.5
  349.387466  10.5
  632.447821  10.5
  1010.322443  10.5
  1483.158775  10.5
  2050.763315  10.5
  2713.068319  10.5
  3470.043355  10.5
  4321.673115  10.5
  80.172969  9
  144.764410  9
  340.038521  9
  622.307742  9
  1000.357486  9
  1473.271536  9
  2040.920918  9
  2703.254085  9
  3460.247958  9
  0.357838  9.5
  162.517103  9.5
  339.184493  9.5
  622.320879  9.5
  1000.357393  9.5
  1473.271536  9.5
  2040.920918  9.5
  2703.254085  9.5
  3460.247958  9.5
  68.775495  8
  137.347121  8
  330.517760  8
  613.291286  8
  991.461745  8
  1464.438809  8
  2032.124437  8
  2694.480361  8
  0.567509  8.5
  150.104352  8.5
  330.048906  8.5
  613.296772  8.5
  991.461716  8.5
  1464.438809  8.5
  2032.124437  8.5
  2694.480361  8.5
  58.289211  7
  130.608518  7
  322.223292  7
  605.360325  7
  983.628594  7
  1456.656000  7
  2024.370578  7
  0.887264  7.5
  139.319255  7.5
  321.987628  7.5
  605.362323  7.5
  983.628587  7.5
  1456.656000  7.5
  2024.370578  7.5
  48.757161  6
  124.590367  6
  315.109894  6
  598.505893  6
  976.851992  6
  1449.919063  6
  1.364876  6.5
  130.151625  6.5
  315.004709  6.5
  598.506494  6.5
  976.851990  6.5
  1449.919063  6.5
  40.205506  5
  119.337356  5
  309.141239  5
  592.719982  5
  971.126723  5
  2.061968  5.5
  122.573993  5.5
  309.101661  5.5
  592.720115  5.5
  971.126722  5.5
  32.642933  4
  114.898217  4
  304.289244  4
  587.995666  4
  3.054141  4.5
  116.541254  4.5
  304.277906  4.5
  587.995682  4.5
  26.060229  3
  111.326942  3
  300.533200  3
  4.429268  3.5
  111.991990  3.5
  300.531307  3.5
  20.430054  2
  108.683920  2
  6.283840  2.5
  108.851596  2.5
  15.707105  1
  8.717836  1.5
