  38.004560  10
  38.004560  10
  102.009520  10
  102.009520  10
  150.003989  10
  150.003995  10
  181.941581  10
  181.970237  10
  196.618966  10
  199.774876  10
  -0.000000  10.5
  72.007863  10.5
  72.007863  10.5
  128.008775  10.5
  128.008775  10.5
  167.990716  10.5
  167.991278  10.5
  191.553589  10.5
  192.136101  10.5
  200.634282  10.5
  34.004041  9
  34.004041  9
  90.007734  9
  90.007734  9
  129.998204  9
  129.998433  9
  153.706324  9
  154.093676  9
  162.429060  9
  0.000000  9.5
  64.006784  9.5
  64.006784  9.5
  112.005820  9.5
  112.005822  9.5
  143.968740  9.5
  143.983674  9.5
  158.853905  9.5
  161.415414  9.5
  30.003520  8
  30.003520  8
  78.005823  8
  78.005823  8
  109.985802  8
  109.992943  8
  125.076255  8
  127.101440  8
  0.000000  8.5
  56.005683  8.5
  56.005683  8.5
  96.002206  8.5
  96.002287  8.5
  119.819056  8.5
  120.062181  8.5
  128.275981  8.5
  26.002995  7
  26.002995  7
  66.003647  7
  66.003671  7
  89.897536  7
  90.039482  7
  98.167065  7
  -0.000000  7.5
  48.004544  7.5
  48.004544  7.5
  79.995572  7.5
  79.998624  7.5
  95.281576  7.5
  96.830739  7.5
  22.002464  6
  22.002464  6
  54.000300  6
  54.001416  6
  69.466180  6
  70.601169  6
  0.000000  6.5
  40.003325  6.5
  40.003331  6.5
  63.948306  6.5
  64.023679  6.5
  72.093817  6.5
  18.001920  5
  18.001920  5
  41.978067  5
  42.013119  5
  50.047860  5
  0.000000  5.5
  32.001758  5.5
  32.002080  5.5
  47.627051  5.5
  48.410716  5.5
  14.001313  4
  14.001374  4
  29.761778  4
  30.257553  4
  0.000000  4.5
  23.993114  4.5
  24.006396  4.5
  32.021485  4.5
  9.998924  3
  10.002358  3
  18.008063  3
  0.000000  3.5
  15.868499  3.5
  16.140078  3.5
  5.945971  2
  6.056845  2
  0.000000  2.5
  8.002304  2.5
  2.000384  1
  0.000128  1.5
