  117.084703  10
  261.154412  10
  644.030730  10
  1209.422429  10
  1964.823712  10
  2909.463192  10
  4043.195759  10
  5365.965478  10
  6877.747337  10
  8578.528778  10
  1.745507  10.5
  279.016587  10.5
  643.519577  10.5
  1209.427314  10.5
  1964.823690  10.5
  2909.463192  10.5
  4043.195759  10.5
  5365.965478  10.5
  6877.747337  10.5
  8578.528778  10.5
  103.447875  9
  252.522785  9
  633.735473  9
  1199.518291  9
  1955.033633  9
  2899.731396  9
  4033.497459  9
  5356.288188  9
  6868.084085  9
  2.368326  9.5
  265.714207  9.5
  633.436371  9.5
  1199.520548  9.5
  1955.033625  9.5
  2899.731397  9.5
  4033.497459  9.5
  5356.288188  9.5
  6868.084085  9.5
  90.773149  8
  244.631475  8
  624.583082  8
  1190.672524  8
  1946.284079  8
  2891.030729  8
  4024.824870  8
  5347.633202  8
  3.185715  8.5
  253.994903  8.5
  624.419501  8.5
  1190.673465  8.5
  1946.284077  8.5
  2891.030729  8.5
  4024.824870  8.5
  5347.633202  8.5
  79.072607  7
  237.512912  7
  616.551233  7
  1182.879935  7
  1938.571710  7
  2883.358945  7
  4017.176378  7
  4.245665  7.5
  243.833169  7.5
  616.469258  7.5
  1182.880278  7.5
  1938.571709  7.5
  2883.358945  7.5
  4017.176378  7.5
  68.349675  6
  231.201724  6
  609.621499  6
  1176.135885  6
  1931.893585  6
  2876.714064  6
  5.602890  6.5
  235.194921  6.5
  609.584997  6.5
  1176.135988  6.5
  1931.893585  6.5
  2876.714064  6.5
  58.598984  5
  225.735160  5
  603.779040  5
  1170.436314  5
  1926.247161  5
  7.318081  5.5
  228.038094  5.5
  603.765330  5.5
  1170.436337  5.5
  1926.247161  5.5
  49.806280  4
  221.153499  4
  599.012269  4
  1165.777765  4
  9.456685  4.5
  222.313688  4.5
  599.008347  4.5
  1165.777768  4.5
  41.948417  3
  217.500391  3
  595.312501  3
  12.087270  3.5
  217.967199  3.5
  595.311847  3.5
  34.993464  2
  214.823099  2
  15.279610  2.5
  214.940291  2.5
  28.900989  1
  19.102658  1.5
