  72.357176  10
  85.826540  10
  179.704152  10
  288.245135  10
  439.384456  10
  628.878154  10
  856.595067  10
  1122.423170  10
  1426.314210  10
  1768.243900  10
  0.004206  10.5
  118.130327  10.5
  174.085716  10.5
  288.546620  10.5
  439.377243  10.5
  628.878247  10.5
  856.595066  10.5
  1122.423170  10.5
  1426.314210  10.5
  1768.243900  10.5
  62.396848  9
  78.697699  9
  167.102559  9
  277.522858  9
  428.868156  9
  618.507082  9
  846.305870  9
  1112.185385  9
  1416.110823  9
  0.009675  9.5
  103.505044  9.5
  163.708429  9.5
  277.663447  9.5
  428.865568  9.5
  618.507107  9.5
  846.305870  9.5
  1112.185385  9.5
  1416.110823  9.5
  52.784921  8
  72.021723  8
  156.244683  8
  267.992550  8
  419.515173  8
  609.264377  8
  837.126007  8
  1103.045002  8
  0.021937  8.5
  90.329868  8.5
  154.342661  8.5
  268.051600  8.5
  419.514374  8.5
  609.264382  8.5
  837.126007  8.5
  1103.045002  8.5
  43.701353  7
  65.860045  7
  146.998065  7
  259.638873  7
  411.306007  7
  601.137742  7
  829.046696  7
  0.048844  7.5
  78.700448  7.5
  146.027484  7.5
  259.660478  7.5
  411.305807  7.5
  601.137743  7.5
  829.046696  7.5
  35.314947  6
  60.274692  6
  139.231130  6
  252.444538  6
  404.223986  6
  594.116372  6
  0.106269  6.5
  68.690873  6.5
  138.793198  6.5
  252.451050  6.5
  404.223950  6.5
  594.116372  6.5
  27.767662  5
  55.328617  5
  132.827253  5
  246.391946  5
  398.254963  5
  0.224510  5.5
  60.349741  5.5
  132.661205  5.5
  246.393398  5.5
  398.254959  5.5
  21.164567  4
  51.087175  4
  127.692177  4
  241.464543  4
  0.457163  4.5
  53.692915  4.5
  127.644356  4.5
  241.464725  4.5
  15.568202  3
  47.620995  3
  123.755879  3
  0.890244  3.5
  48.694991  3.5
  123.747864  3.5
  10.995412  2
  45.010225  2
  1.646357  2.5
  45.284628  2.5
  7.415494  1
  2.878168  1.5
