  71.058489  10
  82.690810  10
  172.486307  10
  272.953034  10
  413.873960  10
  590.594186  10
  802.999826  10
  1050.972353  10
  1334.461201  10
  1653.440921  10
  0.002860  10.5
  115.639284  10.5
  166.287582  10.5
  273.314784  10.5
  413.864624  10.5
  590.594315  10.5
  802.999825  10.5
  1050.972353  10.5
  1334.461201  10.5
  1653.440921  10.5
  61.333961  9
  75.644280  9
  159.663286  9
  262.159680  9
  403.288269  9
  580.162932  9
  792.655232  9
  1040.682168  9
  1324.207414  9
  0.006819  9.5
  101.009453  9.5
  155.901644  9.5
  262.328603  9.5
  403.284918  9.5
  580.162967  9.5
  792.655232  9.5
  1040.682168  9.5
  1324.207414  9.5
  51.900334  8
  69.032319  8
  148.632212  8
  252.567947  8
  393.878093  8
  570.869344  8
  783.427916  8
  1031.496482  8
  0.016027  8.5
  87.799281  8.5
  146.516892  8.5
  252.638969  8.5
  393.877058  8.5
  570.869351  8.5
  783.427916  8.5
  1031.496482  8.5
  42.944339  7
  62.918648  7
  139.258964  7
  244.162861  7
  385.622120  7
  562.700125  7
  775.308386  7
  0.036989  7.5
  76.115077  7.5
  138.176801  7.5
  244.188865  7.5
  385.621860  7.5
  562.700127  7.5
  775.308386  7.5
  34.646753  6
  57.367721  6
  131.404628  6
  236.926775  6
  378.502217  6
  555.643595  6
  0.083396  6.5
  66.040420  6.5
  130.915488  6.5
  236.934617  6.5
  378.502169  6.5
  555.643595  6.5
  27.163212  5
  52.444795  5
  124.943131  5
  230.841279  5
  372.503045  5
  0.182461  5.5
  57.632815  5.5
  124.757447  5.5
  230.843028  5.5
  372.503041  5.5
  20.611478  4
  48.217245  4
  119.771322  4
  225.888796  4
  0.384290  4.5
  50.916396  4.5
  119.717805  4.5
  225.889015  4.5
  15.064275  3
  44.757459  3
  115.812173  3
  0.772333  3.5
  45.872373  3.5
  115.803199  3.5
  10.545386  2
  42.147350  2
  1.469393  2.5
  42.432674  2.5
  7.027407  1
  2.632073  1.5
