  53.850266  10
  54.483706  10
  120.607372  10
  147.863661  10
  202.890200  10
  270.660133  10
  353.004530  10
  449.446299  10
  559.873786  10
  684.228474  10
  0.000002  10.5
  94.082828  10.5
  101.589620  10.5
  152.018461  10.5
  202.549045  10.5
  270.673820  10.5
  353.004224  10.5
  449.446303  10.5
  559.873786  10.5
  684.228474  10.5
  47.657995  9
  48.776208  9
  104.403667  9
  135.698870  9
  190.413592  9
  258.702954  9
  341.265329  9
  437.845206  9
  548.364479  9
  0.000011  9.5
  80.974923  9.5
  91.400933  9.5
  137.785241  9.5
  190.287898  9.5
  258.706661  9.5
  341.265271  9.5
  437.845206  9.5
  548.364479  9.5
  41.316217  8
  43.210375  8
  90.049464  8
  124.794341  8
  179.500440  8
  248.125687  8
  330.849323  8
  427.530520  8
  0.000051  8.5
  68.255222  8.5
  81.883482  8.5
  125.716914  8.5
  179.460882  8.5
  248.126490  8.5
  330.849315  8.5
  427.530520  8.5
  34.819587  7
  37.859890  7
  77.767872  7
  115.210352  7
  170.043541  7
  238.888040  7
  321.726882  7
  0.000230  7.5
  56.319703  7.5
  73.178647  7.5
  115.559743  7.5
  170.033490  7.5
  238.888164  7.5
  321.726882  7.5
  28.253394  6
  32.817727  6
  67.646556  6
  106.973000  6
  161.966480  6
  230.954066  6
  0.001020  6.5
  45.527512  6.5
  65.418152  6.5
  107.080712  6.5
  161.964632  6.5
  230.954077  6.5
  21.837044  5
  28.191849  5
  59.603955  5
  100.079037  5
  155.213194  5
  0.004388  5.5
  36.167348  5.5
  58.715998  5.5
  100.103407  5.5
  155.213008  5.5
  15.892219  4
  24.098503  4
  53.425757  4
  94.504788  4
  0.017988  4.5
  28.456514  4.5
  53.162150  4.5
  94.507870  4.5
  10.743343  3
  20.656694  3
  48.863282  3
  0.068622  3.5
  22.543807  3.5
  48.818331  3.5
  6.625756  2
  17.989013  2
  0.235072  2.5
  18.491325  2.5
  3.639151  1
  0.694965  1.5
