  76.275651  10
  96.331462  10
  204.828962  10
  340.386240  10
  526.184716  10
  758.987641  10
  1038.634421  10
  1365.028368  10
  1738.127023  10
  2157.909008  10
  0.012124  10.5
  126.703997  10.5
  200.651567  10.5
  340.562610  10.5
  526.181332  10.5
  758.987676  10.5
  1038.634421  10.5
  1365.028368  10.5
  1738.127023  10.5
  2157.909008  10.5
  65.680122  9
  88.971260  9
  192.804107  9
  329.850067  9
  515.844012  9
  748.769688  9
  1028.486346  9
  1354.924188  9
  1728.052215  9
  0.025287  9.5
  112.136696  9.5
  190.306885  9.5
  329.932061  9.5
  515.842799  9.5
  748.769698  9.5
  1028.486346  9.5
  1354.924188  9.5
  1728.052215  9.5
  55.591030  8
  82.113951  8
  182.385772  8
  320.478777  8
  506.636182  8
  739.656556  8
  1019.427450  8
  1345.899369  8
  0.051988  8.5
  99.091005  8.5
  180.997478  8.5
  320.513138  8.5
  506.635808  8.5
  739.656558  8.5
  1019.427450  8.5
  1345.899369  8.5
  46.161048  7
  75.814567  7
  173.455740  7
  312.257199  7
  498.546056  7
  731.638449  7
  1011.450728  7
  0.104999  7.5
  87.635744  7.5
  172.751397  7.5
  312.269750  7.5
  498.545962  7.5
  731.638450  7.5
  1011.450728  7.5
  37.523338  6
  70.128759  6
  165.906105  6
  305.169676  6
  491.560521  6
  724.706754  6
  0.207426  6.5
  77.820208  6.5
  165.589588  6.5
  305.173454  6.5
  491.560504  6.5
  724.706754  6.5
  29.783412  5
  65.113638  5
  159.645720  5
  299.201089  5
  485.668372  5
  0.398755  5.5
  69.669452  5.5
  159.526040  5.5
  299.201931  5.5
  485.668370  5.5
  23.014206  4
  60.829479  4
  154.602706  4
  294.337680  4
  0.741758  4.5
  63.178079  4.5
  154.568303  4.5
  294.337786  4.5
  17.253213  3
  57.342356  3
  150.724152  3
  1.327771  3.5
  58.304947  3.5
  150.718393  3.5
  12.500684  2
  54.727543  2
  2.276699  2.5
  54.972455  2.5
  8.718637  1
  3.729101  1.5
