  54.754923  10
  55.545675  10
  121.854541  10
  151.837963  10
  209.694168  10
  281.285464  10
  368.126048  10
  469.794124  10
  586.183214  10
  717.238080  10
  0.000004  10.5
  94.987839  10.5
  103.736021  10.5
  155.492944  10.5
  209.416184  10.5
  281.295920  10.5
  368.125829  10.5
  469.794126  10.5
  586.183214  10.5
  717.238080  10.5
  48.396094  9
  49.754890  9
  105.789850  9
  139.762989  9
  197.401556  9
  269.464885  9
  356.511209  9
  458.309262  9
  574.784814  9
  0.000017  9.5
  81.672113  9.5
  93.510594  9.5
  141.580745  9.5
  197.299488  9.5
  269.467711  9.5
  356.511168  9.5
  458.309263  9.5
  574.784814  9.5
  41.882037  8
  44.121564  8
  91.626993  8
  128.955895  8
  186.629117  8
  259.002186  8
  346.200725  8
  448.094347  8
  0.000077  8.5
  68.841371  8.5
  83.986988  8.5
  129.754262  8.5
  186.597071  8.5
  259.002798  8.5
  346.200720  8.5
  448.094347  8.5
  35.222917  7
  38.721343  7
  79.554242  7
  119.466632  7
  177.281678  7
  249.859493  7
  337.166959  7
  0.000332  7.5
  56.874494  7.5
  75.299862  7.5
  119.767653  7.5
  177.273550  7.5
  249.859588  7.5
  337.166959  7.5
  28.526629  6
  33.647286  6
  69.622585  6
  111.313808  6
  169.290403  6
  242.003150  6
  0.001401  6.5
  46.104622  6.5
  67.572994  6.5
  111.406352  6.5
  169.288910  6.5
  242.003158  6.5
  22.028093  5
  29.005315  5
  61.724350  5
  104.489999  5
  162.604012  5
  0.005729  5.5
  36.796984  5.5
  60.912273  5.5
  104.510902  5.5
  162.603862  5.5
  16.045229  4
  24.908013  4
  55.640532  4
  98.970329  4
  0.022342  4.5
  29.150892  4.5
  55.400284  4.5
  98.972970  4.5
  10.884077  3
  21.470165  3
  51.133736  3
  0.081147  3.5
  23.300776  3.5
  51.092844  3.5
  6.759917  2
  18.810594  2
  0.265450  2.5
  19.296253  2.5
  3.758813  1
  0.754409  1.5
