  59.757925  10
  61.995368  10
  131.002108  10
  177.764848  10
  253.913481  10
  349.262135  10
  464.298719  10
  598.778779  10
  752.619897  10
  925.780372  10
  0.000046  10.5
  100.003148  10.5
  117.423544  10.5
  179.564861  10.5
  253.819163  10.5
  349.264688  10.5
  464.298680  10.5
  598.778780  10.5
  752.619897  10.5
  925.780372  10.5
  52.395725  9
  55.773284  9
  115.874654  9
  166.155856  9
  242.385444  9
  338.038702  9
  453.228179  9
  587.804201  9
  741.709355  9
  0.000161  9.5
  85.885531  9.5
  107.068745  9.5
  167.020203  9.5
  242.351237  9.5
  338.039388  9.5
  453.228171  9.5
  587.804201  9.5
  741.709355  9.5
  44.907592  8
  49.798467  8
  102.792948  8
  155.821200  8
  232.211123  8
  328.077390  8
  443.380660  8
  578.028061  8
  0.000561  8.5
  72.690954  8.5
  97.551046  8.5
  156.191784  8.5
  232.200476  8.5
  328.077538  8.5
  443.380659  8.5
  578.028061  8.5
  37.402987  7
  44.150123  7
  91.773800  7
  146.771818  7
  223.336481  7
  319.351088  7
  434.736763  7
  0.001914  7.5
  60.685726  7.5
  88.970084  7.5
  146.909349  7.5
  223.333797  7.5
  319.351111  7.5
  434.736763  7.5
  30.082861  6
  38.916028  6
  82.720403  6
  139.000867  6
  215.719453  6
  311.835949  6
  0.006378  6.5
  50.086991  6.5
  81.412284  6.5
  139.042722  6.5
  215.718962  6.5
  311.835951  6.5
  23.209223  5
  34.188722  5
  75.454650  5
  132.489027  5
  209.326620  5
  0.020572  5.5
  41.064836  5.5
  74.947617  5.5
  132.498421  5.5
  209.326571  5.5
  17.046043  4
  30.062582  4
  69.775410  4
  127.210376  4
  0.063360  4.5
  33.743934  4.5
  69.627377  4.5
  127.211558  4.5
  11.805258  3
  26.633763  3
  65.508347  3
  0.182845  3.5
  28.195054  3.5
  65.483333  3.5
  7.615294  2
  24.005123  2
  0.483157  2.5
  24.413169  2.5
  4.506860  1
  1.144814  1.5
