  58.172622  10
  59.828953  10
  127.647032  10
  168.751970  10
  238.583885  10
  325.844833  10
  431.251457  10
  554.519382  10
  695.559411  10
  854.326218  10
  0.000022  10.5
  98.377155  10.5
  112.710474  10.5
  171.004670  10.5
  238.452006  10.5
  325.848780  10.5
  431.251390  10.5
  554.519382  10.5
  695.559411  10.5
  854.326218  10.5
  51.141391  9
  53.738479  9
  112.199633  9
  157.001641  9
  226.850110  9
  314.456190  9
  420.030156  9
  543.403215  9
  684.513348  9
  0.000084  9.5
  84.457536  9.5
  102.385251  9.5
  158.092568  9.5
  226.802137  9.5
  314.457253  9.5
  420.030144  9.5
  543.403215  9.5
  684.513348  9.5
  43.962530  8
  47.866672  8
  98.776446  8
  146.528617  8
  216.512732  8
  304.356039  8
  410.054227  8
  533.505203  8
  0.000313  8.5
  71.340829  8.5
  92.859794  8.5
  146.999061  8.5
  216.497769  8.5
  304.356268  8.5
  410.054225  8.5
  533.505203  8.5
  36.714088  7
  42.292773  7
  87.443819  7
  137.353379  7
  207.508058  7
  295.514284  7
  401.302060  7
  0.001145  7.5
  59.328369  7.5
  84.244266  7.5
  137.528643  7.5
  207.504279  7.5
  295.514319  7.5
  401.302059  7.5
  29.575048  6
  37.107028  6
  78.141098  6
  129.474808  6
  199.787542  6
  287.904407  6
  0.004090  6.5
  48.668767  6.5
  76.635781  6.5
  129.528281  6.5
  199.786850  6.5
  287.904410  6.5
  22.808199  5
  32.406405  5
  70.700994  5
  122.875806  5
  193.313269  5
  0.014137  5.5
  39.557117  5.5
  70.114265  5.5
  122.887827  5.5
  193.313200  5.5
  16.698442  4
  28.290625  4
  64.911337  4
  117.530066  4
  0.046631  4.5
  32.138296  4.5
  64.739462  4.5
  117.531580  4.5
  11.485560  3
  24.860993  3
  60.578560  3
  0.143811  3.5
  26.500963  3.5
  60.549463  3.5
  7.321690  2
  22.224700  2
  0.404014  2.5
  22.655125  2.5
  4.252089  1
  1.008464  1.5
