  43.188546  10
  43.194813  10
  110.665492  10
  113.116333  10
  148.233488  10
  173.523405  10
  210.416635  10
  254.047361  10
  304.501925  10
  361.586732  10
  0.000000  10.5
  80.644481  10.5
  80.841538  10.5
  130.824411  10.5
  142.397253  10.5
  174.313990  10.5
  210.367293  10.5
  254.049004  10.5
  304.501897  10.5
  361.586732  10.5
  38.581635  9
  38.600448  9
  95.495757  9
  100.097461  9
  129.916930  9
  158.183100  9
  195.462141  9
  239.505550  9
  290.212694  9
  0.000000  9.5
  71.214642  9.5
  71.709166  9.5
  111.599606  9.5
  127.292281  9.5
  158.415860  9.5
  195.452400  9.5
  239.505749  9.5
  290.212692  9.5
  33.958982  8
  34.013584  8
  80.262184  8
  87.791379  8
  114.639074  8
  144.711642  8
  182.363160  8
  226.687708  8
  0.000000  8.5
  61.567935  8.5
  62.717161  8.5
  94.274648  8.5
  113.694947  8.5
  144.764983  8.5
  182.361813  8.5
  226.687720  8.5
  29.298974  7
  29.450479  7
  65.688522  7
  76.494569  7
  102.042534  7
  133.071129  7
  171.012183  7
  0.000000  7.5
  51.616957  7.5
  54.009146  7.5
  79.494893  7.5
  101.781902  7.5
  133.079715  7.5
  171.012084  7.5
  24.555536  6
  24.949899  6
  52.563204  6
  66.484598  6
  91.675979  6
  123.186194  6
  0.000002  6.5
  41.490567  6.5
  45.796754  6.5
  67.546699  6.5
  91.625578  6.5
  123.186931  6.5
  19.659348  5
  20.591529  5
  41.527501  5
  57.973207  5
  83.214853  5
  0.000021  5.5
  31.708786  5.5
  38.340232  5.5
  58.233715  5.5
  83.209619  5.5
  14.607670  4
  16.512456  4
  32.984130  4
  51.074886  4
  0.000241  4.5
  22.982123  4.5
  31.908254  4.5
  51.109272  4.5
  9.683587  3
  12.905276  3
  26.932321  3
  0.002561  3.5
  15.899353  3.5
  26.734831  3.5
  5.468410  2
  9.991822  2
  0.023736  2.5
  10.846869  2.5
  2.463948  1
  0.169135  1.5
