  83.558027  10
  119.601910  10
  263.572903  10
  459.067570  10
  723.177652  10
  1053.822106  10
  1450.829531  10
  1914.120689  10
  2443.660270  10
  3039.430501  10
  0.058107  10.5
  146.652501  10.5
  261.087064  10.5
  459.138699  10.5
  723.176708  10.5
  1053.822112  10.5
  1450.829531  10.5
  1914.120689  10.5
  2443.660270  10.5
  3039.430501  10.5
  72.065376  9
  111.880571  9
  252.281144  9
  448.777575  9
  713.058169  9
  1043.798526  9
  1440.860967  9
  1904.186688  9
  2433.749397  9
  0.105074  9.5
  132.299762  9.5
  250.811147  9.5
  448.810540  9.5
  713.057832  9.5
  1043.798528  9.5
  1440.860967  9.5
  1904.186688  9.5
  2433.749397  9.5
  61.289014  8
  104.735333  8
  242.404106  8
  439.613194  8
  704.033965  8
  1034.850106  8
  1431.956109  8
  1895.309197  8
  0.187409  8.5
  119.541859  8.5
  241.593526  8.5
  439.626976  8.5
  704.033861  8.5
  1034.850106  8.5
  1431.956109  8.5
  1895.309197  8.5
  51.330198  7
  98.212326  7
  233.857914  7
  431.561668  7
  696.094882  7
  1026.970142  7
  1424.110156  7
  0.328803  7.5
  108.412027  7.5
  233.449126  7.5
  431.566693  7.5
  696.094856  7.5
  1026.970142  7.5
  1424.110156  7.5
  42.269831  6
  92.358985  6
  226.571096  6
  424.610798  6
  689.232050  6
  1020.152732  6
  0.565713  6.5
  98.925524  6.5
  226.388184  6.5
  424.612309  6.5
  689.232045  6.5
  1020.152732  6.5
  34.166012  5
  87.225151  5
  220.485543  5
  418.749389  5
  683.437840  5
  0.951347  5.5
  91.075943  5.5
  220.416592  5.5
  418.749726  5.5
  683.437840  5.5
  27.052484  4
  82.864619  4
  215.556219  4
  413.967589  4
  1.558663  4.5
  84.832186  4.5
  215.536441  4.5
  413.967631  4.5
  20.937567  3
  79.337073  3
  211.750071  3
  2.480820  3.5
  80.137633  3.5
  211.746765  3.5
  15.803445  2
  76.710185  2
  3.827848  2.5
  76.912787  2.5
  11.605962  1
  5.719465  1.5
