  39.003945  10
  39.003950  10
  104.057687  10
  104.071499  10
  149.269281  10
  151.751438  10
  174.373608  10
  192.558458  10
  217.042147  10
  245.332839  10
  0.000000  10.5
  73.723807  10.5
  73.724183  10.5
  129.685098  10.5
  129.950511  10.5
  162.068595  10.5
  171.519291  10.5
  192.867584  10.5
  217.027869  10.5
  245.333089  10.5
  34.889354  9
  34.889386  9
  91.629544  9
  91.694322  9
  126.867202  9
  132.337075  9
  151.722580  9
  172.318598  9
  197.410457  9
  0.000000  9.5
  65.483753  9.5
  65.485907  9.5
  112.645182  9.5
  113.578258  9.5
  137.324131  9.5
  150.961288  9.5
  172.362087  9.5
  197.409572  9.5
  30.774142  8
  30.774346  8
  79.086827  8
  79.358729  8
  105.167685  8
  114.381356  8
  132.933257  8
  154.700006  8
  0.000000  8.5
  57.234259  8.5
  57.245878  8.5
  95.033261  8.5
  97.643057  8.5
  116.057827  8.5
  132.807137  8.5
  154.703072  8.5
  26.657596  7
  26.658863  7
  66.242186  7
  67.203694  7
  85.824097  7
  98.460437  7
  117.213229  7
  0.000000  7.5
  48.956219  7.5
  49.013928  7.5
  77.239541  7.5
  82.650237  7.5
  98.801888  7.5
  117.202912  7.5
  22.536897  6
  22.544354  6
  52.961880  6
  55.552771  6
  70.041739  6
  84.913895  6
  0.000000  6.5
  40.582755  6.5
  40.836187  6.5
  60.638814  6.5
  69.207568  6.5
  84.947318  6.5
  18.399553  5
  18.439942  5
  39.907135  5
  44.923546  5
  57.922234  5
  0.000000  5.5
  31.955078  5.5
  32.862905  5.5
  46.672243  5.5
  57.819772  5.5
  14.196270  4
  14.387538  4
  28.453922  4
  35.886758  4
  0.000000  4.5
  23.092862  4.5
  25.430927  4.5
  36.174767  4.5
  9.820268  3
  10.527085  3
  19.742172  3
  0.000019  3.5
  14.876797  3.5
  19.043260  3.5
  5.460179  2
  7.169103  2
  0.000891  2.5
  8.515427  2.5
  2.085521  1
  0.029039  1.5
