  66.611483  10
  73.238382  10
  151.895923  10
  227.944196  10
  338.564427  10
  477.365549  10
  644.342813  10
  839.347362  10
  1062.318912  10
  1313.227126  10
  0.000669  10.5
  108.345148  10.5
  143.290686  10.5
  228.624397  10.5
  338.541486  10.5
  477.365959  10.5
  644.342809  10.5
  839.347362  10.5
  1062.318912  10.5
  1313.227126  10.5
  57.774646  9
  66.493562  9
  138.217557  9
  216.871392  9
  327.690435  9
  466.686587  9
  633.770597  9
  828.842122  9
  1051.858452  9
  0.001828  9.5
  93.776757  9.5
  132.889126  9.5
  217.191136  9.5
  327.682180  9.5
  466.686697  9.5
  633.770596  9.5
  828.842122  9.5
  1051.858452  9.5
  49.029843  8
  60.114754  8
  126.486803  8
  207.033796  8
  318.043819  8
  457.183808  8
  624.348484  8
  819.470655  8
  0.004924  8.5
  80.490747  8.5
  123.441888  8.5
  207.168872  8.5
  318.041264  8.5
  457.183831  8.5
  624.348484  8.5
  819.470655  8.5
  40.567740  7
  54.173500  7
  116.586978  7
  198.420470  7
  309.594993  7
  448.839719  7
  616.064000  7
  0.013024  7.5
  68.639448  7.5
  115.010625  7.5
  198.470097  7.5
  309.594352  7.5
  448.839723  7.5
  616.064000  7.5
  32.603172  6
  48.743451  6
  108.364058  6
  191.014051  6
  302.319375  6
  441.638961  6
  0.033634  6.5
  58.345552  6.5
  107.645639  6.5
  191.029052  6.5
  302.319258  6.5
  441.638961  6.5
  25.341707  5
  43.899192  5
  101.659132  5
  184.793834  5
  296.196491  5
  0.084148  5.5
  49.701815  5.5
  101.384918  5.5
  184.797186  5.5
  296.196479  5.5
  18.952391  4
  39.716559  4
  96.333147  4
  179.738565  4
  0.201869  4.5
  42.765323  4.5
  96.253837  4.5
  179.738986  4.5
  13.551120  3
  36.275183  3
  92.279081  3
  0.458633  3.5
  37.545512  3.5
  92.265753  3.5
  9.192142  2
  33.663774  2
  0.974539  2.5
  33.991054  2.5
  5.863656  1
  1.918495  1.5
