  475.466164  10
  2489.877463  10
  6819.672993  10
  13315.391909  10
  21977.349595  10
  32805.115819  10
  45798.569158  10
  60957.664012  10
  78282.380097  10
  97772.707267  10
  140.583972  10.5
  2495.485666  10.5
  6819.659954  10.5
  13315.391920  10.5
  21977.349595  10.5
  32805.115819  10.5
  45798.569158  10.5
  60957.664012  10.5
  78282.380097  10.5
  97772.707267  10.5
  451.183133  9
  2479.914505  9
  6809.749719  9
  13305.676154  9
  21967.716062  9
  32795.523463  9
  45789.000351  9
  60948.109929  9
  78272.835833  9
  150.748114  9.5
  2483.998811  9.5
  6809.742111  9.5
  13305.676159  9.5
  21967.716062  9.5
  32795.523463  9.5
  45789.000351  9.5
  60948.109929  9.5
  78272.835833  9.5
  427.780518  8
  2470.933869  8
  6800.874278  8
  13296.984491  8
  21959.097436  8
  32786.941404  8
  45780.439200  8
  60939.561851  8
  161.492520  8.5
  2473.796402  8.5
  6800.870128  8.5
  13296.984493  8.5
  21959.097436  8.5
  32786.941404  8.5
  45780.439200  8.5
  60939.561851  8.5
  405.246559  7
  2462.950384  7
  6793.045513  7
  13289.316459  7
  21951.493435  7
  32779.369449  7
  45772.885567  7
  172.837295  7.5
  2464.860811  7.5
  6793.043437  7.5
  13289.316460  7.5
  21951.493435  7.5
  32779.369449  7.5
  45772.885567  7.5
  383.568788  6
  2455.979195  6
  6786.262434  6
  13282.671652  6
  21944.903806  6
  32772.807431  6
  184.802360  6.5
  2457.174334  6.5
  6786.261512  6.5
  13282.671652  6.5
  21944.903806  6.5
  32772.807431  6.5
  362.734051  5
  2450.035746  5
  6780.524213  5
  13277.049719  5
  21939.328333  5
  197.407407  5.5
  2450.719227  5.5
  6780.523867  5.5
  13277.049719  5.5
  21939.328333  5.5
  342.728518  4
  2445.135782  4
  6775.830172  4
  13272.450361  4
  210.671847  4.5
  2445.477745  4.5
  6775.830073  4.5
  13272.450361  4.5
  323.537708  3
  2441.295332  3
  6772.179775  3
  224.614765  3.5
  2441.432186  3.5
  6772.179758  3.5
  305.146510  2
  2438.530696  2
  239.254880  2.5
  2438.564922  2.5
  287.539201  1
  254.610499  1.5
