  21727.093689  10
  182447.055992  10
  506694.112639  10
  993069.417586  10
  1641570.796658  10
  2452197.833086  10
  3424950.407792  10
  4559828.476118  10
  5856832.018219  10
  7315961.024170  10
  18879.263812  10.5
  182447.707908  10.5
  506694.112619  10.5
  993069.417586  10.5
  1641570.796658  10.5
  2452197.833086  10.5
  3424950.407792  10.5
  4559828.476118  10.5
  5856832.018219  10.5
  7315961.024170  10.5
  21577.521796  9
  182436.456864  9
  506684.216473  9
  993059.719431  9
  1641561.177711  9
  2452188.253744  9
  3424940.851080  9
  4559818.933552  9
  5856822.485082  9
  19014.587495  9.5
  182436.930994  9.5
  506684.216461  9.5
  993059.719431  9.5
  1641561.177711  9.5
  2452188.253744  9.5
  3424940.851080  9.5
  4559818.933552  9.5
  5856822.485082  9.5
  21428.717407  8
  182426.965081  8
  506675.362043  8
  993051.042153  8
  1641552.571296  8
  2452179.682761  8
  3424932.300344  8
  4559810.395470  8
  19150.643133  8.5
  182427.296977  8.5
  506675.362037  8.5
  993051.042153  8.5
  1641552.571296  8.5
  2452179.682761  8.5
  3424932.300344  8.5
  4559810.395470  8.5
  21280.678607  7
  182418.582595  7
  506667.549338  7
  993043.385746  7
  1641544.977409  7
  2452172.120134  7
  3424924.755581  7
  19287.432756  7.5
  182418.803862  7.5
  506667.549335  7.5
  993043.385746  7.5
  1641544.977409  7.5
  2452172.120134  7.5
  3424924.755581  7.5
  21133.403474  6
  182411.311360  6
  506660.778349  6
  993036.750204  6
  1641538.396047  6
  2452165.565863  6
  19424.958393  6.5
  182411.449654  6.5
  506660.778347  6.5
  993036.750204  6.5
  1641538.396047  6.5
  2452165.565863  6.5
  20986.890078  5
  182405.153336  5
  506655.049065  5
  993031.135523  5
  1641532.827207  5
  19563.222062  5.5
  182405.232361  5.5
  506655.049064  5.5
  993031.135523  5.5
  1641532.827207  5.5
  20841.136482  4
  182400.110482  4
  506650.361479  4
  993026.541698  4
  19702.225777  4.5
  182400.149995  4.5
  506650.361479  4.5
  993026.541698  4.5
  20696.140744  3
  182396.184762  3
  506646.715585  3
  19841.971544  3.5
  182396.200567  3.5
  506646.715585  3.5
  20551.900911  2
  182393.378143  2
  19982.461363  2.5
  182393.382094  2.5
  20408.415025  1
  20123.697227  1.5
