  136.520866  10
  356.507610  10
  905.566870  10
  1722.666918  10
  2813.456959  10
  4177.309539  10
  5814.087111  10
  7723.737288  10
  9906.236674  10
  12361.573534  10
  4.202263  10.5
  371.678013  10.5
  905.273103  10.5
  1722.668850  10.5
  2813.456953  10.5
  4177.309539  10.5
  5814.087111  10.5
  7723.737288  10.5
  9906.236674  10.5
  12361.573534  10.5
  122.029382  9
  347.605867  9
  895.409099  9
  1712.826489  9
  2803.719984  9
  4167.624995  9
  5804.432667  9
  7714.101710  9
  9896.613696  9
  5.351180  9.5
  358.758848  9.5
  895.237391  9.5
  1712.827382  9.5
  2803.719982  9.5
  4167.624995  9.5
  5804.432667  9.5
  7714.101710  9.5
  9896.613696  9.5
  108.511458  8
  339.491571  8
  886.357859  8
  1704.032892  8
  2795.014817  8
  4158.964505  8
  5795.797808  8
  7705.482910  8
  6.769323  8.5
  347.375122  8.5
  886.264038  8.5
  1704.033264  8.5
  2795.014817  8.5
  4158.964505  8.5
  5795.797808  8.5
  7705.482910  8.5
  95.966786  7
  332.194296  7
  878.399208  7
  1696.282491  7
  2787.339167  7
  4151.326524  7
  5788.181425  7
  8.504278  7.5
  337.495619  7.5
  878.352227  7.5
  1696.282627  7.5
  2787.339167  7.5
  4151.326524  7.5
  5788.181425  7.5
  84.388977  6
  325.745522  6
  871.521591  6
  1689.572058  6
  2780.691014  6
  4144.709692  6
  10.607502  6.5
  329.083837  6.5
  871.500685  6.5
  1689.572098  6.5
  2780.691014  6.5
  4144.709692  6.5
  73.765520  5
  320.178860  5
  865.715651  5
  1683.898779  5
  2775.068609  5
  13.133546  5.5
  322.098652  5.5
  865.707803  5.5
  1683.898788  5.5
  2775.068609  5.5
  64.077782  4
  315.530252  4
  860.974023  4
  1679.260268  4
  16.139098  4.5
  316.495162  4.5
  860.971779  4.5
  1679.260269  4.5
  55.301059  3
  311.838108  3
  857.291138  3
  19.681891  3.5
  312.225638  3.5
  857.290764  3.5
  47.404714  2
  309.143375  2
  23.819543  2.5
  309.240538  2.5
  40.352411  1
  28.608406  1.5
