  70.251550  10
  80.829700  10
  168.281295  10
  263.951176  10
  398.841689  10
  568.021501  10
  771.390117  10
  1008.824518  10
  1280.272588  10
  1585.708101  10
  0.002231  10.5
  114.177188  10.5
  161.694561  10.5
  264.356588  10.5
  398.830714  10.5
  568.021659  10.5
  771.390116  10.5
  1008.824518  10.5
  1280.272588  10.5
  1585.708101  10.5
  60.679470  9
  73.835672  9
  155.313548  9
  253.111253  9
  388.209745  9
  557.550248  9
  761.008725  9
  998.499537  9
  1269.985343  9
  0.005444  9.5
  99.549056  9.5
  151.304021  9.5
  253.300745  9.5
  388.205805  9.5
  557.550290  9.5
  761.008725  9.5
  998.499537  9.5
  1269.985343  9.5
  51.361887  8
  67.264428  8
  144.167703  8
  243.479047  8
  378.761506  8
  548.222853  8
  751.749897  8
  989.283777  8
  0.013096  8.5
  86.319690  8.5
  141.907540  8.5
  243.558772  8.5
  378.760288  8.5
  548.222862  8.5
  751.749897  8.5
  989.283777  8.5
  42.488747  7
  61.181134  7
  134.709831  7
  235.039961  7
  370.474414  7
  540.025353  7
  743.603667  7
  0.030932  7.5
  74.602571  7.5
  133.551529  7.5
  235.069167  7.5
  370.474109  7.5
  540.025354  7.5
  743.603667  7.5
  34.248042  6
  55.651822  6
  126.796868  6
  227.776201  6
  363.329344  6
  532.945479  6
  0.071365  6.5
  64.487557  6.5
  126.272672  6.5
  227.785012  6.5
  363.329289  6.5
  532.945479  6.5
  26.804219  5
  50.743274  5
  120.296723  5
  221.668871  5
  357.310155  5
  0.159723  5.5
  56.037978  5.5
  120.097568  5.5
  221.670837  5.5
  357.310149  5.5
  20.283460  4
  46.524219  4
  115.100336  4
  216.699742  4
  0.343858  4.5
  49.283416  4.5
  115.042906  4.5
  216.699989  4.5
  14.765337  3
  43.068209  3
  111.125952  3
  0.705430  3.5
  44.209558  3.5
  111.116318  3.5
  10.278356  2
  40.458299  2
  1.367155  2.5
  40.750706  2.5
  6.797424  1
  2.488027  1.5
