  177.555842  10
  576.000009  10
  1511.160841  10
  2910.176340  10
  4776.677448  10
  7110.147107  10
  9910.455298  10
  13177.552891  10
  16911.417982  10
  21112.039597  10
  12.604896  10.5
  587.824378  10.5
  1511.029992  10.5
  2910.176840  10.5
  4776.677447  10.5
  7110.147107  10.5
  9910.455298  10.5
  13177.552891  10.5
  16911.417982  10.5
  21112.039597  10.5
  161.492178  9
  566.748260  9
  1501.121643  9
  2900.395348  9
  4766.989839  9
  7100.506535  9
  9900.841689  9
  13167.956165  9
  16901.832526  9
  14.982504  9.5
  575.402881  9.5
  1501.045231  9.5
  2900.395579  9.5
  4766.989838  9.5
  7100.506535  9.5
  9900.841689  9.5
  13167.956165  9.5
  16901.832526  9.5
  146.390909  8
  558.346175  8
  1492.158529  8
  2891.650362  8
  4758.325960  8
  7091.883447  8
  9892.241971  8
  13159.371078  8
  17.733976  8.5
  564.439190  8.5
  1492.116810  8.5
  2891.650458  8.5
  4758.325960  8.5
  7091.883447  8.5
  9892.241971  8.5
  13159.371078  8.5
  132.242478  7
  550.819346  7
  1484.264386  7
  2883.939246  7
  4750.684483  7
  7084.276947  7
  9884.655501  7
  20.900868  7.5
  554.901950  7.5
  1484.243509  7.5
  2883.939281  7.5
  4750.684483  7.5
  7084.276947  7.5
  9884.655501  7.5
  119.033768  6
  544.194708  6
  1477.433272  6
  2877.260111  6
  4744.064236  6
  7077.686245  6
  24.526047  6.5
  546.757547  6.5
  1477.423987  6.5
  2877.260122  6.5
  4744.064236  6.5
  7077.686245  6.5
  106.748117  5
  538.500608  5
  1471.660330  5
  2871.611316  5
  4738.464205  5
  28.653213  5.5
  539.970530  5.5
  1471.656846  5.5
  2871.611318  5.5
  4738.464205  5.5
  95.365362  4
  533.766855  4
  1466.941691  4
  2866.991471  4
  33.326392  4.5
  534.504049  4.5
  1466.940696  4.5
  2866.991471  4.5
  84.861909  3
  530.024735  3
  1463.274392  3
  38.589423  3.5
  530.320309  3.5
  1463.274226  3.5
  75.210839  2
  527.306996  2
  44.485436  2.5
  527.381013  2.5
  66.382061  1
  51.056368  1.5
