  38.391988  10
  38.391988  10
  102.813423  10
  102.813976  10
  150.116221  10
  150.440082  10
  175.756513  10
  184.850184  10
  202.733980  10
  223.255786  10
  0.000000  10.5
  72.674831  10.5
  72.674841  10.5
  128.729033  10.5
  128.747160  10.5
  165.714980  10.5
  168.434200  10.5
  186.508385  10.5
  202.601100  10.5
  223.259363  10.5
  34.347333  9
  34.347334  9
  90.656799  9
  90.660984  9
  129.103921  9
  130.404632  9
  148.569424  9
  161.572395  9
  179.895645  9
  0.000000  9.5
  64.581810  9.5
  64.581894  9.5
  112.421644  9.5
  112.528264  9.5
  139.702858  9.5
  145.794800  9.5
  161.862532  9.5
  179.886443  9.5
  30.302473  8
  30.302481  8
  78.477662  8
  78.506265  8
  107.469670  8
  111.113706  8
  125.770343  8
  141.204696  8
  0.000000  8.5
  56.486513  8.5
  56.487236  8.5
  95.887735  8.5
  96.408414  8.5
  115.300891  8.5
  125.172469  8.5
  141.227839  8.5
  26.257254  7
  26.257331  7
  66.215391  7
  66.383898  7
  86.427116  7
  93.350229  7
  107.262241  7
  0.000000  7.5
  48.385457  7.5
  48.391231  7.5
  78.830777  7.5
  80.699277  7.5
  94.486814  7.5
  107.205732  7.5
  22.211171  6
  22.211895  6
  53.671893  6
  54.449519  6
  67.976287  6
  77.879030  6
  0.000000  6.5
  40.261931  6.5
  40.303015  6.5
  61.657837  6.5
  66.033383  6.5
  78.011482  6.5
  18.161461  5
  18.167740  5
  40.750701  5
  43.132916  5
  53.496312  5
  0.000000  5.5
  32.037976  5.5
  32.280936  5.5
  46.076238  5.5
  53.203857  5.5
  14.090816  4
  14.138662  4
  28.530613  4
  33.144211  4
  0.000000  4.5
  23.529148  4.5
  24.553225  4.5
  33.733832  4.5
  9.917238  3
  10.203868  3
  18.687036  3
  0.000001  3.5
  15.095586  3.5
  17.646481  3.5
  5.600079  2
  6.643404  2
  0.000136  2.5
  8.199298  2.5
  2.033158  1
  0.011134  1.5
