  1533.675479  10
  10449.494553  10
  28925.927837  10
  56643.749091  10
  93601.821543  10
  139799.726156  10
  195237.343327  10
  259914.628189  10
  333831.560797  10
  416988.131178  10
  851.147366  10.5
  10452.221838  10.5
  28925.926359  10.5
  56643.749091  10.5
  93601.821543  10.5
  139799.726156  10.5
  195237.343327  10.5
  259914.628189  10.5
  333831.560797  10.5
  416988.131178  10.5
  1492.204717  9
  10439.169582  9
  28916.025916  9
  56634.046997  9
  93592.199331  9
  139790.143900  9
  195227.783908  9
  259905.083044  9
  333822.025169  9
  878.399386  9.5
  10441.153700  9.5
  28916.025054  9.5
  56634.046997  9.5
  93592.199331  9.5
  139790.143900  9.5
  195227.783908  9.5
  259905.083044  9.5
  333822.025169  9.5
  1451.553286  8
  10429.897533  8
  28907.166982  8
  56625.366500  8
  93583.590182  8
  139781.570438  8
  195219.230840  8
  259896.542725  8
  906.322630  8.5
  10431.286815  8.5
  28907.166512  8.5
  56625.366500  8.5
  93583.590182  8.5
  139781.570438  8.5
  195219.230840  8.5
  259896.542725  8.5
  1411.714064  7
  10421.686210  7
  28899.350801  7
  56617.707491  7
  93575.994031  7
  139774.005723  7
  195211.684092  7
  934.926262  7.5
  10422.612633  7.5
  28899.350566  7.5
  56617.707491  7.5
  93575.994031  7.5
  139774.005723  7.5
  195211.684092  7.5
  1372.679781  6
  10414.543481  6
  28892.577171  6
  56611.069875  6
  93569.410819  6
  139767.449717  6
  964.219360  6.5
  10415.122622  6.5
  28892.577067  6.5
  56611.069875  6.5
  93569.410819  6.5
  139767.449717  6.5
  1334.443022  5
  10408.477274  5
  28886.845920  5
  56605.453570  5
  93563.840494  5
  994.210909  5.5
  10408.808273  5.5
  28886.845880  5.5
  56605.453570  5.5
  93563.840494  5.5
  1296.996232  4
  10403.495578  4
  28882.156903  4
  56600.858506  4
  1024.909796  4.5
  10403.661103  4.5
  28882.156891  4.5
  56600.858506  4.5
  1260.331716  3
  10399.606440  3
  28878.510005  3
  1056.324808  3.5
  10399.672658  3.5
  28878.510003  3.5
  1224.441644  2
  10396.817963  2
  1088.464627  2.5
  10396.834518  2.5
  1189.318053  1
  1121.337822  1.5
