  38.097655  10
  38.097655  10
  102.203588  10
  102.203592  10
  150.076144  10
  150.087552  10
  180.016540  10
  182.163868  10
  195.878099  10
  208.505787  10
  -0.000000  10.5
  72.168321  10.5
  72.168321  10.5
  128.186830  10.5
  128.187129  10.5
  167.670372  10.5
  167.905791  10.5
  187.602026  10.5
  194.827465  10.5
  208.559389  10.5
  34.086540  9
  34.086540  9
  90.165246  9
  90.165313  9
  129.906598  9
  130.005547  9
  150.602075  9
  155.970549  9
  168.357071  9
  -0.000000  9.5
  64.145202  9.5
  64.145202  9.5
  112.121423  9.5
  112.124995  9.5
  142.865712  9.5
  144.099976  9.5
  157.534323  9.5
  168.259294  9.5
  30.075376  8
  30.075376  8
  78.123738  8
  78.124665  8
  109.444148  8
  110.078375  8
  123.516459  8
  132.317695  8
  -0.000000  8.5
  56.121601  8.5
  56.121612  8.5
  96.027096  8.5
  96.063379  8.5
  117.567106  8.5
  121.319542  8.5
  132.491627  8.5
  26.064132  7
  26.064133  7
  66.071915  7
  66.083030  7
  88.420856  7
  90.842551  7
  100.970991  7
  0.000000  7.5
  48.097082  7.5
  48.097265  7.5
  79.789682  7.5
  80.074177  7.5
  93.749268  7.5
  100.671749  7.5
  22.052739  6
  22.052762  6
  53.962726  6
  54.069966  6
  68.140428  6
  73.308263  6
  0.000000  6.5
  40.069740  6.5
  40.072362  6.5
  63.104552  6.5
  64.506910  6.5
  73.800418  6.5
  18.040894  5
  18.041287  5
  41.584022  5
  42.281238  5
  50.972287  5
  0.000000  5.5
  32.024866  5.5
  32.056403  5.5
  46.601211  5.5
  50.209830  5.5
  14.025718  4
  14.031737  4
  29.059279  4
  31.355480  4
  0.000000  4.5
  23.861200  4.5
  24.137170  4.5
  32.451908  4.5
  9.977580  3
  10.050559  3
  18.172272  3
  0.000000  3.5
  15.461633  3.5
  16.722328  3.5
  5.772739  2
  6.287654  2
  0.000008  2.5
  8.049418  2.5
  2.008233  1
  0.002749  1.5
