  39.747346  10
  39.747401  10
  105.505977  10
  105.593582  10
  147.680574  10
  154.270748  10
  178.015332  10
  202.868156  10
  233.228707  10
  268.017550  10
  0.000000  10.5
  74.989476  10.5
  74.992744  10.5
  130.422474  10.5
  131.585290  10.5
  160.561005  10.5
  176.951948  10.5
  202.944061  10.5
  233.226136  10.5
  268.017584  10.5
  35.547356  9
  35.547634  9
  92.680617  9
  92.988215  9
  125.158175  9
  135.782122  9
  158.410820  9
  184.612131  9
  215.477958  9
  0.000000  9.5
  66.565436  9.5
  66.579632  9.5
  112.352727  9.5
  115.260871  9.5
  138.291676  9.5
  158.168626  9.5
  184.622063  9.5
  215.477805  9.5
  31.345910  8
  31.347286  8
  79.577596  8
  80.530297  8
  104.644354  8
  119.108203  8
  141.769735  8
  168.675346  8
  0.000000  8.5
  58.114061  8.5
  58.172001  8.5
  93.962753  8.5
  99.743011  8.5
  119.810068  8.5
  141.733093  8.5
  168.676015  8.5
  27.140777  7
  27.147290  7
  66.026171  7
  68.460637  7
  87.289112  7
  104.572542  7
  127.612828  7
  0.000000  7.5
  49.585205  7.5
  49.801898  7.5
  76.332953  7.5
  85.530626  7.5
  104.699430  7.5
  127.609984  7.5
  22.923894  6
  22.952996  6
  52.340875  6
  57.171412  6
  73.480569  6
  92.280050  6
  0.000000  6.5
  40.857234  6.5
  41.566216  6.5
  60.763535  6.5
  73.080311  6.5
  92.291707  6.5
  18.667121  5
  18.786496  5
  39.579480  5
  47.136395  5
  62.723440  5
  0.000000  5.5
  31.813218  5.5
  33.684658  5.5
  48.224595  5.5
  62.678133  5.5
  14.293929  4
  14.719637  4
  28.879745  4
  38.778339  4
  0.000003  4.5
  22.816971  4.5
  26.520384  4.5
  38.940429  4.5
  9.741283  3
  10.927919  3
  21.009629  3
  0.000102  3.5
  14.875167  3.5
  20.508165  3.5
  5.394589  2
  7.712771  2
  0.002696  2.5
  8.907733  2.5
  2.150122  1
  0.051657  1.5
