  97.548073  10
  173.748168  10
  406.804446  10
  742.908515  10
  1193.186560  10
  1756.469943  10
  2432.599440  10
  3221.511025  10
  4123.176038  10
  5137.580067  10
  0.398224  10.5
  195.911900  10.5
  405.688910  10.5
  742.926675  10.5
  1193.186421  10.5
  1756.469944  10.5
  2432.599440  10.5
  3221.511025  10.5
  4123.176038  10.5
  5137.580067  10.5
  84.954006  9
  165.538044  9
  396.174393  9
  732.863592  9
  1183.278113  9
  1746.633021  9
  2422.803656  9
  3211.741072  9
  4113.423358  9
  0.608518  9.5
  182.054654  9.5
  395.519655  9.5
  732.871990  9.5
  1183.278064  9.5
  1746.633021  9.5
  2422.803656  9.5
  3211.741072  9.5
  4113.423358  9.5
  73.255260  8
  157.994455  8
  386.778022  8
  723.902189  8
  1174.429721  8
  1737.843023  8
  2414.047240  8
  3203.005733  8
  0.919155  8.5
  169.819119  8.5
  386.419067  8.5
  723.905694  8.5
  1174.429706  8.5
  1737.843023  8.5
  2414.047240  8.5
  3203.005733  8.5
  62.495236  7
  151.154885  7
  378.571777  7
  716.015930  7
  1166.635665  7
  1730.096121  7
  2406.327444  7
  1.370373  7.5
  159.200168  7.5
  378.391544  7.5
  716.017207  7.5
  1166.635661  7.5
  1730.096121  7.5
  2406.327444  7.5
  52.703445  6
  145.058984  6
  371.519649  6
  709.197186  6
  1159.890919  6
  1723.388946  6
  2.013677  6.5
  150.178569  6.5
  371.439270  6.5
  709.197570  6.5
  1159.890918  6.5
  1723.388946  6.5
  43.895005  5
  139.749377  5
  365.592750  5
  703.439194  5
  1154.191143  5
  2.912384  5.5
  142.720322  5.5
  365.562525  5.5
  703.439279  5.5
  1154.191143  5.5
  36.070265  4
  135.272580  4
  360.768717  4
  698.736140  4
  4.140980  4.5
  136.777057  4.5
  360.760063  4.5
  698.736151  4.5
  29.214536  3
  131.679917  3
  357.030998  3
  5.783103  3.5
  132.287705  3.5
  357.029554  3.5
  23.298004  2
  129.028332  2
  7.928251  2.5
  129.181359  2.5
  18.275979  1
  10.667616  1.5
