  118.172118  10
  266.298616  10
  658.091753  10
  1237.031789  10
  2010.479528  10
  2977.675364  10
  4138.474739  10
  5492.821991  10
  7040.692228  10
  8782.072958  10
  1.853852  10.5
  283.978179  10.5
  657.598480  10.5
  1237.036391  10.5
  2010.479508  10.5
  2977.675364  10.5
  4138.474739  10.5
  5492.821991  10.5
  7040.692228  10.5
  8782.072958  10.5
  104.484267  9
  257.648898  9
  647.807279  9
  1227.132491  9
  2000.693493  9
  2967.947165  9
  4128.779775  9
  5483.147872  9
  7031.032039  9
  2.503911  9.5
  270.701096  9.5
  647.518665  9.5
  1227.134618  9.5
  2000.693486  9.5
  2967.947165  9.5
  4128.779775  9.5
  5483.147872  9.5
  7031.032039  9.5
  91.759950  8
  249.742644  8
  638.662793  8
  1218.290691  8
  1991.947317  8
  2959.249554  8
  4120.110056  8
  5474.495639  8
  3.353263  8.5
  259.004367  8.5
  638.504959  8.5
  1218.291577  8.5
  1991.947315  8.5
  2959.249554  8.5
  4120.110056  8.5
  5474.495639  8.5
  80.010249  7
  242.612089  7
  630.636639  7
  1210.501311  7
  1984.237742  7
  2951.580342  7
  4112.464007  7
  4.450005  7.5
  248.861926  7.5
  630.557549  7.5
  1210.501634  7.5
  1984.237742  7.5
  2951.580342  7.5
  4112.464007  7.5
  69.237783  6
  236.291654  6
  623.710940  6
  1203.759818  6
  1977.561898  6
  2944.937594  6
  5.848751  6.5
  240.239369  6.5
  623.675724  6.5
  1203.759915  6.5
  1977.561897  6.5
  2944.937594  6.5
  59.436577  5
  230.818354  5
  617.871294  5
  1198.062247  5
  1971.917300  5
  7.609872  5.5
  233.094567  5.5
  617.858068  5.5
  1198.062269  5.5
  1971.917300  5.5
  50.591979  4
  226.232188  4
  613.106450  4
  1193.405222  4
  9.798279  4.5
  227.378712  4.5
  613.102667  4.5
  1193.405225  4.5
  42.680659  3
  222.576462  3
  609.407972  3
  12.481827  3.5
  223.037707  3.5
  609.407341  3.5
  35.670717  2
  219.898018  2
  15.729455  2.5
  220.013802  2.5
  29.521969  1
  19.609230  1.5
