  50.723316  10
  50.985086  10
  117.055100  10
  135.513347  10
  181.805142  10
  237.106623  10
  304.957809  10
  384.570748  10
  475.815089  10
  578.617632  10
  0.000000  10.5
  90.782028  10.5
  94.761102  10.5
  141.975355  10.5
  181.088592  10.5
  237.143321  10.5
  304.956779  10.5
  384.570764  10.5
  475.815089  10.5
  578.617632  10.5
  45.065859  9
  45.579258  9
  100.498271  9
  123.031897  9
  168.508546  9
  224.574470  9
  292.694703  9
  372.481534  9
  463.840890  9
  0.000002  9.5
  78.567063  9.5
  84.744419  9.5
  126.427343  9.5
  168.239875  9.5
  224.584485  9.5
  292.694507  9.5
  372.481536  9.5
  463.840890  9.5
  39.295243  8
  40.263480  8
  85.526678  8
  111.758552  8
  156.982325  8
  213.514914  8
  281.835253  8
  361.748563  8
  0.000010  8.5
  66.389561  8.5
  75.275285  8.5
  113.311115  8.5
  156.896765  8.5
  213.517096  8.5
  281.835227  8.5
  361.748563  8.5
  33.369031  7
  35.100777  7
  72.494608  7
  101.799884  7
  147.057022  7
  203.878142  7
  272.340942  7
  0.000054  7.5
  54.660006  7.5
  66.517338  7.5
  102.401011  7.5
  147.035112  7.5
  203.878482  7.5
  272.340940  7.5
  27.294354  6
  30.179821  6
  61.635060  6
  93.218569  6
  138.617056  6
  195.618533  6
  0.000293  6.5
  43.829036  6.5
  58.632523  6.5
  93.406435  6.5
  138.613007  6.5
  195.618561  6.5
  21.209694  5
  25.613251  5
  52.995914  5
  86.034255  5
  131.582630  5
  0.001537  5.5
  34.287304  5.5
  51.767960  5.5
  86.077106  5.5
  131.582221  5.5
  15.421042  4
  21.530291  4
  46.415609  4
  80.232289  4
  0.007686  4.5
  26.333040  4.5
  46.045080  4.5
  80.237734  4.5
  10.313061  3
  18.067130  3
  41.615438  3
  0.035667  3.5
  20.176488  3.5
  41.551705  3.5
  6.204050  2
  15.362657  2
  0.147116  2.5
  15.931745  2.5
  3.254240  1
  0.510317  1.5
