  96.104129  10
  167.747547  10
  390.705033  10
  711.155316  10
  1140.641294  10
  1677.940051  10
  2322.890963  10
  3075.429008  10
  3935.525081  10
  4903.164545  10
  0.342018  10.5
  190.329621  10.5
  389.507101  10.5
  711.175801  10.5
  1140.641129  10.5
  1677.940051  10.5
  2322.890963  10.5
  3075.429008  10.5
  3935.525081  10.5
  4903.164545  10.5
  83.602413  9
  159.578373  9
  380.032336  9
  701.093511  9
  1130.718536  9
  1668.090438  9
  2313.083420  9
  3065.647882  9
  3925.761622  9
  0.529404  9.5
  176.423478  9.5
  379.328941  9.5
  701.102985  9.5
  1130.718477  9.5
  1668.090438  9.5
  2313.083420  9.5
  3065.647882  9.5
  3925.761622  9.5
  71.985607  8
  152.068438  8
  370.605010  8
  692.118203  8
  1121.858205  8
  1659.289661  8
  2304.316895  8
  3056.902857  8
  0.809820  8.5
  164.139928  8.5
  370.219252  8.5
  692.122158  8.5
  1121.858187  8.5
  1659.289661  8.5
  2304.316895  8.5
  3056.902857  8.5
  61.301065  7
  145.255807  7
  362.376780  7
  684.220660  7
  1114.054288  7
  1651.533701  7
  2296.588504  7
  1.222294  7.5
  153.476530  7.5
  362.183038  7.5
  684.222100  7.5
  1114.054284  7.5
  1651.533701  7.5
  2296.588504  7.5
  51.581666  6
  139.180670  6
  355.309350  6
  677.392911  6
  1107.301506  6
  1644.819015  6
  1.817460  6.5
  144.416276  6.5
  355.222929  6.5
  677.393344  6.5
  1107.301505  6.5
  1644.819015  6.5
  42.845260  5
  133.886190  5
  349.371996  5
  671.627874  5
  1101.595297  5
  2.658328  5.5
  136.926704  5.5
  349.339494  5.5
  671.627970  5.5
  1101.595297  5.5
  35.094237  4
  129.419472  4
  344.540942  4
  666.919455  4
  3.819814  4.5
  130.960131  4.5
  344.531634  4.5
  666.919467  4.5
  28.315223  3
  125.832554  3
  340.798611  3
  5.386774  3.5
  126.455263  3.5
  340.797057  3.5
  22.478959  2
  123.183303  2
  7.450591  2.5
  123.340142  2.5
  17.540532  1
  10.104767  1.5
