  62.683184  10
  66.376192  10
  138.527083  10
  196.730676  10
  286.029911  10
  398.040476  10
  532.966417  10
  690.615190  10
  870.915097  10
  1073.830008  10
  0.000155  10.5
  103.237752  10.5
  127.253205  10.5
  197.919948  10.5
  285.978574  10.5
  398.041637  10.5
  532.966402  10.5
  690.615190  10.5
  870.915097  10.5
  1073.830008  10.5
  54.691796  9
  59.922247  9
  124.017446  9
  185.365714  9
  274.820180  9
  387.078622  9
  522.134973  9
  679.865546  9
  860.220097  9
  0.000486  9.5
  88.859335  9.5
  116.864693  9.5
  185.930283  9.5
  274.801638  9.5
  387.078934  9.5
  522.134970  9.5
  679.865546  9.5
  860.220097  9.5
  46.645537  8
  53.767614  8
  111.544264  8
  175.262117  8
  264.901009  8
  377.337401  8
  512.491383  8
  670.283218  8
  0.001505  8.5
  75.585240  8.5
  107.371192  8.5
  175.502272  8.5
  264.895255  8.5
  377.337468  8.5
  512.491382  8.5
  670.283218  8.5
  38.701882  7
  47.989394  7
  101.049994  7
  166.418283  7
  256.231371  7
  368.794375  7
  504.019639  7
  0.004572  7.5
  63.625484  7.5
  98.854613  7.5
  166.506936  7.5
  256.229923  7.5
  368.794385  7.5
  504.019639  7.5
  31.082231  6
  42.669714  6
  92.396052  6
  158.820650  6
  248.778259  6
  361.429841  6
  0.013562  6.5
  53.149950  6.5
  91.384104  6.5
  158.847536  6.5
  248.777995  6.5
  361.429841  6.5
  24.031791  5
  37.893068  5
  85.403153  5
  152.448103  5
  242.514800  5
  0.038941  5.5
  44.290914  5.5
  85.014030  5.5
  152.454123  5.5
  242.514773  5.5
  17.773165  4
  33.745031  4
  79.895847  4
  147.276332  4
  0.106921  4.5
  37.141073  4.5
  79.782786  4.5
  147.277089  4.5
  12.472538  3
  30.313714  3
  75.731822  3
  0.276258  3.5
  31.742167  3.5
  75.712770  3.5
  8.221758  2
  27.695192  2
  0.659711  2.5
  28.065986  2.5
  5.029946  1
  1.434319  1.5
