  40.949616  10
  40.950162  10
  107.629455  10
  108.097560  10
  146.203587  10
  159.876590  10
  187.862502  10
  220.246801  10
  258.310487  10
  301.609352  10
  0.000000  10.5
  77.010307  10.5
  77.034606  10.5
  130.764563  10.5
  134.760353  10.5
  162.750732  10.5
  187.567991  10.5
  220.261413  10.5
  258.310123  10.5
  301.609356  10.5
  36.610092  9
  36.612246  9
  94.008995  9
  95.240447  9
  124.928356  9
  142.730046  9
  170.720919  9
  203.843673  9
  242.284393  9
  0.000000  9.5
  68.268251  9.5
  68.349460  9.5
  111.602468  9.5
  118.782011  9.5
  143.687539  9.5
  170.659564  9.5
  203.845502  9.5
  242.284372  9.5
  32.266424  8
  32.274645  8
  79.943693  8
  82.744459  8
  106.599707  8
  127.543843  8
  155.889347  8
  189.460105  8
  0.000000  8.5
  59.446582  8.5
  59.700495  8.5
  93.119292  8.5
  104.001400  8.5
  127.780343  8.5
  155.880552  8.5
  189.460224  8.5
  27.911683  7
  27.941752  7
  65.650644  7
  70.922767  7
  91.596566  7
  114.415564  7
  143.137413  7
  0.000000  7.5
  50.443514  7.5
  51.164435  7.5
  76.415345  7.5
  90.794283  7.5
  114.455392  7.5
  143.136754  7.5
  23.525353  6
  23.628956  6
  51.941582  6
  60.155322  6
  79.587482  6
  103.314082  6
  0.000000  6.5
  41.135357  6.5
  42.902301  6.5
  62.375443  6.5
  79.422080  6.5
  103.317597  6.5
  19.054744  5
  19.381105  5
  39.812500  5
  50.807390  5
  70.006762  5
  0.000001  5.5
  31.654428  5.5
  35.179675  5.5
  51.406083  5.5
  69.988980  5.5
  14.416305  4
  15.304601  4
  30.050797  4
  43.144964  4
  0.000026  4.5
  22.684768  4.5
  28.337190  4.5
  43.228015  4.5
  9.675839  3
  11.595551  3
  23.054999  3
  0.000482  3.5
  15.108016  3.5
  22.717890  3.5
  5.377342  2
  8.525436  2
  0.007671  2.5
  9.561773  2.5
  2.256944  1
  0.090278  1.5
