  41.104372  10
  41.105055  10
  107.878927  10
  108.427174  10
  146.151717  10
  160.703436  10
  189.293754  10
  222.525306  10
  261.499324  10
  305.807221  10
  0.000000  10.5
  77.267535  10.5
  77.297012  10.5
  130.764682  10.5
  135.218172  10.5
  163.311597  10.5
  189.038774  10.5
  222.537519  10.5
  261.499030  10.5
  305.807224  10.5
  36.746724  9
  36.749349  9
  94.147120  9
  95.547468  9
  125.080261  9
  143.709167  9
  172.368399  9
  206.298065  9
  245.636860  9
  0.000000  9.5
  68.482209  9.5
  68.578222  9.5
  111.530272  9.5
  119.296043  9.5
  144.565353  9.5
  172.315615  9.5
  206.299588  9.5
  245.636843  9.5
  32.384429  8
  32.394205  8
  79.968721  8
  83.056478  8
  107.013063  8
  128.677021  8
  157.703009  8
  192.062011  8
  0.000000  8.5
  59.608737  8.5
  59.901133  8.5
  93.094081  8.5
  104.607001  8.5
  128.886605  8.5
  157.695474  8.5
  192.062110  8.5
  28.009761  7
  28.044629  7
  65.618465  7
  71.270600  7
  92.243679  7
  115.686829  7
  145.083510  7
  0.000000  7.5
  50.540509  7.5
  51.348150  7.5
  76.525462  7.5
  91.510147  7.5
  115.721940  7.5
  145.082946  7.5
  23.600391  6
  23.717523  6
  51.934645  6
  60.563895  6
  80.397696  6
  104.699499  6
  0.000000  6.5
  41.162691  6.5
  43.086435  6.5
  62.661496  6.5
  80.247592  6.5
  104.702589  6.5
  19.101011  5
  19.460553  5
  39.887007  5
  51.288552  5
  70.924962  5
  0.000002  5.5
  31.643592  5.5
  35.383776  5.5
  51.848456  5.5
  70.908887  5.5
  14.430316  4
  15.383462  4
  30.228093  4
  43.695536  4
  0.000032  4.5
  22.686644  4.5
  28.576059  4.5
  43.772774  4.5
  9.671699  3
  11.683259  3
  23.319277  3
  0.000561  3.5
  15.150690  3.5
  22.996561  3.5
  5.379676  2
  8.627519  2
  0.008496  2.5
  9.647751  2.5
  2.270909  1
  0.095435  1.5
