  76.141942  10
  95.947812  10
  203.890762  10
  338.461572  10
  522.984579  10
  754.193924  10
  1031.929605  10
  1356.094500  10
  1726.645978  10
  2143.562574  10
  0.011724  10.5
  126.385265  10.5
  199.671313  10.5
  338.641118  10.5
  522.981109  10.5
  754.193960  10.5
  1031.929605  10.5
  1356.094500  10.5
  1726.645978  10.5
  2143.562574  10.5
  65.566181  9
  88.595073  9
  191.848506  9
  327.919727  9
  512.638641  9
  743.971392  9
  1021.777306  9
  1345.986318  9
  1716.567317  9
  0.024528  9.5
  111.815086  9.5
  189.325411  9.5
  328.003205  9.5
  512.637398  9.5
  743.971401  9.5
  1021.777306  9.5
  1345.986318  9.5
  1716.567317  9.5
  55.491952  8
  81.743650  8
  181.417120  8
  318.543626  8
  503.426478  8
  734.854381  8
  1012.714786  8
  1336.958036  8
  0.050585  8.5
  98.764519  8.5
  180.014134  8.5
  318.578611  8.5
  503.426094  8.5
  734.854383  8.5
  1012.714786  8.5
  1336.958036  8.5
  46.072938  7
  75.448776  7
  172.477768  7
  310.318072  7
  495.332792  7
  726.833025  7
  1004.734991  7
  0.102478  7.5
  87.303191  7.5
  171.765858  7.5
  310.330851  7.5
  495.332696  7.5
  726.833025  7.5
  1004.734991  7.5
  37.443457  6
  69.766296  6
  164.921752  6
  303.227343  6
  488.344368  6
  719.898642  6
  0.203059  6.5
  77.481157  6.5
  164.601798  6.5
  303.231190  6.5
  488.344351  6.5
  719.898642  6.5
  29.710135  5
  64.753493  5
  158.657144  5
  297.256238  5
  482.449917  5
  0.391512  5.5
  69.324198  5.5
  158.536155  5.5
  297.257095  5.5
  482.449915  5.5
  22.946858  4
  60.470793  4
  153.611407  4
  292.390911  4
  0.730336  4.5
  62.827550  4.5
  153.576626  4.5
  292.391018  4.5
  17.191848  3
  56.984411  3
  149.731135  3
  1.310742  3.5
  57.950509  3.5
  149.725312  3.5
  12.445828  2
  54.369776  2
  2.252772  2.5
  54.615612  2.5
  8.671004  1
  3.697394  1.5
