  40.346520  10
  40.346720  10
  106.603183  10
  106.830868  10
  146.710467  10
  156.867282  10
  182.577749  10
  211.452183  10
  245.822228  10
  285.034601  10
  0.000000  10.5
  76.001205  10.5
  76.011379  10.5
  130.691338  10.5
  133.082634  10.5
  161.102593  10.5
  182.039183  10.5
  211.483459  10.5
  245.821335  10.5
  285.034611  10.5
  36.077248  9
  36.078132  9
  93.401059  9
  94.082397  9
  124.704217  9
  139.082186  9
  164.417849  9
  194.249173  9
  229.052400  9
  0.000000  9.5
  67.422424  9.5
  67.460554  9.5
  111.956783  9.5
  116.904927  9.5
  140.600923  9.5
  164.301890  9.5
  194.253154  9.5
  229.052348  9.5
  31.805429  8
  31.809205  8
  79.808210  8
  81.586064  8
  105.299894  8
  123.221892  8
  148.820353  8
  179.195303  8
  0.000000  8.5
  58.793649  8.5
  58.927670  8.5
  93.394489  8.5
  101.757314  8.5
  123.615024  8.5
  148.803386  8.5
  179.195566  8.5
  27.526835  7
  27.542290  7
  65.817794  7
  69.630826  7
  89.245366  7
  109.474604  7
  135.464839  7
  0.000000  7.5
  50.036996  7.5
  50.466744  7.5
  76.184373  7.5
  88.081443  7.5
  109.542605  7.5
  135.463549  7.5
  23.227652  6
  23.287301  6
  52.059348  6
  58.612843  6
  76.475462  6
  97.856353  6
  0.000000  6.5
  41.013919  6.5
  42.210239  6.5
  61.411733  6.5
  76.226181  6.5
  97.862448  6.5
  18.866811  5
  19.077740  5
  39.609169  5
  48.951267  5
  66.396264  5
  0.000000  5.5
  31.718300  5.5
  34.408252  5.5
  49.743738  5.5
  66.368928  5.5
  14.358609  4
  15.004703  4
  29.411160  4
  40.980642  4
  0.000011  4.5
  22.714526  4.5
  27.417260  4.5
  41.093692  4.5
  9.700641  3
  11.257620  3
  22.027974  3
  0.000245  3.5
  14.966142  3.5
  21.622629  3.5
  5.376856  2
  8.123444  2
  0.004858  2.5
  9.230629  2.5
  2.202993  1
  0.070586  1.5
