  71.291709  10
  83.241133  10
  173.741479  10
  275.625881  10
  418.335075  10
  597.291006  10
  812.376320  10
  1063.473722  10
  1350.533076  10
  1673.529151  10
  0.003069  10.5
  116.073990  10.5
  167.650946  10.5
  275.975944  10.5
  418.326164  10.5
  597.291127  10.5
  812.376319  10.5
  1063.473722  10.5
  1350.533076  10.5
  1673.529151  10.5
  61.523950  9
  76.179621  9
  160.959286  9
  264.845642  9
  407.762295  9
  586.870935  9
  802.042017  9
  1053.193269  9
  1340.288648  9
  0.007269  9.5
  101.444337  9.5
  157.266454  9.5
  265.009065  9.5
  407.759096  9.5
  586.870967  9.5
  802.042017  9.5
  1053.193269  9.5
  1340.288648  9.5
  52.057537  8
  69.556025  8
  149.960360  8
  255.265275  8
  398.362752  8
  577.586799  8
  792.823514  8
  1044.015996  8
  0.016974  8.5
  88.240091  8.5
  147.885106  8.5
  255.333971  8.5
  398.361765  8.5
  577.586806  8.5
  792.823514  8.5
  1044.015996  8.5
  43.078117  7
  63.433651  7
  140.610710  7
  246.869718  7
  390.115478  7
  569.425490  7
  784.711453  7
  0.038918  7.5
  76.565571  7.5
  139.549556  7.5
  246.894868  7.5
  390.115230  7.5
  569.425491  7.5
  784.711453  7.5
  34.764341  6
  57.876508  6
  132.772690  6
  239.641380  6
  383.002612  6
  562.375489  6
  0.087172  6.5
  66.502596  6.5
  132.293206  6.5
  239.648964  6.5
  383.002567  6.5
  562.375489  6.5
  27.269341  5
  52.949424  5
  126.321948  5
  233.561993  5
  377.009040  5
  0.189502  5.5
  58.107031  5.5
  126.139971  5.5
  233.563684  5.5
  377.009035  5.5
  20.708522  4
  48.719398  4
  121.156987  4
  228.614167  4
  0.396652  4.5
  51.401479  4.5
  121.104546  4.5
  228.614379  4.5
  15.152703  3
  45.258491  3
  117.202090  3
  0.792564  3.5
  46.365909  3.5
  117.193297  3.5
  10.624362  2
  42.648293  2
  1.500033  2.5
  42.931613  2.5
  7.095467  1
  2.674963  1.5
