  44.393753  10
  44.408970  10
  111.858029  10
  116.086234  10
  151.384686  10
  182.066802  10
  223.758150  10
  273.032617  10
  329.832891  10
  394.008568  10
  0.000000  10.5
  82.503588  10.5
  82.918598  10.5
  131.322717  10.5
  147.329192  10.5
  182.501156  10.5
  223.735437  10.5
  273.033263  10.5
  329.832881  10.5
  394.008568  10.5
  39.636902  9
  39.678242  9
  96.065601  9
  103.085679  9
  134.397561  9
  167.422506  9
  209.511642  9
  259.124153  9
  316.138251  9
  0.000000  9.5
  72.649367  9.5
  73.583604  9.5
  112.548915  9.5
  132.681203  9.5
  167.546981  9.5
  209.507216  9.5
  259.124230  9.5
  316.138250  9.5
  34.853912  8
  34.962426  8
  80.584748  8
  90.938067  8
  120.187665  8
  154.565868  8
  196.993636  8
  246.842080  8
  0.000000  8.5
  62.520215  8.5
  64.457753  8.5
  96.008776  8.5
  119.596395  8.5
  154.593908  8.5
  196.993029  8.5
  246.842085  8.5
  30.013915  7
  30.285854  7
  66.143243  7
  79.906390  7
  108.341679  7
  143.440801  7
  186.120411  7
  0.000001  7.5
  52.111940  7.5
  55.704893  7.5
  82.135425  7.5
  108.182694  7.5
  143.445265  7.5
  186.120367  7.5
  25.061571  6
  25.699434  6
  53.405128  6
  70.216403  6
  98.494106  6
  133.973567  6
  0.000006  6.5
  41.710845  6.5
  47.540352  6.5
  70.974053  6.5
  98.463826  6.5
  133.973947  6.5
  19.939775  5
  21.295709  5
  42.875506  5
  62.024230  5
  90.404923  5
  0.000058  5.5
  31.903768  5.5
  40.206290  5.5
  62.205572  5.5
  90.401806  5.5
  14.712444  4
  17.217343  4
  34.810132  4
  55.400175  4
  0.000542  4.5
  23.320287  4.5
  33.937332  4.5
  55.423814  4.5
  9.734040  3
  13.648176  3
  29.085844  3
  0.004733  3.5
  16.440915  3.5
  28.928821  3.5
  5.552390  2
  10.789644  2
  0.036098  2.5
  11.576876  2.5
  2.580015  1
  0.215485  1.5
