  89.626897  10
  141.886279  10
  321.846686  10
  575.021873  10
  915.290767  10
  1341.097680  10
  1852.275495  10
  2448.753401  10
  3130.499734  10
  3897.498562  10
  0.153857  10.5
  166.576310  10.5
  320.145894  10.5
  575.059002  10.5
  915.290388  10.5
  1341.097682  10.5
  1852.275495  10.5
  2448.753401  10.5
  3130.499734  10.5
  3897.498562  10.5
  77.588937  9
  133.925197  9
  310.923238  9
  564.864299  9
  905.286241  9
  1331.175646  9
  1842.400878  9
  2438.908569  9
  3120.674827  9
  0.255164  9.5
  152.440886  9.5
  309.921929  9.5
  564.881485  9.5
  905.286106  9.5
  1331.175646  9.5
  1842.400878  9.5
  2438.908569  9.5
  3120.674827  9.5
  66.370450  8
  126.585594  8
  301.314016  8
  555.809906  8
  896.357738  8
  1322.313380  8
  1833.576712  8
  2430.108329  8
  0.417753  8.5
  139.923791  8.5
  300.763743  8.5
  555.817083  8.5
  896.357696  8.5
  1322.313380  8.5
  1833.576712  8.5
  2430.108329  8.5
  56.041494  7
  119.908868  7
  292.956966  7
  547.848090  7
  888.497552  7
  1314.505755  7
  1825.799320  7
  0.673764  7.5
  129.037866  7.5
  292.680161  7.5
  547.850705  7.5
  888.497541  7.5
  1314.505755  7.5
  1825.799320  7.5
  46.654679  6
  113.938231  6
  285.800291  6
  540.969007  6
  881.698929  6
  1307.748256  6
  1.068114  6.5
  119.779406  6.5
  285.676669  6.5
  540.969793  6.5
  881.698927  6.5
  1307.748256  6.5
  38.244087  5
  108.719720  5
  279.802303  5
  535.163805  5
  875.956047  5
  1.660650  5.5
  112.125994  5.5
  279.755767  5.5
  535.163980  5.5
  875.956046  5.5
  30.824510  4
  104.303456  4
  274.930781  4
  530.424800  4
  2.526948  4.5
  106.035512  4.5
  274.917446  4.5
  530.424822  4.5
  24.390884  3
  100.745055  3
  271.162009  3
  3.756983  3.5
  101.447069  3.5
  271.159782  3.5
  18.917957  2
  98.107002  2
  5.451381  2.5
  98.284168  2.5
  14.360378  1
  7.715673  1.5
