  52.894654  10
  53.388424  10
  119.403697  10
  143.869263  10
  196.053510  10
  259.904448  10
  337.658707  10
  428.767413  10
  533.113226  10
  650.633765  10
  0.000001  10.5
  93.108584  10.5
  99.411184  10.5
  148.626077  10.5
  195.628119  10.5
  259.922766  10.5
  337.658269  10.5
  428.767418  10.5
  533.113226  10.5
  650.633765  10.5
  46.872623  9
  47.770817  9
  103.068448  9
  131.608331  9
  183.360346  9
  247.790106  9
  325.776417  9
  417.032753  9
  521.476568  9
  0.000006  9.5
  80.244543  9.5
  89.267080  9.5
  134.025179  9.5
  183.202942  9.5
  247.795076  9.5
  325.776334  9.5
  417.032753  9.5
  521.476568  9.5
  40.709868  8
  42.278531  8
  88.516798  8
  120.596456  8
  172.283135  8
  237.081039  8
  315.239118  8
  406.603497  8
  0.000032  8.5
  67.662442  8.5
  79.759489  8.5
  121.674150  8.5
  172.233452  8.5
  237.082118  8.5
  315.239107  8.5
  406.603497  8.5
  34.386716  7
  36.982652  7
  76.009848  7
  110.906210  7
  162.699523  7
  227.734232  7
  306.014838  7
  0.000152  7.5
  55.771921  7.5
  71.036860  7.5
  111.316586  7.5
  162.686876  7.5
  227.734400  7.5
  306.014837  7.5
  27.963956  6
  31.975558  6
  65.676795  6
  102.572937  6
  154.523602  6
  219.711093  6
  0.000716  6.5
  44.960624  6.5
  63.239723  6.5
  102.699881  6.5
  154.521273  6.5
  219.711107  6.5
  21.640629  5
  27.367105  5
  57.469042  5
  95.598820  5
  147.693424  5
  0.003258  5.5
  35.544811  5.5
  56.491313  5.5
  95.627600  5.5
  147.693189  5.5
  15.738943  4
  23.277485  4
  51.181619  4
  89.962014  4
  0.014126  4.5
  27.763052  4.5
  50.890146  4.5
  89.965658  4.5
  10.602657  3
  19.830510  3
  46.554705  3
  0.056948  3.5
  21.780724  3.5
  46.504891  3.5
  6.490102  2
  17.153158  2
  0.205500  2.5
  17.674221  2.5
  3.517034  1
  0.635264  1.5
