  41833.118923  10
  358259.393338  10
  995061.458966  10
  1950269.417135  10
  3223881.000377  10
  4815895.791974  10
  6726313.672863  10
  8955134.598394  10
  11502358.548723  10
  14367985.513928  10
  37842.628661  10.5
  358259.858544  10.5
  995061.458958  10.5
  1950269.417135  10.5
  3223881.000377  10.5
  4815895.791974  10.5
  6726313.672863  10.5
  8955134.598394  10.5
  11502358.548723  10.5
  14367985.513928  10.5
  41626.429691  9
  358248.769008  9
  995051.562963  9
  1950259.719097  9
  3223871.381526  9
  4815886.212718  9
  6726304.116232  9
  8955125.055904  9
  11502349.015660  9
  38035.068804  9.5
  358249.107343  9.5
  995051.562959  9.5
  1950259.719097  9.5
  3223871.381526  9.5
  4815886.212718  9.5
  6726304.116232  9.5
  8955125.055904  9.5
  11502349.015660  9.5
  41420.503008  8
  358239.257054  8
  995042.708663  8
  1950251.041915  8
  3223862.775192  8
  4815877.641808  8
  6726295.565565  8
  8955116.517889  8
  38228.246124  8.5
  358239.493890  8.5
  995042.708661  8.5
  1950251.041915  8.5
  3223862.775192  8.5
  4815877.641808  8.5
  6726295.565565  8.5
  8955116.517889  8.5
  41215.337493  7
  358230.858873  7
  995034.896059  7
  1950243.385584  7
  3223855.181372  7
  4815870.079244  7
  6726288.020861  7
  38422.162058  7.5
  358231.016765  7.5
  995034.896058  7.5
  1950243.385584  7.5
  3223855.181372  7.5
  4815870.079244  7.5
  6726288.020861  7.5
  41010.931764  6
  358223.575865  6
  995028.125146  6
  1950236.750104  6
  3223848.600065  6
  4815863.525024  6
  38616.818044  6.5
  358223.674548  6.5
  995028.125146  6.5
  1950236.750104  6.5
  3223848.600065  6.5
  4815863.525024  6.5
  40807.284434  5
  358217.409430  5
  995022.395920  5
  1950231.135471  5
  3223843.031270  5
  38812.215512  5.5
  358217.465821  5.5
  995022.395920  5.5
  1950231.135471  5.5
  3223843.031270  5.5
  40604.394114  4
  358212.360972  4
  995017.708376  4
  1950226.541683  4
  39008.355894  4.5
  358212.389167  4.5
  995017.708376  4.5
  1950226.541683  4.5
  40402.259410  3
  358208.431893  3
  995014.062512  3
  39205.240612  3.5
  358208.443171  3.5
  995014.062512  3.5
  40200.878923  2
  358205.623599  2
  39402.871091  2.5
  358205.626418  2.5
  40000.251255  1
  39601.248748  1.5
