  55.858534  10
  56.878380  10
  123.529016  10
  156.956610  10
  218.451611  10
  294.872806  10
  387.417866  10
  495.719666  10
  619.677720  10
  759.240369  10
  0.000007  10.5
  96.079534  10.5
  106.475550  10.5
  160.082563  10.5
  218.234054  10.5
  294.880389  10.5
  387.417718  10.5
  495.719668  10.5
  619.677720  10.5
  759.240369  10.5
  49.289689  9
  50.988303  9
  107.649712  9
  144.989211  9
  206.360374  9
  283.204949  9
  375.942099  9
  484.364946  9
  608.403596  9
  0.000030  9.5
  82.539067  9.5
  96.211683  9.5
  146.528208  9.5
  206.280777  9.5
  283.206995  9.5
  375.942071  9.5
  484.364947  9.5
  608.403596  9.5
  42.562653  8
  45.275260  8
  93.724100  8
  134.295688  8
  195.743370  8
  272.870380  8
  365.749734  8
  474.261817  8
  0.000124  8.5
  69.595014  8.5
  86.684150  8.5
  134.966900  8.5
  195.718440  8.5
  272.870822  8.5
  365.749731  8.5
  474.261817  8.5
  35.708456  7
  39.816680  7
  81.899294  7
  124.914947  7
  186.517657  7
  263.833959  7
  356.815311  7
  0.000506  7.5
  57.602253  7.5
  78.019489  7.5
  125.166869  7.5
  186.511344  7.5
  263.834027  7.5
  356.815311  7.5
  28.860922  6
  34.705193  6
  72.185373  6
  116.857892  6
  178.622179  6
  256.064575  6
  0.002020  6.5
  46.864092  6.5
  70.332299  6.5
  116.935119  6.5
  178.621021  6.5
  256.064581  6.5
  22.269042  5
  30.043991  5
  64.449086  5
  110.113055  5
  172.010673  5
  0.007797  5.5
  37.620200  5.5
  63.719325  5.5
  110.130467  5.5
  172.010556  5.5
  16.242748  4
  25.941320  4
  58.470082  4
  104.654644  4
  0.028708  4.5
  30.050265  4.5
  58.254978  4.5
  104.656841  4.5
  11.065946  3
  22.507213  3
  54.025173  3
  0.098558  3.5
  24.272638  3.5
  53.988634  3.5
  6.931484  2
  19.856325  2
  0.305874  2.5
  20.322934  2.5
  3.910581  1
  0.831081  1.5
