  7727.902674  10
  61809.070351  10
  171589.239809  10
  336263.863826  10
  555831.002185  10
  830290.237893  10
  1159641.451811  10
  1543884.599257  10
  1983019.660372  10
  2477046.625228  10
  6070.055542  10.5
  61810.190556  10.5
  171589.239707  10.5
  336263.863826  10.5
  555831.002185  10.5
  830290.237893  10.5
  1159641.451811  10.5
  1543884.599257  10.5
  1983019.660372  10.5
  2477046.625228  10.5
  7637.791253  9
  61798.534048  9
  171579.342983  9
  336254.165207  9
  555821.382852  9
  830280.658207  9
  1159631.894780  9
  1543875.056386  9
  1983010.126942  9
  6145.922248  9.5
  61799.348786  9.5
  171579.342923  9.5
  336254.165207  9.5
  555821.382852  9.5
  830280.658207  9.5
  1159631.894780  9.5
  1543875.056386  9.5
  1983010.126942  9.5
  7548.459560  8
  61789.092565  8
  171570.488033  8
  336245.487549  8
  555812.776114  8
  830272.086931  8
  1159623.343768  8
  1543866.518040  8
  6222.507625  8.5
  61789.662910  8.5
  171570.488001  8.5
  336245.487549  8.5
  555812.776114  8.5
  830272.086931  8.5
  1159623.343768  8.5
  1543866.518040  8.5
  7459.904384  7
  61780.749226  7
  171562.674926  7
  336237.830834  7
  555805.181960  7
  830264.524058  7
  1159615.798771  7
  6299.815234  7.5
  61781.129472  7.5
  171562.674909  7.5
  336237.830834  7.5
  555805.181960  7.5
  830264.524058  7.5
  1159615.798771  7.5
  7372.122489  6
  61773.507365  6
  171555.903628  6
  336231.195048  6
  555798.600380  6
  830257.969582  6
  6377.848616  6.5
  61773.745027  6.5
  171555.903621  6.5
  336231.195048  6.5
  555798.600380  6.5
  830257.969582  6.5
  7285.110618  5
  61767.370322  5
  171550.174114  5
  336225.580175  5
  555793.031365  5
  6456.611295  5.5
  61767.506134  5.5
  171550.174111  5.5
  336225.580175  5.5
  555793.031365  5.5
  7198.865492  4
  61762.341448  4
  171545.486360  4
  336220.986204  4
  6536.106774  4.5
  61762.409356  4.5
  171545.486359  4.5
  336220.986204  4.5
  7113.383811  3
  61758.424103  3
  171541.840348  3
  6616.338539  3.5
  61758.451267  3.5
  171541.840348  3.5
  7028.662252  2
  61755.621653  2
  6697.310055  2.5
  61755.628444  2.5
  6944.697472  1
  6779.024769  1.5
