  51.011077  10
  51.297616  10
  117.338395  10
  136.566130  10
  183.592275  10
  240.004066  10
  309.130075  10
  390.221998  10
  483.151146  10
  587.845952  10
  0.000000  10.5
  91.101720  10.5
  95.355550  10.5
  142.771940  10.5
  182.924768  10.5
  240.037434  10.5
  309.129158  10.5
  390.222012  10.5
  483.151146  10.5
  587.845952  10.5
  45.307080  9
  45.863113  9
  100.803396  9
  124.113858  9
  170.386440  9
  227.532919  9
  296.922639  9
  378.184529  9
  471.226163  9
  0.000002  9.5
  78.793307  9.5
  85.319636  9.5
  127.358187  9.5
  170.136685  9.5
  227.542016  9.5
  296.922465  9.5
  378.184531  9.5
  471.226163  9.5
  39.485832  8
  40.523150  8
  85.884412  8
  112.876587  8
  158.927054  8
  216.524562  8
  286.110222  8
  367.495846  8
  0.000012  8.5
  66.554026  8.5
  75.843906  8.5
  114.354264  8.5
  158.847630  8.5
  216.526544  8.5
  286.110198  8.5
  367.495847  8.5
  33.507056  7
  35.341998  7
  72.922619  7
  102.955852  7
  149.052136  7
  206.930125  7
  276.655292  7
  0.000063  7.5
  54.797543  7.5
  67.090115  7.5
  103.526485  7.5
  149.031817  7.5
  206.930433  7.5
  276.655291  7.5
  27.384571  6
  30.409036  6
  62.136543  6
  94.410125  6
  140.650863  6
  198.705007  6
  0.000333  6.5
  43.966793  6.5
  59.217274  6.5
  94.588174  6.5
  140.647110  6.5
  198.705033  6.5
  21.265898  5
  25.836688  5
  53.559535  5
  87.256245  5
  133.646261  5
  0.001710  5.5
  34.441605  5.5
  52.369087  5.5
  87.296818  5.5
  133.645882  5.5
  15.460822  4
  21.752994  4
  47.022172  4
  81.478298  4
  0.008377  4.5
  26.511212  4.5
  46.663628  4.5
  81.483450  4.5
  10.349033  3
  18.292380  3
  42.247476  3
  0.038105  3.5
  20.379205  3.5
  42.185865  3.5
  6.240224  2
  15.591975  2
  0.154190  2.5
  16.154200  2.5
  3.287982  1
  0.526077  1.5
