  39.440804  10
  39.440828  10
  104.918976  10
  104.965321  10
  148.319226  10
  153.125552  10
  176.128265  10
  198.555628  10
  226.657081  10
  258.955253  10
  0.000000  10.5
  74.468843  10.5
  74.470388  10.5
  130.177615  10.5
  130.883064  10.5
  160.840425  10.5
  174.563577  10.5
  198.684097  10.5
  226.652230  10.5
  258.955324  10.5
  35.276095  9
  35.276226  9
  92.267182  9
  92.447376  9
  125.697902  9
  134.256317  9
  155.500113  9
  179.605246  9
  208.255283  9
  0.000000  9.5
  66.121582  9.5
  66.128972  9.5
  112.521922  9.5
  114.515712  9.5
  137.559274  9.5
  155.126628  9.5
  179.622426  9.5
  208.254991  9.5
  31.110333  8
  31.111041  8
  79.406577  8
  80.028433  8
  104.641140  8
  117.095714  8
  138.139683  8
  163.083994  8
  0.000000  8.5
  57.755724  8.5
  57.788967  8.5
  94.364910  8.5
  98.814827  8.5
  118.076589  8.5
  138.081636  8.5
  163.085167  8.5
  26.942036  7
  26.945726  7
  66.130619  7
  67.913098  7
  86.512927  7
  102.059413  7
  123.446378  7
  0.000000  7.5
  49.334942  7.5
  49.472259  7.5
  76.593358  7.5
  84.296664  7.5
  102.243213  7.5
  123.441799  7.5
  22.765597  6
  22.783742  6
  52.558391  6
  56.477135  6
  72.008521  6
  89.325933  6
  0.000000  6.5
  40.756876  6.5
  41.255266  6.5
  60.597154  6.5
  71.480052  6.5
  89.343147  6.5
  18.559556  5
  18.641557  5
  39.653723  5
  46.218808  5
  60.788376  5
  0.000000  5.5
  31.870751  5.5
  33.334100  5.5
  47.524442  5.5
  60.727042  5.5
  14.256587  4
  14.579471  4
  28.663898  4
  37.616082  4
  0.000002  4.5
  22.906481  4.5
  26.068039  4.5
  37.816967  4.5
  9.769519  3
  10.761539  3
  20.488049  3
  0.000057  3.5
  14.855888  3.5
  19.919750  3.5
  5.413926  2
  7.495040  2
  0.001834  2.5
  8.744858  2.5
  2.123351  1
  0.042214  1.5
