  80.752159  10
  110.119473  10
  239.275068  10
  410.314270  10
  642.319107  10
  932.850905  10
  1281.738842  10
  1688.898199  10
  2154.291363  10
  2677.899395  10
  0.033660  10.5
  138.392837  10.5
  236.260878  10.5
  410.413591  10.5
  642.317599  10.5
  932.850917  10.5
  1281.738842  10.5
  1688.898199  10.5
  2154.291363  10.5
  2677.899395  10.5
  69.566811  9
  102.526964  9
  227.746743  9
  399.942898  9
  632.127689  9
  922.763960  9
  1271.711711  9
  1678.908648  9
  2144.326958  9
  0.063945  9.5
  123.947093  9.5
  225.958594  9.5
  399.988971  9.5
  632.127149  9.5
  922.763963  9.5
  1271.711711  9.5
  1678.908648  9.5
  2144.326958  9.5
  59.029837  8
  95.485147  8
  217.696582  8
  390.710502  8
  623.043692  8
  913.761815  8
  1262.756578  8
  1669.983050  8
  0.119783  8.5
  111.075290  8.5
  216.708183  8.5
  390.729778  8.5
  623.043525  8.5
  913.761816  8.5
  1262.756578  8.5
  1669.983050  8.5
  49.260824  7
  89.043105  7
  209.028047  7
  382.603278  7
  615.055373  7
  905.836770  7
  1254.867927  7
  0.220583  7.5
  99.822662  7.5
  208.528691  7.5
  382.610311  7.5
  615.055331  7.5
  905.836770  7.5
  1254.867927  7.5
  40.358218  6
  83.250941  6
  201.657380  6
  375.607742  6
  608.152511  6
  898.982047  6
  0.397928  6.5
  90.215952  6.5
  201.433652  6.5
  375.609857  6.5
  608.152504  6.5
  898.982047  6.5
  32.395508  5
  78.160846  5
  195.515815  5
  369.711331  5
  602.326330  5
  0.700459  5.5
  82.259092  5.5
  195.431399  5.5
  369.711802  5.5
  602.326329  5.5
  25.418894  4
  73.828764  4
  190.549847  4
  364.902881  4
  1.198270  4.5
  75.928961  4.5
  190.525616  4.5
  364.902940  4.5
  19.445787  3
  70.316595  3
  186.720212  3
  1.984814  3.5
  71.173170  3.5
  186.716160  3.5
  14.463798  2
  67.694744  2
  3.174342  2.5
  67.911899  2.5
  10.430314  1
  4.894164  1.5
