  393.099660  10
  1927.180065  10
  5257.623299  10
  10253.734375  10
  16916.224675  10
  25244.658656  10
  35238.914182  10
  46898.945362  10
  60224.731783  10
  75216.263230  10
  97.881592  10.5
  1933.563375  10.5
  5257.603962  10.5
  10253.734396  10.5
  16916.224675  10.5
  25244.658656  10.5
  35238.914182  10.5
  46898.945362  10.5
  60224.731783  10.5
  75216.263230  10.5
  370.754352  9
  1917.310839  9
  5247.691261  9
  10244.013260  9
  16906.586700  9
  25235.062337  9
  35229.341691  9
  46889.387773  9
  60215.184132  9
  106.146238  9.5
  1921.961559  9.5
  5247.679978  9.5
  10244.013269  9.5
  16906.586700  9.5
  25235.062337  9.5
  35229.341691  9.5
  46889.387773  9.5
  60215.184132  9.5
  349.303558  8
  1908.405958  8
  5238.809099  8
  10235.317215  8
  16897.964356  8
  25226.476905  8
  35220.777369  8
  46880.836651  8
  114.965733  8.5
  1911.666676  8.5
  5238.802943  8.5
  10235.317219  8.5
  16897.964356  8.5
  25226.476905  8.5
  35220.777369  8.5
  46880.836651  8.5
  328.734840  7
  1900.481912  7
  5230.975250  7
  10227.645642  7
  16890.357274  7
  25218.902110  7
  35213.221036  7
  124.363183  7.5
  1902.658794  7.5
  5230.972171  7.5
  10227.645644  7.5
  16890.357274  7.5
  25218.902110  7.5
  35213.221036  7.5
  309.034822  6
  1893.555600  6
  5224.188383  6
  10220.998014  6
  16883.765128  6
  25212.337733  6
  134.361530  6.5
  1894.917816  6.5
  5224.187014  6.5
  10220.998014  6.5
  16883.765128  6.5
  25212.337733  6.5
  290.189215  5
  1887.644326  5
  5218.447387  5
  10215.373872  5
  16878.187636  5
  144.983477  5.5
  1888.423541  5.5
  5218.446874  5.5
  10215.373872  5.5
  16878.187636  5.5
  272.182835  4
  1882.765787  4
  5213.751358  4
  10210.772830  4
  156.251415  4.5
  1883.155724  4.5
  5213.751211  4.5
  10210.772830  4.5
  254.999631  3
  1878.938063  3
  5210.099582  3
  168.187356  3.5
  1879.094140  3.5
  5210.099557  3.5
  238.622715  2
  1876.179597  2
  180.812862  2.5
  1876.218635  2.5
  223.034394  1
  194.148987  1.5
