  56.205438  10
  57.306527  10
  124.092167  10
  158.630173  10
  221.312560  10
  299.294001  10
  393.685953  10
  504.136115  10
  630.545803  10
  772.864403  10
  0.000008  10.5
  96.421740  10.5
  107.366134  10.5
  161.606249  10.5
  221.110944  10.5
  299.300866  10.5
  393.685821  10.5
  504.136116  10.5
  630.545803  10.5
  772.864403  10.5
  49.569098  9
  51.385748  9
  108.274230  9
  146.696080  9
  209.280057  9
  287.671317  9
  382.251333  9
  492.819932  9
  619.308498  9
  0.000035  9.5
  82.816813  9.5
  97.091502  9.5
  148.157120  9.5
  209.206366  9.5
  287.673169  9.5
  382.251308  9.5
  492.819932  9.5
  619.308498  9.5
  42.774641  8
  45.648209  8
  94.423740  8
  136.037098  8
  198.708673  8
  277.374657  8
  372.093939  8
  482.749919  8
  0.000143  8.5
  69.841651  8.5
  87.563455  8.5
  136.673062  8.5
  198.685610  8.5
  277.375057  8.5
  372.093936  8.5
  482.749919  8.5
  35.859974  7
  40.171766  7
  82.675191  7
  126.688984  7
  189.518845  7
  268.369695  7
  363.188944  7
  0.000576  7.5
  57.843195  7.5
  78.906011  7.5
  126.927371  7.5
  189.513008  7.5
  268.369757  7.5
  363.188944  7.5
  28.966566  6
  35.048810  6
  73.026728  6
  118.660510  6
  181.651686  6
  260.626069  6
  0.002256  6.5
  47.115866  6.5
  71.230997  6.5
  118.733528  6.5
  181.650615  6.5
  260.626074  6.5
  22.346774  5
  30.381635  5
  65.338395  5
  111.939140  5
  175.062351  5
  0.008560  5.5
  37.891924  5.5
  64.632446  5.5
  111.955595  5.5
  175.062243  5.5
  16.307392  4
  26.277157  4
  59.390235  4
  106.498898  4
  0.030975  4.5
  30.345343  4.5
  59.182368  4.5
  106.500974  4.5
  11.125485  3
  22.843996  3
  54.963557  3
  0.104552  3.5
  24.589702  3.5
  54.928267  3.5
  6.987280  2
  20.195591  2
  0.319389  2.5
  20.656471  2.5
  3.959689  1
  0.856184  1.5
