  43.661854  10
  43.670946  10
  111.163055  10
  114.257912  10
  149.326662  10
  176.793373  10
  215.572105  10
  261.432773  10
  314.389377  10
  374.268266  10
  0.000000  10.5
  81.383970  10.5
  81.653640  10.5
  130.965317  10.5
  144.270674  10.5
  177.413828  10.5
  215.536138  10.5
  261.433895  10.5
  314.389359  10.5
  374.268266  10.5
  38.996658  9
  39.022830  9
  95.724841  9
  101.239909  9
  131.563344  9
  161.744632  9
  200.919683  9
  247.159814  9
  300.352287  9
  0.000000  9.5
  71.791577  9.5
  72.438449  9.5
  111.896034  9.5
  129.348888  9.5
  161.925079  9.5
  200.912624  9.5
  247.159950  9.5
  300.352286  9.5
  34.311988  8
  34.384822  8
  80.368364  8
  88.993725  8
  116.743694  8
  148.532874  8
  188.067655  8
  234.569192  8
  0.000000  8.5
  61.956301  8.5
  63.390124  8.5
  94.876695  8.5
  115.962413  8.5
  148.573910  8.5
  188.066682  8.5
  234.569200  8.5
  29.582601  7
  29.776271  7
  65.833146  7
  77.803338  7
  104.471218  7
  137.110817  7
  176.919361  7
  0.000000  7.5
  51.818333  7.5
  54.661503  7.5
  80.467286  7.5
  104.258084  7.5
  137.117391  7.5
  176.919290  7.5
  24.758172  6
  25.240841  6
  52.858481  6
  67.925116  6
  94.327194  6
  127.402995  6
  0.000003  6.5
  41.571746  6.5
  46.466989  6.5
  68.851505  6.5
  94.286258  6.5
  127.403558  6.5
  19.772424  5
  20.863752  5
  42.028277  5
  59.547113  5
  86.024375  5
  0.000032  5.5
  31.773074  5.5
  39.060207  5.5
  59.771871  5.5
  86.020140  5.5
  14.648111  4
  16.784922  4
  33.684244  4
  52.764383  4
  0.000338  4.5
  23.103074  4.5
  32.695868  4.5
  52.793885  4.5
  9.700269  3
  13.193744  3
  27.771428  3
  0.003311  3.5
  16.104170  3.5
  27.591588  3.5
  5.499210  2
  10.303558  2
  0.028277  2.5
  11.130244  2.5
  2.509126  1
  0.187003  1.5
