  38.041060  10
  38.041060  10
  102.085671  10
  102.085672  10
  150.034686  10
  150.036025  10
  181.245762  10
  181.940479  10
  195.348310  10
  204.220654  10
  -0.000000  10.5
  72.070789  10.5
  72.070789  10.5
  128.078848  10.5
  128.078871  10.5
  167.893759  10.5
  167.937760  10.5
  189.326255  10.5
  193.210073  10.5
  204.389184  10.5
  34.036388  9
  34.036388  9
  90.069581  9
  90.069586  9
  129.974514  9
  129.992625  9
  152.065176  9
  154.837317  9
  165.163950  9
  0.000000  9.5
  64.061072  9.5
  64.061072  9.5
  112.051969  9.5
  112.052384  9.5
  143.590566  9.5
  143.967185  9.5
  157.538173  9.5
  164.902355  9.5
  30.031694  8
  30.031694  8
  78.052296  8
  78.052403  8
  109.808335  8
  109.993451  8
  123.843372  8
  129.764502  8
  0.000000  8.5
  56.051155  8.5
  56.051156  8.5
  96.016488  8.5
  96.023035  8.5
  118.699839  8.5
  120.557825  8.5
  130.159806  8.5
  26.026968  7
  26.026968  7
  66.031808  7
  66.033795  7
  89.206798  7
  90.354997  7
  99.376263  7
  -0.000000  7.5
  48.040881  7.5
  48.040902  7.5
  79.932285  7.5
  80.012839  7.5
  94.215662  7.5
  98.798891  7.5
  22.022183  6
  22.022185  6
  53.992446  6
  54.022240  6
  68.611904  6
  71.995662  6
  0.000000  6.5
  40.029695  6.5
  40.030161  6.5
  63.575536  6.5
  64.213176  6.5
  72.804220  6.5
  18.017249  5
  18.017318  5
  41.812204  5
  42.118170  5
  50.421420  5
  0.000000  5.5
  32.012865  5.5
  32.021531  5.5
  46.996766  5.5
  49.343673  5.5
  14.011270  4
  14.012914  4
  29.343020  4
  30.831166  4
  0.000000  4.5
  23.939484  4.5
  24.057622  4.5
  32.192042  4.5
  9.990416  3
  10.021240  3
  18.072535  3
  0.000000  3.5
  15.630680  3.5
  16.446595  3.5
  5.846105  2
  6.179266  2
  0.000001  2.5
  8.020760  2.5
  2.003459  1
  0.001154  1.5
