  42.899733  10
  42.904639  10
  110.340031  10
  112.434820  10
  147.667221  10
  171.586066  10
  207.327312  10
  249.583787  10
  298.500876  10
  353.870101  10
  0.000000  10.5
  80.187703  10.5
  80.347834  10.5
  130.770229  10.5
  141.296009  10.5
  172.507135  10.5
  207.266963  10.5
  249.585882  10.5
  298.500839  10.5
  353.870101  10.5
  38.328042  9
  38.343179  9
  95.348337  9
  99.420193  9
  128.994496  9
  156.054746  9
  192.169737  9
  234.862515  9
  284.043546  9
  0.000000  9.5
  70.854207  9.5
  71.268069  9.5
  111.468951  9.5
  126.077429  9.5
  156.328342  9.5
  192.157775  9.5
  234.862770  9.5
  284.043544  9.5
  33.742659  8
  33.787823  8
  80.208747  8
  87.079659  8
  113.408771  8
  142.411200  8
  178.905594  8
  221.893172  8
  0.000000  8.5
  61.321139  8.5
  62.312997  8.5
  93.961651  8.5
  112.344956  8.5
  142.474246  8.5
  178.903935  8.5
  221.893188  8.5
  29.124146  7
  29.253013  7
  65.622809  7
  75.716601  7
  100.591606  7
  130.625217  7
  167.419411  7
  0.000000  7.5
  51.488200  7.5
  53.619756  7.5
  78.947408  7.5
  100.295423  7.5
  130.635402  7.5
  167.419289  7.5
  24.429334  6
  24.774468  6
  52.407433  6
  65.621980  6
  90.074577  6
  120.622235  6
  0.000001  6.5
  41.443737  6.5
  45.397252  6.5
  66.779768  6.5
  90.017022  6.5
  120.623111  6.5
  19.588209  5
  20.428178  5
  41.241914  5
  57.023310  5
  81.507397  5
  0.000016  5.5
  31.677878  5.5
  37.909283  5.5
  57.309482  5.5
  81.501403  5.5
  14.583299  4
  16.349011  4
  32.568603  4
  50.048537  4
  0.000193  4.5
  22.916643  4.5
  31.433400  4.5
  50.086459  4.5
  9.675604  3
  12.731293  3
  26.424166  3
  0.002163  3.5
  15.779815  3.5
  26.214518  3.5
  5.451188  2
  9.802367  2
  0.021163  2.5
  10.676014  2.5
  2.436631  1
  0.158442  1.5
