  77.786073  10
  100.783142  10
  215.805972  10
  362.811759  10
  563.454680  10
  814.803977  10
  1116.693734  10
  1469.031839  10
  1871.777652  10
  2324.910713  10
  0.017489  10.5
  130.430056  10.5
  212.072132  10.5
  362.956297  10.5
  563.452123  10.5
  814.804001  10.5
  1116.693734  10.5
  1469.031839  10.5
  1871.777652  10.5
  2324.910713  10.5
  66.976271  9
  93.340755  9
  203.966890  9
  352.336506  9
  553.169771  9
  804.634906  9
  1106.590763  9
  1458.970394  9
  1861.743995  9
  0.035268  9.5
  115.898740  9.5
  201.741525  9.5
  352.403644  9.5
  553.168855  9.5
  804.634912  9.5
  1106.590763  9.5
  1458.970394  9.5
  1861.743995  9.5
  56.725648  8
  86.418464  8
  193.687214  8
  343.016752  8
  544.008181  8
  795.563171  8
  1097.570554  8
  1449.982559  8
  0.070116  8.5
  102.909719  8.5
  192.452851  8.5
  343.044869  8.5
  544.007899  8.5
  795.563173  8.5
  1097.570554  8.5
  1449.982559  8.5
  47.175431  7
  80.069117  7
  184.855954  7
  334.837708  7
  535.956044  7
  787.579765  7
  1089.626660  7
  0.136965  7.5
  91.523151  7.5
  184.230739  7.5
  334.847973  7.5
  535.955973  7.5
  787.579765  7.5
  1089.626660  7.5
  38.446168  6
  74.346298  6
  177.373921  6
  327.784446  6
  529.001342  6
  780.676762  6
  0.261823  6.5
  81.780094  6.5
  177.093290  6.5
  327.787535  6.5
  529.001329  6.5
  780.676762  6.5
  30.631443  5
  69.305269  5
  171.158323  5
  321.842758  5
  523.133786  5
  0.487488  5.5
  73.697809  5.5
  171.052299  5.5
  321.843446  5.5
  523.133785  5.5
  23.794096  4
  65.004696  4
  166.144251  4
  316.999834  4
  0.879595  4.5
  67.264170  4.5
  166.113790  4.5
  316.999920  4.5
  17.963953  3
  61.509141  3
  162.284005  3
  1.530620  3.5
  62.433520  3.5
  162.278908  3.5
  13.136355  2
  58.892159  2
  2.558779  2.5
  59.127034  2.5
  9.271392  1
  4.100041  1.5
