  45.910181  10
  45.947357  10
  113.107002  10
  120.132113  10
  156.849135  10
  193.756833  10
  241.501410  10
  297.813784  10
  362.571566  10
  435.655802  10
  0.000000  10.5
  84.721228  10.5
  85.587376  10.5
  132.640426  10.5
  154.254262  10.5
  193.977117  10.5
  241.491817  10.5
  297.814015  10.5
  362.571563  10.5
  435.655802  10.5
  40.956600  9
  41.047888  9
  96.809467  9
  107.213004  9
  141.173339  9
  179.806330  9
  227.924979  9
  284.513789  9
  349.450232  9
  0.000000  9.5
  74.294049  9.5
  76.034921  9.5
  114.603249  9.5
  140.129631  9.5
  179.868180  9.5
  227.923128  9.5
  284.513817  9.5
  349.450231  9.5
  35.959835  8
  36.176209  8
  81.259220  8
  95.280617  8
  127.934684  8
  167.548069  8
  215.963009  8
  272.748123  8
  0.000000  8.5
  63.570007  8.5
  66.780445  8.5
  99.034396  8.5
  127.586958  8.5
  167.561815  8.5
  215.962757  8.5
  272.748124  8.5
  30.878467  7
  31.367218  7
  67.094829  7
  84.553511  7
  116.767599  7
  156.920210  7
  205.549800  7
  0.000002  7.5
  52.685308  7.5
  58.000082  7.5
  86.125999  7.5
  116.675978  7.5
  156.922379  7.5
  205.549782  7.5
  25.654344  6
  26.685094  6
  54.844428  6
  75.202902  6
  107.402794  6
  147.855705  6
  0.000020  6.5
  42.062882  6.5
  49.902459  6.5
  75.719517  6.5
  107.385554  6.5
  147.855889  6.5
  20.264236  5
  22.233312  5
  44.875566  5
  67.333431  5
  99.668153  5
  0.000160  5.5
  32.283254  5.5
  42.704421  5.5
  67.454684  5.5
  99.666391  5.5
  14.855338  4
  18.155636  4
  37.293938  4
  60.979050  4
  0.001234  4.5
  23.870817  4.5
  36.604584  4.5
  60.994696  4.5
  9.830352  3
  14.623527  3
  31.883210  3
  0.008837  3.5
  17.207469  3.5
  31.761309  3.5
  5.680330  2
  11.817786  2
  0.055450  2.5
  12.536350  2.5
  2.731075  1
  0.277917  1.5
