  46.458909  10
  46.508052  10
  113.526274  10
  121.685611  10
  159.164016  10
  198.224863  10
  248.177297  10
  307.048787  10
  374.707538  10
  451.042707  10
  0.000000  10.5
  85.487349  10.5
  86.573163  10.5
  133.312683  10.5
  156.946305  10.5
  198.400090  10.5
  248.170102  10.5
  307.048951  10.5
  374.707536  10.5
  451.042707  10.5
  41.431566  9
  41.548471  9
  97.112573  9
  108.806575  9
  143.875849  9
  184.487064  9
  234.801447  9
  293.932317  9
  361.759535  9
  0.000000  9.5
  74.847017  9.5
  76.951619  9.5
  115.563474  9.5
  142.995697  9.5
  184.536004  9.5
  234.800063  9.5
  293.932337  9.5
  361.759535  9.5
  36.353928  8
  36.622258  8
  81.581948  8
  96.953005  8
  130.916094  8
  172.410173  8
  223.006882  8
  282.322741  8
  0.000000  8.5
  63.918987  8.5
  67.659662  8.5
  100.328440  8.5
  130.625358  8.5
  172.421012  8.5
  223.006694  8.5
  282.322742  8.5
  31.181510  7
  31.768067  7
  67.534605  7
  86.328062  7
  119.945983  7
  161.932493  7
  212.732644  7
  0.000004  7.5
  52.890300  7.5
  58.875099  7.5
  87.722735  7.5
  119.869780  7.5
  161.934200  7.5
  212.732630  7.5
  25.857993  6
  27.054221  6
  55.456704  6
  77.086051  6
  110.724138  6
  152.989707  6
  0.000029  6.5
  42.213554  6.5
  50.802346  6.5
  77.540087  6.5
  110.709845  6.5
  152.989851  6.5
  20.376248  5
  22.586929  5
  45.671720  5
  69.316882  5
  103.096012  5
  0.000220  5.5
  32.453341  5.5
  43.649196  5.5
  69.422895  5.5
  103.094554  5.5
  14.910818  4
  18.509290  4
  38.239650  4
  63.044948  4
  0.001598  4.5
  24.099536  4.5
  37.602914  4.5
  63.058590  4.5
  9.872802  3
  14.988278  3
  32.922892  3
  0.010756  3.5
  17.505833  3.5
  32.810832  3.5
  5.731653  2
  12.198349  2
  0.063523  2.5
  12.895445  2.5
  2.787207  1
  0.301690  1.5
