  134.075868  10
  344.148389  10
  871.583065  10
  1656.001406  10
  2703.235264  10
  4012.644774  10
  5584.091659  10
  7417.523203  10
  9512.915858  10
  11870.257813  10
  3.834153  10.5
  359.601262  10.5
  871.270694  10.5
  1656.003547  10.5
  2703.235257  10.5
  4012.644774  10.5
  5584.091659  10.5
  7417.523203  10.5
  9512.915858  10.5
  11870.257813  10.5
  119.686440  9
  335.275393  9
  861.412857  9
  1646.155018  9
  2693.493330  9
  4002.955816  9
  5574.433117  9
  7407.883726  9
  9503.289115  9
  4.913306  9.5
  346.640969  9.5
  861.230258  9.5
  1646.156007  9.5
  2693.493327  9.5
  4002.955816  9.5
  5574.433117  9.5
  7407.883726  9.5
  9503.289115  9.5
  106.270290  8
  327.184803  8
  852.352430  8
  1637.356543  8
  2684.784017  8
  3994.291571  8
  5565.794732  8
  7399.261543  8
  6.253380  8.5
  335.221819  8.5
  852.252650  8.5
  1637.356956  8.5
  2684.784016  8.5
  3994.291571  8.5
  5565.794732  8.5
  7399.261543  8.5
  93.828188  7
  319.906498  7
  844.387099  7
  1629.602200  7
  2677.104937  7
  3986.650432  7
  5558.175348  7
  7.902202  7.5
  325.312947  7.5
  844.337131  7.5
  1629.602350  7.5
  2677.104936  7.5
  3986.650432  7.5
  5558.175348  7.5
  82.354576  6
  313.472305  6
  837.504701  6
  1622.888625  6
  2670.453983  6
  3980.030978  6
  9.911743  6.5
  316.877883  6.5
  837.482464  6.5
  1622.888670  6.5
  2670.453983  6.5
  3980.030978  6.5
  71.837522  5
  307.916236  5
  831.695392  5
  1617.212889  5
  2664.829332  5
  12.337326  5.5
  309.875231  5.5
  831.687044  5.5
  1617.212899  5.5
  2664.829332  5.5
  62.258708  4
  303.274711  4
  826.951434  4
  1612.572505  4
  15.236634  4.5
  304.259540  4.5
  826.949047  4.5
  1612.572506  4.5
  53.593485  3
  299.586709  3
  823.266977  3
  18.668563  3.5
  299.982307  3.5
  823.266578  3.5
  45.811002  2
  296.893852  2
  22.691988  2.5
  296.993050  2.5
  38.874448  1
  27.364541  1.5
