  46.913893  10
  46.974956  10
  113.870332  10
  123.010954  10
  161.201996  10
  202.022195  10
  253.816344  10
  314.821431  10
  384.900982  10
  463.950022  10
  0.000000  10.5
  86.107451  10.5
  87.400102  10.5
  133.948481  10.5
  159.251121  10.5
  202.167987  10.5
  253.810629  10.5
  314.821555  10.5
  384.900981  10.5
  463.950022  10.5
  41.824249  9
  41.965957  9
  97.382796  9
  110.168188  9
  146.205583  9
  188.448061  9
  240.593666  9
  301.845486  9
  372.085829  9
  0.000000  9.5
  75.289782  9.5
  77.724866  9.5
  116.441637  9.5
  145.438706  9.5
  188.488627  9.5
  240.592569  9.5
  301.845501  9.5
  372.085829  9.5
  36.678101  8
  36.995294  8
  81.881610  8
  98.379702  8
  133.454652  8
  176.510213  8
  228.927202  8
  290.355533  8
  0.000001  8.5
  64.198988  8.5
  68.404971  8.5
  101.473890  8.5
  133.202875  8.5
  176.519174  8.5
  228.927054  8.5
  290.355534  8.5
  31.428852  7
  32.104669  7
  67.935560  7
  87.836344  7
  122.633064  7
  166.147560  7
  218.759447  7
  0.000005  7.5
  53.061827  7.5
  59.618734  7.5
  89.101862  7.5
  122.567321  7.5
  166.148968  7.5
  218.759436  7.5
  26.022907  6
  27.365560  6
  55.998404  6
  78.679443  6
  113.519935  6
  157.298046  6
  0.000039  6.5
  42.348232  6.5
  51.566642  6.5
  79.088717  6.5
  113.507632  6.5
  157.298165  6.5
  20.467579  5
  22.886025  5
  46.358782  5
  70.987971  5
  105.973257  5
  0.000283  5.5
  32.606619  5.5
  44.449145  5.5
  71.083175  5.5
  105.972004  5.5
  14.958476  4
  18.808303  4
  39.042093  4
  64.779497  4
  0.001956  4.5
  24.300080  4.5
  38.444699  4.5
  64.791724  4.5
  9.910743  3
  15.295711  3
  33.797017  3
  0.012541  3.5
  17.761249  3.5
  33.692250  3.5
  5.776014  2
  12.517822  2
  0.070658  2.5
  13.198223  2.5
  2.834375  1
  0.321897  1.5
