  635.365031  10
  3622.161204  10
  9963.649343  10
  19477.626956  10
  32163.919966  10
  48022.103244  10
  67052.056120  10
  89253.733298  10
  114627.114636  10
  143172.190060  10
  232.315220  10.5
  3626.803947  10.5
  9963.641989  10.5
  19477.626960  10.5
  32163.919966  10.5
  48022.103244  10.5
  67052.056120  10.5
  89253.733298  10.5
  114627.114636  10.5
  143172.190060  10.5
  607.734400  9
  3612.079337  9
  9953.735114  9
  19467.916865  9
  32154.291126  9
  48012.515074  9
  67042.491203  9
  89244.182920  9
  114617.573952  9
  245.786002  9.5
  3615.459046  9.5
  9953.730824  9.5
  19467.916866  9.5
  32154.291126  9.5
  48012.515074  9.5
  67042.491203  9.5
  89244.182920  9.5
  114617.573952  9.5
  580.965206  8
  3603.002787  8
  9944.866639  8
  19459.229830  8
  32145.676428  8
  48003.936577  8
  67033.933402  8
  89235.638057  8
  259.868228  8.5
  3605.370569  8.5
  9944.864298  8.5
  19459.229831  8.5
  32145.676428  8.5
  48003.936577  8.5
  67033.933402  8.5
  89235.638057  8.5
  555.046880  7
  3594.944181  7
  9937.043164  7
  19451.565538  7
  32138.075681  7
  47996.367624  7
  67026.382623  7
  274.578266  7.5
  3596.523872  7.5
  9937.041993  7.5
  19451.565538  7.5
  32138.075681  7.5
  47996.367624  7.5
  67026.382623  7.5
  529.968385  6
  3587.916354  6
  9930.264042  6
  19444.923712  6
  32131.488711  6
  47989.808097  6
  289.932314  6.5
  3588.904294  6.5
  9930.263522  6.5
  19444.923712  6.5
  32131.488711  6.5
  47989.808097  6.5
  505.718230  5
  3581.932339  5
  9924.528730  5
  19439.304111  5
  32125.915372  5
  305.946372  5.5
  3582.497183  5.5
  9924.528535  5.5
  19439.304111  5.5
  32125.915372  5.5
  482.284477  4
  3577.005366  4
  9919.836780  4
  19434.706533  4
  322.636218  4.5
  3577.287913  4.5
  9919.836724  4.5
  19434.706533  4.5
  459.654756  3
  3573.148851  3
  9916.187836  3
  340.017382  3.5
  3573.261909  3.5
  9916.187827  3.5
  437.816276  2
  3570.376388  2
  358.105121  2.5
  3570.404660  2.5
  416.755843  1
  376.914401  1.5
