  39.021241  10
  39.021246  10
  104.092271  10
  104.106903  10
  149.233569  10
  151.799455  10
  174.413706  10
  192.791214  10
  217.430143  10
  245.893936  10
  0.000000  10.5
  73.753367  10.5
  73.753769  10.5
  129.707817  10.5
  129.986050  10.5
  161.998982  10.5
  171.629740  10.5
  193.088675  10.5
  217.416533  10.5
  245.894172  10.5
  34.904669  9
  34.904702  9
  91.655789  9
  91.723812  9
  126.811955  9
  132.406200  9
  151.859333  9
  172.611558  9
  197.856772  9
  0.000000  9.5
  65.509111  9.5
  65.511394  9.5
  112.644019  9.5
  113.612452  9.5
  137.310320  9.5
  151.121154  9.5
  172.653292  9.5
  197.855930  9.5
  30.787462  8
  30.787677  8
  79.101298  8
  79.384234  8
  105.132504  8
  114.484464  8
  133.139922  8
  155.044712  8
  0.000000  8.5
  57.255122  8.5
  57.267336  8.5
  95.005704  8.5
  97.685548  8.5
  116.123200  8.5
  133.018054  8.5
  155.047649  8.5
  26.668882  7
  26.670214  7
  66.239188  7
  67.230021  7
  85.839027  7
  98.603490  7
  117.469047  7
  0.000000  7.5
  48.971692  7.5
  49.031833  7.5
  77.206898  7.5
  82.712360  7.5
  98.935786  7.5
  117.459096  7.5
  22.546017  6
  22.553795  6
  52.943837  6
  55.587643  6
  70.115229  6
  85.094792  6
  0.000000  6.5
  40.590438  6.5
  40.852206  6.5
  60.629286  6.5
  69.297394  6.5
  85.127242  6.5
  18.406042  5
  18.447811  5
  39.892981  5
  44.974553  5
  58.038952  5
  0.000000  5.5
  31.951859  5.5
  32.880828  5.5
  46.701570  5.5
  57.938795  5.5
  14.198851  4
  14.394941  4
  28.459394  4
  35.957502  4
  0.000000  4.5
  23.083897  4.5
  25.455983  4.5
  36.240977  4.5
  9.817997  3
  10.536308  3
  19.771787  3
  0.000020  3.5
  14.874545  3.5
  19.079153  3.5
  5.457791  2
  7.182497  2
  0.000922  2.5
  8.524450  2.5
  2.087012  1
  0.029554  1.5
