  63.794590  10
  68.192824  10
  141.899184  10
  204.837741  10
  299.708031  10
  418.736216  10
  562.051718  10
  729.476663  10
  920.942898  10
  1136.416102  10
  0.000239  10.5
  104.578796  10.5
  131.430873  10.5
  205.853385  10.5
  299.667196  10.5
  418.737080  10.5
  562.051708  10.5
  729.476664  10.5
  920.942898  10.5
  1136.416102  10.5
  55.561875  9
  61.654273  9
  127.627451  9
  193.559634  9
  288.602550  9
  407.861488  9
  551.300034  9
  718.802161  9
  910.319969  9
  0.000719  9.5
  90.130489  9.5
  121.035412  9.5
  194.040190  9.5
  288.587819  9.5
  407.861720  9.5
  551.300032  9.5
  718.802161  9.5
  910.319969  9.5
  47.310828  8
  55.434363  8
  115.374470  8
  183.536210  8
  278.767655  8
  398.193653  8
  541.724548  8
  709.284631  8
  0.002136  8.5
  76.843571  8.5
  111.553701  8.5
  183.740159  8.5
  278.763088  8.5
  398.193703  8.5
  541.724547  8.5
  709.284631  8.5
  39.212244  7
  49.608861  7
  105.061149  7
  174.762489  7
  270.166106  7
  389.711813  7
  533.310353  7
  0.006228  7.5
  64.909766  7.5
  103.061511  7.5
  174.837658  7.5
  270.164958  7.5
  389.711821  7.5
  533.310353  7.5
  31.489061  6
  44.257542  6
  96.540500  6
  167.223345  6
  262.767629  6
  382.397616  6
  0.017731  6.5
  54.484009  6.5
  95.622183  6.5
  167.246117  6.5
  262.767419  6.5
  382.397616  6.5
  24.376562  5
  39.461963  5
  89.637228  5
  160.897531  5
  256.547387  5
  0.048868  5.5
  45.686335  5.5
  89.284961  5.5
  160.902627  5.5
  256.547366  5.5
  18.081670  4
  35.304711  4
  84.186313  4
  155.761540  4
  0.128883  4.5
  38.598647  4.5
  84.084112  4.5
  155.762180  4.5
  12.755088  3
  31.871257  3
  80.056322  3
  0.320425  3.5
  33.252817  3.5
  80.039115  3.5
  8.476827  2
  29.255422  2
  0.738822  2.5
  29.613221  2.5
  5.249266  1
  1.559163  1.5
