  80.596031  10
  109.609573  10
  237.980240  10
  407.705813  10
  637.990856  10
  926.373981  10
  1272.684487  10
  1676.837314  10
  2138.794702  10
  2658.537644  10
  0.032587  10.5
  137.953281  10.5
  234.932644  10.5
  407.807058  10.5
  637.989307  10.5
  926.373994  10.5
  1272.684487  10.5
  1676.837314  10.5
  2138.794702  10.5
  2658.537644  10.5
  69.429068  9
  102.024601  9
  226.437213  9
  397.329456  9
  627.794997  9
  916.283128  9
  1262.653747  9
  1666.844340  9
  2128.827000  9
  0.062088  9.5
  123.502645  9.5
  224.628869  9.5
  397.376425  9.5
  627.794442  9.5
  916.283132  9.5
  1262.653747  9.5
  1666.844340  9.5
  2128.827000  9.5
  58.906247  8
  94.988810  8
  216.376252  8
  388.092883  8
  618.707311  8
  907.277672  8
  1253.695515  8
  1657.915778  8
  0.116646  8.5
  110.624549  8.5
  215.376534  8.5
  388.112534  8.5
  618.707140  8.5
  907.277672  8.5
  1253.695515  8.5
  1657.915778  8.5
  49.148245  7
  88.551466  7
  207.700077  7
  379.982233  7
  610.715956  7
  899.349848  7
  1245.804233  7
  0.215430  7.5
  99.364951  7.5
  207.194944  7.5
  379.989402  7.5
  610.715913  7.5
  899.349848  7.5
  1245.804233  7.5
  40.254579  6
  82.762834  6
  200.324177  6
  372.983945  6
  603.810627  6
  892.492826  6
  0.389737  6.5
  89.751289  6.5
  200.097842  6.5
  372.986102  6.5
  603.810619  6.5
  892.492826  6.5
  32.299693  5
  77.675254  5
  194.179126  5
  367.085378  5
  597.982475  5
  0.687927  5.5
  81.788134  5.5
  194.093721  5.5
  367.085858  5.5
  597.982474  5.5
  25.330566  4
  73.344798  4
  189.210885  4
  362.275287  4
  1.179895  4.5
  75.452875  4.5
  189.186369  4.5
  362.275347  4.5
  19.365185  3
  69.833498  3
  185.379798  3
  1.959082  3.5
  70.693413  3.5
  185.375698  3.5
  14.391512  2
  67.211918  2
  3.139962  2.5
  67.429944  2.5
  10.367048  1
  4.850286  1.5
