  130.258722  10
  325.048591  10
  819.105597  10
  1553.046089  10
  2533.010243  10
  3758.336331  10
  5228.884826  10
  6944.602443  10
  8905.465378  10
  11111.461686  10
  3.292622  10.5
  340.970358  10.5
  818.760353  10.5
  1553.048620  10.5
  2533.010235  10.5
  3758.336331  10.5
  5228.884826  10.5
  6944.602443  10.5
  8905.465378  10.5
  11111.461686  10.5
  116.031294  9
  316.223083  9
  808.913787  9
  1543.189450  9
  2523.259777  9
  3748.639778  9
  5219.219233  9
  6934.956260  9
  8895.832159  9
  4.264502  9.5
  327.942210  9.5
  808.711937  9.5
  1543.190619  9.5
  2523.259774  9.5
  3748.639778  9.5
  5219.219233  9.5
  6934.956260  9.5
  8895.832159  9.5
  102.776219  8
  308.171671  8
  799.837421  8
  1534.382586  8
  2514.543332  8
  3739.969076  8
  5210.574782  8
  6926.328259  8
  5.483744  8.5
  316.464333  8.5
  799.727106  8.5
  1534.383073  8.5
  2514.543331  8.5
  3739.969076  8.5
  5210.574782  8.5
  6926.328259  8.5
  90.496167  7
  300.924736  7
  791.860518  7
  1526.621459  7
  2506.858349  7
  3732.322502  7
  5202.950236  7
  6.998472  7.5
  306.506567  7.5
  791.805267  7.5
  1526.621637  7.5
  2506.858349  7.5
  3732.322502  7.5
  5202.950236  7.5
  79.187060  6
  294.514666  6
  784.969850  6
  1519.902480  6
  2500.202577  6
  3725.698538  6
  8.861425  6.5
  298.032607  6.5
  784.945259  6.5
  1519.902533  6.5
  2500.202577  6.5
  3725.698538  6.5
  68.838010  5
  288.976133  5
  779.154724  5
  1514.222517  5
  2494.574065  5
  11.129148  5.5
  291.000688  5.5
  779.145492  5.5
  1514.222529  5.5
  2494.574065  5.5
  59.431296  4
  284.346333  4
  774.406747  4
  1509.578912  4
  13.860943  4.5
  285.364504  4.5
  774.404106  4.5
  1509.578913  4.5
  50.942408  3
  280.665183  3
  770.719582  3
  17.117622  3.5
  281.074293  3.5
  770.719142  3.5
  43.340180  2
  277.975415  2
  20.960162  2.5
  278.078023  2.5
  36.587042  1
  25.448336  1.5
