  184.383575  10
  614.363303  10
  1617.249074  10
  3118.158512  10
  5120.503245  10
  7623.775349  10
  10627.845538  10
  14132.664993  10
  18138.211948  10
  22644.475504  10
  14.363528  10.5
  625.800789  10.5
  1617.131349  10.5
  3118.158931  10.5
  5120.503244  10.5
  7623.775349  10.5
  10627.845538  10.5
  14132.664993  10.5
  18138.211948  10.5
  22644.475504  10.5
  168.077627  9
  605.069794  9
  1607.220596  9
  3108.383176  9
  5110.820327  9
  7614.138958  9
  10618.235814  9
  14123.071964  9
  18128.630063  9
  16.948445  9.5
  613.437644  9.5
  1607.151853  9.5
  3108.383370  9.5
  5110.820327  9.5
  7614.138958  9.5
  10618.235814  9.5
  14123.071964  9.5
  18128.630063  9.5
  152.731174  8
  596.633496  8
  1598.265508  8
  3099.642815  8
  5102.160374  8
  7605.519428  8
  10609.639440  8
  14114.490084  8
  19.919888  8.5
  602.522335  8.5
  1598.227979  8.5
  3099.642895  8.5
  5102.160374  8.5
  7605.519428  8.5
  10609.639440  8.5
  14114.490084  8.5
  138.333980  7
  589.079480  7
  1590.377288  7
  3091.935436  7
  5094.522147  7
  7597.915923  7
  10602.055816  7
  23.318381  7.5
  593.023920  7.5
  1590.358509  7.5
  3091.935465  7.5
  5094.522147  7.5
  7597.915923  7.5
  10602.055816  7.5
  124.872498  6
  582.434086  6
  1583.550480  6
  3085.259278  6
  5087.904555  6
  7591.327707  6
  27.185550  6.5
  584.909455  6.5
  1583.542128  6.5
  3085.259287  6.5
  5087.904555  6.5
  7591.327707  6.5
  112.329883  5
  576.724989  5
  1577.780617  5
  3079.612812  5
  5082.306653  5
  31.563686  5.5
  578.144383  5.5
  1577.777484  5.5
  3079.612814  5.5
  5082.306653  5.5
  100.686041  4
  571.981224  4
  1573.064141  4
  3074.994743  4
  36.495282  4.5
  572.692930  4.5
  1573.063245  4.5
  3074.994743  4.5
  89.917694  3
  568.233209  3
  1569.398317  3
  42.022574  3.5
  568.518518  3.5
  1569.398168  3.5
  79.998484  2
  565.512714  2
  48.187072  2.5
  565.584153  2.5
  70.899115  1
  55.029128  1.5
