  45.178641  10
  45.203415  10
  112.527773  10
  118.135810  10
  154.029248  10
  187.994040  10
  232.812257  10
  285.728023  10
  346.640953  10
  415.418966  10
  0.000000  10.5
  83.669383  10.5
  84.290712  10.5
  131.905890  10.5
  150.817377  10.5
  188.296894  10.5
  232.797912  10.5
  285.728396  10.5
  346.640948  10.5
  415.418966  10.5
  40.321200  9
  40.384898  9
  96.437507  9
  105.171134  9
  137.768145  9
  173.730258  9
  218.936655  9
  272.155425  9
  333.262512  9
  0.000000  9.5
  73.522629  9.5
  74.838135  9.5
  113.498691  9.5
  136.448015  9.5
  173.816023  9.5
  218.933876  9.5
  272.155469  9.5
  333.262512  9.5
  35.429312  8
  35.587480  8
  80.894443  8
  93.133935  8
  124.102737  8
  161.203241  8
  206.725783  8
  260.158192  8
  0.000000  8.5
  63.081235  8.5
  65.640768  8.5
  97.468274  8.5
  123.656718  8.5
  161.222412  8.5
  206.725403  8.5
  260.158195  8.5
  30.466355  7
  30.840962  7
  66.585875  7
  82.264026  7
  112.636521  7
  150.352460  7
  196.106344  7
  0.000001  7.5
  52.411843  7.5
  56.870389  7.5
  84.118650  7.5
  112.517994  7.5
  150.355497  7.5
  196.106316  7.5
  25.374143  6
  26.203445  6
  54.101654  6
  72.757451  6
  103.057181  6
  141.107365  6
  0.000011  6.5
  41.881591  6.5
  48.739974  6.5
  73.375687  6.5
  103.034763  6.5
  141.107624  6.5
  20.110881  5
  21.773792  5
  43.872289  5
  64.741507  5
  95.163987  5
  0.000100  5.5
  32.082887  5.5
  41.478634  5.5
  64.887822  5.5
  95.161689  5.5
  14.784600  4
  17.695870  4
  36.071382  4
  58.265592  4
  0.000848  4.5
  23.589527  4.5
  35.301455  4.5
  58.284554  4.5
  9.779806  3
  14.147163  3
  30.520476  3
  0.006649  3.5
  16.826693  3.5
  30.383309  3.5
  5.615894  2
  11.317813  2
  0.045578  2.5
  12.067599  2.5
  2.657477  1
  0.247212  1.5
