  70.137405  10
  80.571797  10
  167.703667  10
  262.708494  10
  396.765535  10
  564.903016  10
  767.022524  10
  1003.000371  10
  1272.784217  10
  1576.347721  10
  0.002153  10.5
  113.975567  10.5
  161.060324  10.5
  263.120508  10.5
  396.754306  10.5
  564.903180  10.5
  767.022522  10.5
  1003.000371  10.5
  1272.784217  10.5
  1576.347721  10.5
  60.587238  9
  73.585278  9
  154.715026  9
  251.861834  9
  386.126847  9
  554.425938  9
  756.635774  9
  992.670325  9
  1262.492102  9
  0.005271  9.5
  99.347976  9.5
  150.669187  9.5
  252.054440  9.5
  386.122815  9.5
  554.425982  9.5
  756.635774  9.5
  992.670325  9.5
  1262.492102  9.5
  51.286397  8
  67.019852  8
  143.552503  8
  242.223758  8
  376.673060  8
  545.093621  8
  747.372359  8
  983.450188  8
  0.012721  8.5
  86.116067  8.5
  141.271054  8.5
  242.304802  8.5
  376.671815  8.5
  545.093630  8.5
  747.372359  8.5
  983.450188  8.5
  42.425207  7
  60.940888  7
  134.082283  7
  233.779732  7
  368.381436  7
  536.892003  7
  739.222242  7
  0.030148  7.5
  74.394370  7.5
  132.912765  7.5
  233.809423  7.5
  368.381124  7.5
  536.892005  7.5
  739.222242  7.5
  34.192660  6
  55.414645  6
  126.160749  6
  226.511948  6
  361.232702  6
  529.808732  6
  0.069787  6.5
  64.273659  6.5
  125.631381  6.5
  226.520905  6.5
  361.232645  6.5
  529.808732  6.5
  26.754468  5
  50.508129  5
  119.654952  5
  220.401440  5
  355.210599  5
  0.156703  5.5
  55.818105  5.5
  119.453809  5.5
  220.403439  5.5
  355.210593  5.5
  20.238033  4
  46.290266  4
  114.454976  4
  215.429889  4
  0.338425  4.5
  49.058080  4.5
  114.396967  4.5
  215.430140  4.5
  14.723930  3
  42.834777  3
  110.478369  3
  0.696347  3.5
  43.979928  3.5
  110.468639  3.5
  10.241363  2
  40.224881  2
  1.353159  2.5
  40.518308  2.5
  6.765579  1
  2.468192  1.5
