  62.883730  10
  66.697293  10
  139.113274  10
  198.154324  10
  288.433836  10
  401.680493  10
  538.083764  10
  697.453917  10
  879.719917  10
  1084.845968  10
  0.000168  10.5
  103.474462  10.5
  127.987653  10.5
  199.310227  10.5
  288.384579  10.5
  401.681593  10.5
  538.083750  10.5
  697.453917  10.5
  879.719917  10.5
  1084.845968  10.5
  54.848792  9
  60.227943  9
  124.646572  9
  186.805276  9
  277.243521  9
  390.734815  9
  527.267122  9
  686.718216  9
  869.038286  9
  0.000523  9.5
  89.082371  9.5
  117.597673  9.5
  187.353657  9.5
  277.225735  9.5
  390.735110  9.5
  527.267120  9.5
  686.718216  9.5
  869.038286  9.5
  46.765223  8
  54.061416  8
  112.213645  8
  176.716444  8
  267.340021  8
  381.007214  8
  517.636169  8
  677.147908  8
  0.001605  8.5
  75.805336  8.5
  108.106208  8.5
  176.949610  8.5
  267.334502  8.5
  381.007278  8.5
  517.636168  8.5
  677.147908  8.5
  38.793126  7
  48.274589  7
  101.752779  7
  167.885565  7
  258.683030  7
  372.475542  7
  509.175101  7
  0.004839  7.5
  63.849950  7.5
  99.594039  7.5
  167.971613  7.5
  258.681642  7.5
  372.475552  7.5
  509.175101  7.5
  31.154408  6
  42.949171  6
  93.123596  6
  160.298764  6
  251.240060  6
  365.120346  6
  0.014244  6.5
  53.383290  6.5
  92.129235  6.5
  160.324854  6.5
  251.239806  6.5
  365.120347  6.5
  24.092597  5
  38.169119  5
  86.147392  5
  153.934880  5
  244.984619  5
  0.040593  5.5
  44.535350  5.5
  85.765207  5.5
  153.940721  5.5
  244.984593  5.5
  17.827448  4
  34.019454  4
  80.650590  4
  148.769746  4
  0.110636  4.5
  37.396834  4.5
  80.539576  4.5
  148.770480  4.5
  12.522277  3
  30.587797  3
  76.492895  3
  0.283839  3.5
  32.007653  3.5
  76.474191  3.5
  8.266719  2
  27.969803  2
  0.673456  2.5
  28.338209  2.5
  5.068623  1
  1.456195  1.5
