  179.206314  10
  585.231923  10
  1536.686073  10
  2960.218334  10
  4859.404630  10
  7233.730246  10
  10083.065347  10
  13407.360882  10
  17206.594983  10
  21480.756695  10
  13.021548  10.5
  596.959633  10.5
  1536.558597  10.5
  2960.218813  10.5
  4859.404629  10.5
  7233.730246  10.5
  10083.065347  10.5
  13407.360882  10.5
  17206.594983  10.5
  21480.756695  10.5
  163.083670  9
  575.969768  9
  1526.649605  9
  2950.438777  9
  4849.718211  9
  7224.090734  9
  10073.452723  9
  13397.765094  9
  17197.010433  9
  15.449304  9.5
  584.552706  9.5
  1526.575164  9.5
  2950.438998  9.5
  4849.718211  9.5
  7224.090734  9.5
  10073.452723  9.5
  13397.765094  9.5
  17197.010433  9.5
  147.922726  8
  567.559156  8
  1517.688534  8
  2941.694965  8
  4841.055329  8
  7215.468549  8
  10064.853854  8
  13389.180820  8
  18.254079  8.5
  573.601110  8.5
  1517.647892  8.5
  2941.695057  8.5
  4841.055329  8.5
  7215.468549  8.5
  10064.853854  8.5
  13389.180820  8.5
  133.713749  7
  560.025547  7
  1509.795897  7
  2933.984797  7
  4833.414677  7
  7207.862809  7
  10057.268106  7
  21.477178  7.5
  564.073585  7.5
  1509.775560  7.5
  2933.984831  7.5
  4833.414676  7.5
  7207.862809  7.5
  10057.268106  7.5
  120.443506  6
  553.395732  6
  1502.965878  6
  2927.306418  6
  4826.795104  6
  7201.272738  6
  25.161160  6.5
  555.936681  6.5
  1502.956833  6.5
  2927.306428  6.5
  4826.795104  6.5
  7201.272738  6.5
  108.095286  5
  547.697891  5
  1497.193719  5
  2921.658213  5
  4821.195613  5
  29.349377  5.5
  549.155164  5.5
  1497.190325  5.5
  2921.658216  5.5
  4821.195613  5.5
  96.648937  4
  542.961640  4
  1492.475629  4
  2917.038819  4
  34.085474  4.5
  543.692452  4.5
  1492.474659  4.5
  2917.038819  4.5
  86.080943  3
  539.218050  3
  1488.808704  3
  39.412886  3.5
  539.511053  3.5
  1488.808543  3.5
  76.364521  2
  536.499624  2
  45.374338  2.5
  536.572996  2.5
  67.469777  1
  52.011371  1.5
