  268.308700  10
  1115.629566  10
  3005.908796  10
  5840.235884  10
  9620.383351  10
  14345.895370  10
  20016.647449  10
  26632.592743  10
  34193.710398  10
  42699.989975  10
  42.195942  10.5
  1124.054553  10.5
  3005.863504  10.5
  5840.235969  10.5
  9620.383351  10.5
  14345.895370  10.5
  20016.647449  10.5
  26632.592743  10.5
  34193.710398  10.5
  42699.989975  10.5
  249.313361  9
  1106.000053  9
  2995.946632  9
  5830.497037  9
  9610.730682  9
  14336.285946  9
  20007.062779  9
  26623.023560  9
  34184.151547  9
  47.233437  9.5
  1112.146691  9.5
  2995.920198  9.5
  5830.497076  9.5
  9610.730682  9.5
  14336.285946  9.5
  20007.062779  9.5
  26623.023560  9.5
  34184.151547  9.5
  231.244594  8
  1097.289573  8
  2987.041517  8
  5821.786500  8
  9602.096040  8
  14327.689361  8
  19998.487972  8
  26614.462376  8
  52.757802  8.5
  1101.604391  8.5
  2987.027092  8.5
  5821.786516  8.5
  9602.096040  8.5
  14327.689361  8.5
  19998.487972  8.5
  26614.462376  8.5
  214.089423  7
  1089.518524  7
  2979.190422  7
  5814.103218  7
  9594.478772  7
  14320.105175  7
  19990.922711  7
  58.799825  7.5
  1092.402246  7.5
  2979.183207  7.5
  5814.103224  7.5
  9594.478772  7.5
  14320.105175  7.5
  19990.922711  7.5
  197.833160  6
  1082.708025  6
  2972.390789  6
  5807.446259  6
  9587.878303  6
  14313.532999  6
  65.390357  6.5
  1084.514247  6.5
  2972.387581  6.5
  5807.446261  6.5
  9587.878303  6.5
  14313.532999  6.5
  182.459433  5
  1076.879926  5
  2966.640499  5
  5801.814815  5
  9582.294134  5
  72.560133  5.5
  1077.913939  5.5
  2966.639296  5.5
  5801.814816  5.5
  9582.294134  5.5
  167.950220  4
  1072.056797  4
  2961.937844  4
  5797.208203  4
  80.339594  4.5
  1072.574576  4.5
  2961.937500  4.5
  5797.208203  4.5
  154.285899  3
  1068.261917  3
  2958.281493  3
  88.758710  3.5
  1068.469269  3.5
  2958.281436  3.5
  141.445299  2
  1065.519245  2
  97.846822  2.5
  1065.571126  2.5
  129.405774  1
  107.632476  1.5
