  68.126008  10
  76.241163  10
  158.212079  10
  242.034481  10
  362.184823  10
  512.922742  10
  694.195423  10
  905.866022  10
  1147.877903  10
  1420.202569  10
  0.001123  10.5
  110.626644  10.5
  150.500318  10.5
  242.582710  10.5
  362.167965  10.5
  512.923018  10.5
  694.195421  10.5
  905.866022  10.5
  1147.877903  10.5
  1420.202569  10.5
  58.974930  9
  69.390243  9
  144.839561  9
  231.063078  9
  351.418586  9
  502.335897  9
  683.707782  9
  895.440638  9
  1137.494155  9
  0.002922  9.5
  96.022056  9.5
  140.101156  9.5
  231.320098  9.5
  351.412527  9.5
  502.335971  9.5
  683.707781  9.5
  895.440638  9.5
  1137.494155  9.5
  49.982216  8
  62.929637  8
  133.365272  8
  221.315559  8
  341.860106  8
  492.910865  8
  674.358012  8
  886.138131  8
  0.007497  8.5
  82.753055  8.5
  130.674444  8.5
  221.423931  8.5
  341.858232  8.5
  492.910881  8.5
  674.358012  8.5
  886.138131  8.5
  41.341389  7
  56.928295  7
  123.661626  7
  212.779014  7
  333.483040  7
  484.631731  7
  666.134761  7
  0.018885  7.5
  70.954375  7.5
  122.275093  7.5
  212.818776  7.5
  333.482570  7.5
  484.631733  7.5
  666.134761  7.5
  33.257663  6
  51.456617  6
  115.577172  6
  205.435640  6
  326.265291  6
  477.484515  6
  0.046454  6.5
  60.734047  6.5
  114.947318  6.5
  205.447648  6.5
  326.265206  6.5
  477.484516  6.5
  25.919433  5
  46.585766  5
  108.963865  5
  199.265383  5
  320.188343  5
  0.110757  5.5
  52.171905  5.5
  108.723969  5.5
  199.268064  5.5
  320.188334  5.5
  19.476969  4
  42.388410  4
  103.695751  4
  194.248255  4
  0.253522  4.5
  45.313004  4.5
  103.626461  4.5
  194.248591  4.5
  14.029932  3
  38.941475  3
  99.677138  3
  0.551000  3.5
  40.156185  3.5
  99.665504  3.5
  9.620922  2
  36.331206  2
  1.124842  2.5
  36.643383  2.5
  6.231994  1
  2.140042  1.5
