  51.821833  10
  52.187478  10
  118.180617  10
  139.620356  10
  188.793300  10
  248.367022  10
  321.143870  10
  406.472776  10
  504.229894  10
  614.347902  10
  0.000001  10.5
  91.982359  10.5
  97.064949  10.5
  145.156092  10.5
  188.244976  10.5
  248.392681  10.5
  321.143207  10.5
  406.472786  10.5
  504.229894  10.5
  614.347902  10.5
  45.983801  9
  46.673186  9
  101.720475  9
  127.250524  9
  175.824112  9
  236.057954  9
  309.084210  9
  394.572808  9
  492.435768  9
  0.000003  9.5
  79.422660  9.5
  86.978876  9.5
  130.106486  9.5
  175.620037  9.5
  236.064934  9.5
  309.084084  9.5
  394.572809  9.5
  492.435768  9.5
  40.017605  8
  41.266413  8
  86.955247  8
  116.112548  8
  164.540108  8
  225.185576  8
  298.396743  8
  384.001874  8
  0.000018  8.5
  67.023225  8.5
  77.487174  8.5
  117.400401  8.5
  164.475440  8.5
  225.187094  8.5
  298.396726  8.5
  384.001874  8.5
  33.890496  7
  36.034642  7
  74.190583  7
  106.294676  7
  154.798197  7
  215.703608  7
  289.046508  7
  0.000093  7.5
  55.200688  7.5
  68.746037  7.5
  106.788708  7.5
  154.781691  7.5
  215.703844  7.5
  289.046507  7.5
  27.635993  6
  31.068874  6
  63.605403  6
  97.844543  6
  146.499474  6
  207.570176  6
  0.000469  6.5
  44.374834  6.5
  60.906352  6.5
  97.998061  6.5
  146.496429  6.5
  207.570196  6.5
  21.425531  5
  26.480649  5
  55.194988  5
  90.771943  5
  139.574095  5
  0.002280  5.5
  34.896573  5.5
  54.102622  5.5
  90.806842  5.5
  139.573787  5.5
  15.576720  4
  22.394641  4
  48.771449  4
  85.057964  4
  0.010578  4.5
  27.031709  4.5
  48.444017  4.5
  85.062390  4.5
  10.454353  3
  18.940510  3
  44.064139  3
  0.045580  3.5
  20.966345  3.5
  44.008017  3.5
  6.344980  2
  16.250746  2
  0.175188  2.5
  16.794498  2.5
  3.384781  1
  0.571761  1.5
