  88.545363  10
  137.759993  10
  310.963023  10
  553.436035  10
  879.542595  10
  1287.652411  10
  1777.597347  10
  2349.305354  10
  3002.744227  10
  3737.897757  10
  0.131722  10.5
  162.842129  10.5
  309.150083  10.5
  553.477434  10.5
  879.542153  10.5
  1287.652414  10.5
  1777.597347  10.5
  2349.305354  10.5
  3002.744227  10.5
  3737.897757  10.5
  76.595000  9
  129.838113  9
  299.985471  9
  543.258470  9
  869.520865  9
  1277.715158  9
  1767.708643  9
  2339.447148  9
  2992.906422  9
  0.221455  9.5
  148.667499  9.5
  298.917484  9.5
  543.277635  9.5
  869.520707  9.5
  1277.715159  9.5
  1767.708643  9.5
  2339.447148  9.5
  2992.906422  9.5
  65.449321  8
  122.530443  8
  290.336987  8
  534.187521  8
  860.578028  8
  1268.839976  8
  1758.872375  8
  2330.635318  8
  0.367484  8.5
  136.108727  8.5
  289.749795  8.5
  534.195527  8.5
  860.577979  8.5
  1268.839977  8.5
  1758.872375  8.5
  2330.635318  8.5
  55.183143  7
  115.879091  7
  281.952189  7
  526.212229  7
  852.706017  7
  1261.021503  7
  1751.084698  7
  0.600569  7.5
  125.181803  7.5
  281.656706  7.5
  526.215146  7.5
  852.706005  7.5
  1261.021503  7.5
  1751.084698  7.5
  45.853294  6
  109.927896  6
  274.776365  6
  519.322373  6
  845.897767  6
  1254.255017  6
  0.964345  6.5
  115.885878  6.5
  274.644366  6.5
  519.323249  6.5
  845.897765  6.5
  1254.255017  6.5
  37.497381  5
  104.723476  5
  268.765436  5
  513.508738  5
  840.147185  5
  1.517778  5.5
  108.200840  5.5
  268.715737  5.5
  513.508933  5.5
  840.147185  5.5
  30.132937  4
  100.316532  4
  263.885328  4
  508.763313  4
  2.336265  4.5
  102.086029  4.5
  263.871084  4.5
  508.763337  4.5
  23.756791  3
  96.763344  3
  260.110976  3
  3.510517  3.5
  97.480951  3.5
  260.108597  3.5
  18.344687  2
  94.127259  2
  5.142812  2.5
  94.308436  2.5
  13.851334  1
  7.340985  1.5
