  38.470090  10
  38.470090  10
  102.974174  10
  102.975209  10
  150.071662  10
  150.563316  10
  175.162104  10
  185.743639  10
  204.632004  10
  226.436883  10
  0.000000  10.5
  72.809027  10.5
  72.809046  10.5
  128.865669  10.5
  128.896410  10.5
  165.140445  10.5
  168.712370  10.5
  187.022450  10.5
  204.540423  10.5
  226.439157  10.5
  34.416526  9
  34.416527  9
  90.785122  9
  90.792266  9
  128.817662  9
  130.582868  9
  148.666617  9
  162.997478  9
  182.411259  9
  0.000000  9.5
  64.697388  9.5
  64.697545  9.5
  112.480928  9.5
  112.645237  9.5
  139.136174  9.5
  146.376671  9.5
  163.209548  9.5
  182.405079  9.5
  30.362710  8
  30.362725  8
  78.565567  8
  78.610068  8
  107.039674  8
  111.473985  8
  126.634724  8
  143.138635  8
  0.000000  8.5
  56.582858  8.5
  56.584098  8.5
  95.807437  8.5
  96.531985  8.5
  115.145004  8.5
  126.170304  8.5
  143.155063  8.5
  26.308448  7
  26.308580  7
  66.236814  7
  66.475097  7
  86.177777  7
  94.009039  7
  108.675971  7
  0.000000  7.5
  48.460645  7.5
  48.469684  7.5
  78.580875  7.5
  80.913060  7.5
  94.948979  7.5
  108.633562  7.5
  22.253044  6
  22.254182  6
  53.579146  6
  54.572423  6
  68.145238  6
  78.880472  6
  0.000000  6.5
  40.308564  6.5
  40.367203  6.5
  61.426322  6.5
  66.438282  6.5
  78.985630  6.5
  18.192785  5
  18.201793  5
  40.593774  5
  43.359940  5
  54.105398  5
  0.000000  5.5
  32.032963  5.5
  32.348326  5.5
  46.080777  5.5
  53.859537  5.5
  14.106127  4
  14.168767  4
  28.477636  4
  33.534016  4
  0.000000  4.5
  23.457621  4.5
  24.664289  4.5
  34.058966  4.5
  9.902876  3
  10.244783  3
  18.822679  3
  0.000002  3.5
  15.045142  3.5
  17.845943  3.5
  5.573190  2
  6.719145  2
  0.000196  2.5
  8.239305  2.5
  2.039800  1
  0.013383  1.5
