  38.248757  10
  38.248757  10
  102.517410  10
  102.517525  10
  150.136970  10
  150.247784  10
  177.362598  10
  183.357605  10
  199.229288  10
  216.851695  10
  0.000000  10.5
  72.428502  10.5
  72.428504  10.5
  128.469914  10.5
  128.474691  10.5
  166.762294  10.5
  168.056885  10.5
  186.169145  10.5
  198.927070  10.5
  216.861657  10.5
  34.220431  9
  34.220431  9
  90.419005  9
  90.420095  9
  129.569017  9
  130.149767  9
  148.903488  9
  158.898754  9
  174.848671  9
  0.000000  9.5
  64.369544  9.5
  64.369561  9.5
  112.289817  9.5
  112.325377  9.5
  141.030497  9.5
  144.839512  9.5
  159.473509  9.5
  174.826088  9.5
  30.191978  8
  30.191979  8
  78.309575  8
  78.318956  8
  108.377470  8
  110.528049  8
  124.344751  8
  137.327716  8
  0.000000  8.5
  56.309268  8.5
  56.309455  8.5
  95.992364  8.5
  96.214616  8.5
  115.957411  8.5
  123.317845  8.5
  137.377735  8.5
  26.163311  7
  26.163331  7
  66.158642  7
  66.228583  7
  87.122347  7
  92.135288  7
  104.457161  7
  0.000000  7.5
  48.246041  7.5
  48.247914  7.5
  79.309191  7.5
  80.350581  7.5
  93.827399  7.5
  104.349728  7.5
  22.134188  6
  22.134421  6
  53.831087  6
  54.244776  6
  67.828185  6
  75.879395  6
  0.000000  6.5
  40.171717  6.5
  40.188492  6.5
  62.216749  6.5
  65.290735  6.5
  76.100523  6.5
  18.103291  5
  18.105831  5
  41.098425  5
  42.717705  5
  52.323219  5
  0.000000  5.5
  32.039348  5.5
  32.164803  5.5
  46.179225  5.5
  51.895231  5.5
  14.060817  4
  14.085142  4
  28.694857  4
  32.364932  4
  0.000000  4.5
  23.676896  4.5
  24.350268  4.5
  33.122692  4.5
  9.945318  3
  10.129090  3
  18.437302  3
  0.000000  3.5
  15.223718  3.5
  17.246073  3.5
  5.663796  2
  6.490391  2
  0.000055  2.5
  8.126187  2.5
  2.021008  1
  0.007035  1.5
