  150.842415  10
  430.694297  10
  1109.893743  10
  2123.407823  10
  3475.996983  10
  5167.088362  10
  7196.547875  10
  9564.324660  10
  12270.396018  10
  15314.750569  10
  6.676947  10.5
  444.440906  10.5
  1109.681282  10.5
  2123.408947  10.5
  3475.996980  10.5
  5167.088362  10.5
  7196.547875  10.5
  9564.324660  10.5
  12270.396018  10.5
  15314.750569  10.5
  135.775480  9
  421.645894  9
  1099.792533  9
  2113.595104  9
  3466.283039  9
  5157.424328  9
  7186.912475  9
  9554.707199  9
  12260.790535  9
  8.246301  9.5
  431.731505  9.5
  1099.668404  9.5
  2113.595623  9.5
  3466.283038  9.5
  5157.424328  9.5
  7186.912475  9.5
  9554.707199  9.5
  12260.790535  9.5
  121.680522  8
  413.410802  8
  1090.783199  8
  2104.824176  8
  3457.597133  8
  5148.781281  8
  7178.294004  8
  9546.104119  8
  10.128135  8.5
  420.526613  8.5
  1090.715400  8.5
  2104.824392  8.5
  3457.597133  8.5
  5148.781281  8.5
  7178.294004  8.5
  9546.104119  8.5
  108.552529  7
  406.016996  7
  1082.855116  7
  2097.092097  7
  3449.937422  7
  5141.157982  7
  7170.691569  7
  12.368160  7.5
  410.794087  7.5
  1082.821177  7.5
  2097.092176  7.5
  3449.937422  7.5
  5141.157982  7.5
  7170.691569  7.5
  96.381565  6
  399.494135  6
  1075.999455  6
  2090.396261  6
  3443.302284  6
  5134.553335  6
  15.014700  6.5
  402.497957  6.5
  1075.984356  6.5
  2090.396284  6.5
  3443.302284  6.5
  5134.553335  6.5
  85.152766  5
  393.873712  5
  1070.209037  5
  2084.734400  5
  3437.690312  5
  18.118035  5.5
  395.599006  5.5
  1070.203370  5.5
  2084.734405  5.5
  3437.690312  5.5
  74.846364  4
  389.189168  4
  1065.478187  4
  2080.104593  4
  21.729631  4.5
  390.055441  4.5
  1065.476567  4.5
  2080.104594  4.5
  65.437752  3
  385.475970  3
  1061.802588  3
  25.901321  3.5
  385.823611  3.5
  1061.802318  3.5
  56.897615  2
  382.771627  2
  30.684463  2.5
  382.858740  2.5
  49.192132  1
  36.129112  1.5
