  84.807877  10
  124.006729  10
  274.979711  10
  481.852437  10
  760.946159  10
  1110.312098  10
  1529.779325  10
  2019.270666  10
  2578.751698  10
  3208.205094  10
  0.072566  10.5
  150.539034  10.5
  272.690491  10.5
  481.914158  10.5
  760.945386  10.5
  1110.312104  10.5
  1529.779325  10.5
  2019.270666  10.5
  2578.751698  10.5
  3208.205094  10.5
  73.191031  9
  116.231878  9
  263.778104  9
  471.594127  9
  750.854407  9
  1100.312982  9
  1519.833383  9
  2009.358131  9
  2568.861516  9
  0.128632  9.5
  136.229986  9.5
  262.425929  9.5
  471.622723  9.5
  750.854130  9.5
  1100.312984  9.5
  1519.833383  9.5
  2009.358131  9.5
  2568.861516  9.5
  62.316151  8
  109.043461  8
  253.966770  8
  462.456138  8
  741.853271  8
  1091.385312  8
  1510.947952  8
  2000.499233  8
  0.224935  8.5
  123.522755  8.5
  253.221807  8.5
  462.468090  8.5
  741.853186  8.5
  1091.385312  8.5
  1510.947952  8.5
  2000.499233  8.5
  52.277137  7
  102.486466  7
  245.466970  7
  454.426176  7
  733.933196  7
  1083.522765  7
  1503.118501  7
  0.387029  7.5
  112.445800  7.5
  245.091517  7.5
  454.430533  7.5
  733.933174  7.5
  1083.522765  7.5
  1503.118501  7.5
  43.148064  6
  96.607303  6
  238.212001  6
  447.492578  6
  727.085826  6
  1076.719776  6
  0.653360  6.5
  103.009854  6.5
  238.044085  6.5
  447.493888  6.5
  727.085822  6.5
  1076.719776  6.5
  34.981154  5
  91.454906  5
  232.147799  5
  441.644698  5
  721.303972  5
  1.078857  5.5
  95.204552  5.5
  232.084523  5.5
  441.644990  5.5
  721.303971  5.5
  27.805454  4
  87.082221  4
  227.232508  4
  436.873198  4
  1.737377  4.5
  88.995899  4.5
  227.214361  4.5
  436.873234  4.5
  21.625913  3
  83.548019  3
  223.435395  3
  2.721653  3.5
  84.325930  3.5
  223.432362  3.5
  16.422766  2
  80.918829  2
  4.139774  2.5
  81.115566  2.5
  12.151410  1
  6.108283  1.5
