  128.815482  10
  317.891518  10
  799.455377  10
  1514.490414  10
  2469.261555  10
  3663.097896  10
  5095.859399  10
  6767.492549  10
  8677.973432  10
  10827.290051  10
  3.098569  10.5
  334.000154  10.5
  799.096312  10.5
  1514.493118  10.5
  2469.261546  10.5
  3663.097896  10.5
  5095.859399  10.5
  6767.492549  10.5
  8677.973432  10.5
  10827.290051  10.5
  114.650224  9
  309.084859  9
  789.254614  9
  1504.629563  9
  2459.507582  9
  3653.398221  9
  5086.190909  9
  6757.843609  9
  8668.337552  9
  4.030481  9.5
  320.945118  9.5
  789.044668  9.5
  1504.630812  9.5
  2459.507578  9.5
  3653.398221  9.5
  5086.190909  9.5
  6757.843609  9.5
  8668.337552  9.5
  101.456789  8
  301.049003  8
  780.171649  8
  1495.819251  8
  2450.788204  8
  3644.724863  8
  5077.543965  8
  6749.213217  8
  5.204432  8.5
  309.443867  8.5
  780.056902  8.5
  1495.819771  8.5
  2450.788203  8.5
  3644.724863  8.5
  5077.543965  8.5
  6749.213217  8.5
  89.238643  7
  293.814528  7
  772.189960  7
  1488.055337  7
  2443.100796  7
  3637.076056  7
  5069.917296  7
  6.668631  7.5
  299.466569  7.5
  772.132487  7.5
  1488.055526  7.5
  2443.100795  7.5
  3637.076056  7.5
  5069.917296  7.5
  77.992332  6
  287.414046  6
  765.295877  6
  1481.334136  6
  2436.443043  6
  3630.450239  6
  8.476091  6.5
  290.977021  6.5
  765.270296  6.5
  1481.334193  6.5
  2436.443043  6.5
  3630.450239  6.5
  67.707414  5
  281.882484  5
  759.478352  5
  1475.652436  5
  2430.812944  5
  10.683823  5.5
  283.933342  5.5
  759.468748  5.5
  1475.652449  5.5
  2430.812944  5.5
  58.366432  4
  277.257347  4
  754.728719  4
  1471.007507  4
  13.351760  4.5
  278.288905  4.5
  754.725972  4.5
  1471.007508  4.5
  49.944952  3
  273.578919  3
  751.040441  3
  16.541476  3.5
  273.993458  3.5
  751.039983  3.5
  42.411694  2
  270.890375  2
  20.314786  2.5
  270.994353  2.5
  35.728793  1
  24.732328  1.5
