  321.984262  10
  1457.257098  10
  3953.521581  10
  7697.635439  10
  12690.811175  10
  18932.604835  10
  26422.893249  10
  35161.630108  10
  45148.794807  10
  56384.377031  10
  64.518699  10.5
  1464.611760  10.5
  3953.491764  10.5
  7697.635482  10.5
  12690.811175  10.5
  18932.604835  10.5
  26422.893249  10.5
  35161.630108  10.5
  45148.794807  10.5
  56384.377031  10.5
  301.473827  9
  1447.503195  9
  3943.576541  9
  7687.906553  9
  12681.166761  9
  18923.002773  9
  26413.315420  9
  35152.067438  9
  45139.242247  9
  71.002962  9.5
  1452.864832  9.5
  3943.559141  9.5
  7687.906573  9.5
  12681.166761  9.5
  18923.002773  9.5
  26413.315420  9.5
  35152.067438  9.5
  45139.242247  9.5
  281.874096  8
  1438.691716  8
  3934.684447  8
  7679.204158  8
  12672.539028  8
  18914.412453  8
  26404.746503  8
  35143.511906  8
  78.009866  8.5
  1442.452891  8.5
  3934.674953  8.5
  7679.204166  8.5
  12672.539028  8.5
  18914.412453  8.5
  26404.746503  8.5
  35143.511906  8.5
  263.172141  7
  1430.841091  7
  3926.843116  7
  7671.527454  7
  12664.927482  7
  18906.833542  7
  26397.186257  7
  85.566234  7.5
  1433.353272  7.5
  3926.838368  7.5
  7671.527457  7.5
  12664.927482  7.5
  18906.833542  7.5
  26397.186257  7.5
  245.353766  6
  1423.970301  6
  3920.050697  6
  7664.875737  6
  12658.331688  6
  18900.265747  6
  93.698792  6.5
  1425.542980  6.5
  3920.048586  6.5
  7664.875737  6.5
  12658.331688  6.5
  18900.265747  6.5
  228.403520  5
  1418.098874  5
  3914.305649  5
  7659.248395  5
  12652.751270  5
  102.434058  5.5
  1418.998790  5.5
  3914.304857  5.5
  7659.248395  5.5
  12652.751270  5.5
  212.304735  4
  1413.246876  4
  3909.606724  4
  7654.644911  4
  111.798224  4.5
  1413.697342  4.5
  3909.606498  4.5
  7654.644911  4.5
  197.039556  3
  1409.434896  3
  3905.952946  3
  121.817046  3.5
  1409.615240  3.5
  3905.952908  3.5
  182.588984  2
  1406.684025  2
  132.515735  2.5
  1406.729139  2.5
  168.932928  1
  143.918860  1.5
