  131.748656  10
  332.474745  10
  839.502999  10
  1593.065406  10
  2599.178213  10
  3857.188617  10
  5366.957597  10
  7128.432097  10
  9141.588418  10
  11406.414669  10
  3.499139  10.5
  348.209246  10.5
  839.171190  10.5
  1593.067775  10.5
  2599.178205  10.5
  3857.188617  10.5
  5366.957597  10.5
  7128.432097  10.5
  9141.588418  10.5
  11406.414669  10.5
  117.457589  9
  323.630305  9
  829.319963  9
  1583.212915  9
  2589.431200  9
  3847.495138  9
  5357.294857  9
  7118.788628  9
  9131.957820  9
  4.512633  9.5
  335.208132  9.5
  829.125981  9.5
  1583.214009  9.5
  2589.431197  9.5
  3847.495138  9.5
  5357.294857  9.5
  7118.788628  9.5
  9131.957820  9.5
  104.139314  8
  315.563271  8
  820.250068  8
  1574.409446  8
  2580.717641  8
  3838.827049  8
  5348.652861  8
  7110.162982  8
  5.778869  8.5
  323.753697  8.5
  820.144059  8.5
  1574.409902  8.5
  2580.717640  8.5
  3838.827049  8.5
  5348.652861  8.5
  7110.162982  8.5
  91.795724  7
  308.303826  7
  812.277860  7
  1566.651065  7
  2573.035047  7
  3831.182674  7
  5341.030404  7
  7.345870  7.5
  313.815479  7.5
  812.224769  7.5
  1566.651231  7.5
  2573.035047  7.5
  3831.182674  7.5
  5341.030404  7.5
  80.422136  6
  301.884133  6
  805.390546  6
  1559.934273  6
  2566.381225  6
  3824.560536  6
  9.266078  6.5
  305.357091  6.5
  805.366917  6.5
  1559.934323  6.5
  2566.381225  6.5
  3824.560536  6.5
  70.007232  5
  296.338604  5
  799.577778  5
  1554.256021  5
  2560.754276  5
  11.595561  5.5
  298.336902  5.5
  799.568907  5.5
  1554.256032  5.5
  2560.754276  5.5
  60.533042  4
  291.704126  4
  794.831428  4
  1549.613719  4
  14.392979  4.5
  292.708939  4.5
  794.828891  4.5
  1549.613720  4.5
  51.974993  3
  288.020243  3
  791.145360  3
  17.718381  3.5
  288.423938  3.5
  791.144937  3.5
  44.302038  2
  285.329245  2
  21.631904  2.5
  285.430486  2.5
  37.476907  1
  26.192460  1.5
