  39.985551  10
  39.985647  10
  105.950657  10
  106.083595  10
  147.243550  10
  155.250336  10
  179.718855  10
  206.259635  10
  238.267297  10
  274.872152  10
  0.000000  10.5
  75.392686  10.5
  75.398041  10.5
  130.559551  10.5
  132.160441  10.5
  160.620938  10.5
  178.916346  10.5
  206.311973  10.5
  238.265649  10.5
  274.872172  10.5
  35.758072  9
  35.758532  9
  92.981132  9
  93.416963  9
  124.887903  9
  137.048968  9
  160.759161  9
  188.462126  9
  220.944256  9
  0.000000  9.5
  66.907927  9.5
  66.929747  9.5
  112.198557  9.5
  115.886056  9.5
  139.093087  9.5
  160.581162  9.5
  188.468887  9.5
  220.944159  9.5
  31.528756  8
  31.530889  8
  79.683955  8
  80.938323  8
  104.813867  8
  120.718434  8
  144.578477  8
  172.910072  8
  0.000000  8.5
  58.387696  8.5
  58.471180  8.5
  93.701101  8.5
  100.514734  8.5
  121.269993  8.5
  144.551963  8.5
  172.910523  8.5
  27.294661  7
  27.304141  7
  65.941246  7
  68.910992  7
  88.008705  7
  106.521986  7
  130.771875  7
  0.000000  7.5
  49.770713  7.5
  50.062897  7.5
  76.221949  7.5
  86.524912  7.5
  106.619664  7.5
  130.769837  7.5
  23.045575  6
  23.085325  6
  52.207324  6
  57.732227  6
  74.656280  6
  94.522236  6
  0.000000  6.5
  40.925018  6.5
  41.816732  6.5
  60.976554  6.5
  74.327869  6.5
  94.531108  6.5
  18.748139  5
  18.901042  5
  39.566852  5
  47.854491  5
  64.197686  5
  0.000000  5.5
  31.772171  5.5
  33.966679  5.5
  48.808569  5.5
  64.161053  5.5
  14.320774  4
  14.831305  4
  29.075974  4
  39.662634  4
  0.000006  4.5
  22.765997  4.5
  26.874921  4.5
  39.801973  4.5
  9.722984  3
  11.058280  3
  21.414488  3
  0.000149  3.5
  14.904064  3.5
  20.955695  3.5
  5.384836  2
  7.877921  2
  0.003480  2.5
  9.035381  2.5
  2.171055  1
  0.059107  1.5
