  38.594199  10
  38.594199  10
  103.228563  10
  103.230879  10
  149.955294  10
  150.786361  10
  174.534040  10
  187.238976  10
  207.603354  10
  231.194859  10
  0.000000  10.5
  73.022085  10.5
  73.022132  10.5
  129.074980  10.5
  129.135395  10.5
  164.274345  10.5
  169.238909  10.5
  188.113911  10.5
  207.548885  10.5
  231.196077  10.5
  34.526467  9
  34.526471  9
  90.986813  9
  91.001005  9
  128.343975  9
  130.914248  9
  149.083161  9
  165.222990  9
  186.180601  9
  0.000000  9.5
  64.880786  9.5
  64.881140  9.5
  112.556191  9.5
  112.841059  9.5
  138.426304  9.5
  147.363076  9.5
  165.359535  9.5
  186.177033  9.5
  30.458409  8
  30.458442  8
  78.699398  8
  78.777776  8
  106.448503  8
  112.090059  8
  128.063795  8
  146.039275  8
  0.000000  8.5
  56.735462  8.5
  56.737945  8.5
  95.654336  8.5
  96.751377  8.5
  115.100555  8.5
  127.739273  8.5
  146.049503  8.5
  26.389743  7
  26.390010  7
  66.258376  7
  66.628766  7
  85.915822  7
  95.051273  7
  110.807080  7
  0.000000  7.5
  48.578806  7.5
  48.594882  7.5
  78.209777  7.5
  81.278988  7.5
  95.766219  7.5
  110.778593  7.5
  22.319415  6
  22.321451  6
  53.429377  6
  54.780690  6
  68.494438  6
  80.387165  6
  0.000000  6.5
  40.379078  6.5
  40.471629  6.5
  61.136289  6.5
  67.081705  6.5
  80.463432  6.5
  18.241988  5
  18.256324  5
  40.381162  5
  43.721591  5
  55.039551  5
  0.000000  5.5
  32.020425  5.5
  32.460262  5.5
  46.146132  5.5
  54.846795  5.5
  14.129168  4
  14.217740  4
  28.428394  4
  34.120576  4
  0.000000  4.5
  23.355098  4.5
  24.841349  4.5
  34.565829  4.5
  9.881342  3
  10.310001  3
  19.037541  3
  0.000004  3.5
  14.983350  3.5
  18.145327  3.5
  5.537858  2
  6.832337  2
  0.000312  2.5
  8.303082  2.5
  2.050380  1
  0.016979  1.5
