  78.211619  10
  102.075503  10
  219.021329  10
  369.351735  10
  574.318476  10
  831.069795  10
  1139.438680  10
  1499.334199  10
  1910.716190  10
  2373.564432  10
  0.019311  10.5
  131.520850  10.5
  215.402479  10.5
  369.488517  10.5
  574.316111  10.5
  831.069817  10.5
  1139.438679  10.5
  1499.334199  10.5
  1910.716190  10.5
  2373.564432  10.5
  67.344369  9
  94.610666  9
  207.231097  9
  358.892629  9
  564.048232  9
  820.913588  9
  1129.347584  9
  1489.284008  9
  1900.693371  9
  0.038592  9.5
  117.000719  9.5
  205.075906  9.5
  358.956150  9.5
  564.047385  9.5
  820.913594  9.5
  1129.347584  9.5
  1489.284008  9.5
  1900.693371  9.5
  57.050260  8
  87.670568  8
  196.987688  8
  349.586496  8
  554.898804  8
  811.852751  8
  1120.337561  8
  1480.305913  8
  0.076031  8.5
  104.028117  8.5
  195.792933  8.5
  349.613094  8.5
  554.898543  8.5
  811.852752  8.5
  1120.337561  8.5
  1480.305913  8.5
  47.467319  7
  81.307478  7
  188.182198  7
  341.418673  7
  546.856664  7
  803.878481  7
  1112.402313  7
  0.147192  7.5
  92.660901  7.5
  187.577297  7.5
  341.428382  7.5
  546.856598  7.5
  803.878481  7.5
  1112.402313  7.5
  38.712695  6
  75.574429  6
  180.717797  6
  334.374440  6
  539.910079  6
  796.983035  6
  0.278896  6.5
  82.937927  6.5
  180.446366  6.5
  334.377362  6.5
  539.910067  6.5
  796.983035  6.5
  30.876827  5
  70.526203  5
  174.513898  5
  328.439837  5
  534.048999  5
  0.514836  5.5
  74.874385  5.5
  174.411371  5.5
  328.440488  5.5
  534.048998  5.5
  24.019918  4
  66.221040  4
  169.507405  4
  323.602308  4
  0.921384  4.5
  68.456396  4.5
  169.477953  4.5
  323.602390  4.5
  18.169808  3
  62.723097  3
  165.651966  3
  1.591251  3.5
  63.637170  3.5
  165.647038  3.5
  13.320582  2
  60.105460  2
  2.642133  2.5
  60.337634  2.5
  9.431859  1
  4.208722  1.5
