  43.272822  10
  43.279536  10
  110.757227  10
  113.317326  10
  148.413476  10
  174.097174  10
  211.326333  10
  255.355921  10
  306.257404  10
  363.841104  10
  0.000000  10.5
  80.776994  10.5
  80.985848  10.5
  130.844617  10.5
  142.724650  10.5
  174.853832  10.5
  211.279748  10.5
  255.357453  10.5
  306.257378  10.5
  363.841104  10.5
  38.655586  9
  38.675583  9
  95.537509  9
  100.297929  9
  130.198270  9
  158.810675  9
  196.428266  9
  240.864162  9
  292.015086  9
  0.000000  9.5
  71.318628  9.5
  71.838420  9.5
  111.644965  9.5
  127.652593  9.5
  159.032918  9.5
  196.419080  9.5
  240.864348  9.5
  292.015085  9.5
  34.021976  8
  34.079567  8
  80.279321  8
  88.002226  8
  115.006075  8
  145.387403  8
  183.375302  8
  228.088599  8
  0.000000  8.5
  61.638526  8.5
  62.836012  8.5
  94.373916  8.5
  114.093755  8.5
  145.438258  8.5
  183.374033  8.5
  228.088611  8.5
  29.349740  7
  29.508286  7
  65.710953  7
  76.724567  7
  102.470463  7
  133.787515  7
  172.062048  7
  0.000000  7.5
  51.653632  7.5
  54.124012  7.5
  79.661403  7.5
  102.219188  7.5
  133.795694  7.5
  172.061955  7.5
  24.591994  6
  25.001388  6
  52.612225  6
  66.738674  6
  92.145598  6
  123.935531  6
  0.000002  6.5
  41.504588  6.5
  45.914694  6.5
  67.774805  6.5
  92.097069  6.5
  123.936233  6.5
  19.679791  5
  20.639590  5
  41.613768  5
  58.251878  5
  83.713995  5
  0.000023  5.5
  31.719014  5.5
  38.467190  5.5
  58.505486  5.5
  83.708959  5.5
  14.614819  4
  16.560554  4
  33.107089  4
  51.374981  4
  0.000256  4.5
  23.002452  4.5
  32.047634  4.5
  51.408421  4.5
  9.686239  3
  12.956335  3
  27.081141  3
  0.002686  3.5
  15.935031  3.5
  26.886989  3.5
  5.473668  2
  10.047205  2
  0.024515  2.5
  10.897018  2.5
  2.471955  1
  0.172285  1.5
