  39.358917  10
  39.358935  10
  104.759601  10
  104.797750  10
  148.498876  10
  152.843609  10
  175.700161  10
  197.415839  10
  224.880500  10
  256.475892  10
  0.000000  10.5
  74.329452  10.5
  74.330682  10.5
  130.098301  10.5
  130.702418  10.5
  160.991190  10.5
  173.956936  10.5
  197.565332  10.5
  224.874667  10.5
  256.475980  10.5
  35.203616  9
  35.203719  9
  92.151837  9
  92.304775  9
  125.880731  9
  133.871513  9
  154.751211  9
  178.255018  9
  206.280220  9
  0.000000  9.5
  66.002470  9.5
  66.008526  9.5
  112.557888  9.5
  114.328535  9.5
  137.433171  9.5
  154.328418  9.5
  178.275156  9.5
  206.279867  9.5
  31.047354  8
  31.047933  8
  79.353730  8
  79.898829  8
  104.687561  8
  116.571477  8
  137.166593  8
  161.555965  8
  0.000000  8.5
  57.658895  8.5
  57.686958  8.5
  94.483396  8.5
  98.580645  8.5
  117.649824  8.5
  137.100282  8.5
  161.557346  8.5
  26.888821  7
  26.891926  7
  66.156027  7
  67.773430  7
  86.340884  7
  101.386713  7
  122.308879  7
  0.000000  7.5
  49.265903  7.5
  49.385352  7.5
  76.688009  7.5
  83.976981  7.5
  101.591229  7.5
  122.303621  7.5
  22.722998  6
  22.738714  6
  52.625589  6
  56.297536  6
  71.625627  6
  88.520087  6
  0.000000  6.5
  40.727223  6.5
  41.174488  6.5
  60.576967  6.5
  71.053438  6.5
  88.539364  6.5
  18.530174  5
  18.603317  5
  39.686485  5
  45.974915  5
  60.262359  5
  0.000000  5.5
  31.886662  5.5
  33.243050  5.5
  47.349580  5.5
  60.195398  5.5
  14.245983  4
  14.542754  4
  28.614610  4
  37.299626  4
  0.000001  4.5
  22.935632  4.5
  25.947942  4.5
  37.513349  4.5
  9.778036  3
  10.717354  3
  20.348523  3
  0.000048  3.5
  14.854860  3.5
  19.759470  3.5
  5.420672  2
  7.435596  2
  0.001632  2.5
  8.701612  2.5
  2.116232  1
  0.039720  1.5
