  95.824068  10
  166.592802  10
  387.611309  10
  705.050954  10
  1130.539163  10
  1662.841810  10
  2301.797995  10
  3047.342493  10
  3899.446108  10
  4858.094156  10
  0.331750  10.5
  189.258053  10.5
  386.396374  10.5
  705.071933  10.5
  1130.538993  10.5
  1662.841810  10.5
  2301.797995  10.5
  3047.342493  10.5
  3899.446108  10.5
  4858.094156  10.5
  83.340652  9
  158.431779  9
  376.929876  9
  694.985715  9
  1120.613490  9
  1652.989612  9
  2291.988057  9
  3037.559092  9
  3889.680453  9
  0.514843  9.5
  175.342313  9.5
  376.216435  9.5
  694.995418  9.5
  1120.613429  9.5
  1652.989613  9.5
  2291.988057  9.5
  3037.559092  9.5
  3889.680453  9.5
  71.739982  8
  150.928538  8
  367.496210  8
  686.007577  8
  1111.750727  8
  1644.186640  8
  2283.219474  8
  3028.812095  8
  0.789553  8.5
  163.049276  8.5
  367.104915  8.5
  686.011627  8.5
  1111.750708  8.5
  1644.186640  8.5
  2283.219474  8.5
  3028.812095  8.5
  61.070216  7
  144.121263  7
  359.263479  7
  678.107737  7
  1103.944802  7
  1636.428835  7
  2275.489333  7
  1.194658  7.5
  152.377048  7.5
  359.066947  7.5
  678.109211  7.5
  1103.944798  7.5
  1636.428835  7.5
  2275.489333  7.5
  51.364926  6
  138.050252  6
  352.192920  6
  671.278154  6
  1097.190383  6
  1629.712621  6
  1.780609  6.5
  143.309081  6.5
  352.105251  6.5
  671.278597  6.5
  1097.190382  6.5
  1629.712621  6.5
  42.642522  5
  132.758778  5
  346.253431  5
  665.511682  5
  1091.482865  5
  2.610342  5.5
  135.813236  5.5
  346.220458  5.5
  665.511781  5.5
  1091.482865  5.5
  34.905815  4
  128.294062  4
  341.420944  4
  660.802171  4
  3.758849  4.5
  129.841981  4.5
  341.411502  4.5
  660.802184  4.5
  28.141704  3
  124.708283  3
  337.677672  3
  5.311218  3.5
  125.333988  3.5
  337.676096  3.5
  22.321051  2
  122.059492  2
  7.359208  2.5
  122.217096  2.5
  17.398902  1
  9.996783  1.5
