  106.071865  10
  210.595954  10
  506.321149  10
  938.836189  10
  1517.320094  10
  2240.834977  10
  3109.228860  10
  4122.442206  10
  5280.448368  10
  6583.233961  10
  0.847943  10.5
  230.608651  10.5
  505.556666  10.5
  938.845794  10.5
  1517.320037  10.5
  2240.834977  10.5
  3109.228860  10.5
  4122.442206  10.5
  5280.448368  10.5
  6583.233961  10.5
  92.985814  9
  202.175704  9
  495.879731  9
  928.868545  9
  1507.476822  9
  2231.055904  9
  3099.486704  9
  4112.723218  9
  5270.744869  9
  1.217380  9.5
  217.018079  9.5
  495.431827  9.5
  928.872985  9.5
  1507.476801  9.5
  2231.055904  9.5
  3099.486704  9.5
  4112.723218  9.5
  5270.744869  9.5
  80.836955  8
  194.458972  8
  486.620546  8
  919.970686  8
  1498.682832  8
  2222.315053  8
  3090.776396  8
  4104.032070  8
  1.730044  8.5
  205.036323  8.5
  486.375332  8.5
  919.972538  8.5
  1498.682826  8.5
  2222.315053  8.5
  3090.776396  8.5
  4104.032070  8.5
  69.651040  7
  187.480552  7
  478.512069  7
  912.135933  7
  1490.933725  7
  2214.609471  7
  3083.095815  7
  2.431235  7.5
  194.646359  7.5
  478.389083  7.5
  912.136607  7.5
  1490.933724  7.5
  2214.609471  7.5
  3083.095815  7.5
  59.442724  6
  181.277504  6
  471.528303  6
  905.358272  6
  1484.225629  6
  2207.936556  6
  3.375400  6.5
  185.819730  6.5
  471.473503  6.5
  905.358474  6.5
  1484.225629  6.5
  2207.936556  6.5
  50.215287  5
  175.889775  5
  465.648372  5
  899.632414  5
  1478.555196  5
  4.625800  5.5
  178.516730  5.5
  465.627779  5.5
  899.632459  5.5
  1478.555196  5.5
  41.960440  4
  171.360828  4
  460.856057  4
  894.953836  4
  6.253349  4.5
  172.687343  4.5
  460.850163  4.5
  894.953842  4.5
  34.658207  3
  167.738238  3
  457.139283  3
  8.334640  3.5
  168.272941  3.5
  457.138299  3.5
  28.276970  2
  165.074161  2
  10.949326  2.5
  165.208573  2.5
  22.773760  1
  14.177144  1.5
