  62.483316  10
  66.059023  10
  137.952382  10
  195.328566  10
  283.661497  10
  394.452979  10
  527.922114  10
  683.873473  10
  862.234693  10
  1062.969303  10
  0.000143  10.5
  103.004027  10.5
  126.529490  10.5
  196.552045  10.5
  283.607998  10.5
  394.454204  10.5
  527.922098  10.5
  683.873473  10.5
  862.234693  10.5
  1062.969303  10.5
  54.535315  9
  59.620491  9
  123.399978  9
  183.947639  9
  272.432139  9
  383.474799  9
  517.075730  9
  673.109761  9
  851.526204  9
  0.000453  9.5
  88.639725  9.5
  116.142540  9.5
  184.528822  9.5
  272.412811  9.5
  383.475128  9.5
  517.075727  9.5
  673.109761  9.5
  851.526204  9.5
  46.526386  8
  53.477764  8
  110.886462  8
  173.829195  8
  262.497138  8
  373.719830  8
  507.419388  8
  663.515305  8
  0.001411  8.5
  75.368848  8.5
  106.647051  8.5
  174.076528  8.5
  262.491139  8.5
  373.719901  8.5
  507.419388  8.5
  663.515305  8.5
  38.611291  7
  47.708155  7
  100.358572  7
  164.972312  7
  253.814731  7
  365.165347  7
  498.936872  7
  0.004320  7.5
  63.404880  7.5
  98.126075  7.5
  165.063643  7.5
  253.813222  7.5
  365.165358  7.5
  498.936872  7.5
  31.010816  6
  42.394208  6
  91.679636  6
  157.363760  6
  246.351384  6
  357.791389  6
  0.012911  6.5
  52.920552  6.5
  90.649846  6.5
  157.391464  6.5
  246.351109  6.5
  357.791390  6.5
  23.971790  5
  37.620953  5
  84.669861  5
  150.982474  5
  240.079833  5
  0.037352  5.5
  44.050445  5.5
  84.273693  5.5
  150.988678  5.5
  240.079805  5.5
  17.719659  4
  33.474522  4
  79.151937  4
  145.804009  4
  0.103322  4.5
  36.889271  4.5
  79.036796  4.5
  145.804788  4.5
  12.423502  3
  30.043525  3
  74.981518  3
  0.268865  3.5
  31.480605  3.5
  74.962113  3.5
  8.177406  2
  27.424457  2
  0.646237  2.5
  27.797651  2.5
  4.991781  1
  1.412794  1.5
