  57.176717  10
  58.530927  10
  125.768143  10
  163.489424  10
  229.611301  10
  312.078367  10
  411.788966  10
  528.427413  10
  661.899862  10
  812.158433  10
  0.000014  10.5
  97.382160  10.5
  109.939997  10.5
  166.083115  10.5
  229.448032  10.5
  312.083580  10.5
  411.788873  10.5
  528.427414  10.5
  661.899862  10.5
  812.158433  10.5
  50.347866  9
  52.525445  9
  110.128771  9
  151.647179  9
  217.733093  9
  300.575682  9
  400.463689  9
  517.213706  9
  650.760508  9
  0.000055  9.5
  83.611484  9.5
  99.638275  9.5
  152.911319  9.5
  217.673569  9.5
  300.577086  9.5
  400.463671  9.5
  517.213706  9.5
  650.760508  9.5
  43.363875  8
  46.720658  8
  96.489258  8
  141.082072  8
  207.282163  8
  290.379754  8
  390.399275  8
  507.231792  8
  0.000213  8.5
  70.559470  8.5
  90.110410  8.5
  141.629606  8.5
  207.263567  8.5
  290.380057  8.5
  390.399273  8.5
  507.231792  8.5
  36.282367  7
  41.195322  7
  84.949664  7
  131.821796  7
  198.187420  7
  281.458424  7
  381.572562  7
  0.000815  7.5
  58.550487  7.5
  81.473481  7.5
  132.026370  7.5
  198.182719  7.5
  281.458471  7.5
  381.572562  7.5
  29.264654  6
  36.040921  6
  75.477189  6
  123.869802  6
  190.395460  6
  273.783311  6
  0.003047  6.5
  47.855360  6.5
  73.831840  6.5
  123.932333  6.5
  190.394599  6.5
  273.783315  6.5
  22.570002  5
  31.357157  5
  67.916223  5
  117.211008  5
  183.865079  5
  0.011027  5.5
  38.687040  5.5
  67.272292  5.5
  117.225082  5.5
  183.864992  5.5
  16.495149  4
  27.247319  4
  62.049617  4
  111.819142  4
  0.038075  4.5
  31.204484  4.5
  61.860522  4.5
  111.820916  4.5
  11.298406  3
  23.816276  3
  57.671200  3
  0.122769  3.5
  25.508546  3.5
  57.639145  3.5
  7.148466  2
  21.174247  2
  0.359418  2.5
  21.619681  2.5
  4.100994  1
  0.929187  1.5
