  49.951418  10
  50.154543  10
  116.332239  10
  132.767791  10
  177.164487  10
  229.512129  10
  293.993658  10
  369.698612  10
  456.492486  10
  554.297310  10
  0.000000  10.5
  89.903935  10.5
  93.196296  10.5
  139.968050  10.5
  176.295220  10.5
  229.559745  10.5
  293.992236  10.5
  369.698636  10.5
  456.492485  10.5
  554.297310  10.5
  44.416166  9
  44.826555  9
  99.731040  9
  120.208596  9
  163.604305  9
  216.806306  9
  281.571879  9
  357.462082  9
  444.378256  9
  0.000001  9.5
  77.950029  9.5
  83.235196  9.5
  124.047700  9.5
  163.276289  9.5
  216.819336  9.5
  281.571609  9.5
  357.462085  9.5
  444.378256  9.5
  38.779124  8
  39.576908  8
  84.624453  8
  108.836354  8
  151.885200  8
  205.600915  8
  270.578496  8
  346.603093  8
  0.000006  8.5
  65.951737  8.5
  73.786429  8.5
  110.612149  8.5
  151.780303  8.5
  205.603761  8.5
  270.578459  8.5
  346.603093  8.5
  32.993398  7
  34.465020  7
  71.403551  7
  98.772017  7
  141.815407  7
  195.843595  7
  260.972116  7
  0.000036  7.5
  54.304570  7.5
  65.018359  7.5
  99.464984  7.5
  141.788471  7.5
  195.844038  7.5
  260.972113  7.5
  27.049263  6
  29.577298  6
  60.341293  6
  90.090562  6
  133.264966  6
  187.485829  6
  0.000206  6.5
  43.477629  6.5
  57.100903  6.5
  90.308174  6.5
  133.259978  6.5
  187.485867  6.5
  21.059743  5
  25.026659  5
  51.527134  5
  82.820083  5
  126.145599  5
  0.001142  5.5
  33.891992  5.5
  50.190753  5.5
  82.869859  5.5
  126.145095  5.5
  15.317786  4
  20.945435  4
  44.824350  4
  76.949905  4
  0.006040  4.5
  25.871994  4.5
  44.418899  4.5
  76.956239  4.5
  10.220265  3
  17.474746  3
  39.951321  3
  0.029655  3.5
  19.647070  3.5
  39.881380  3.5
  6.109620  2
  14.758519  2
  0.129086  2.5
  15.346901  2.5
  3.165244  1
  0.469168  1.5
