  401.892614  10
  1986.402952  10
  5422.006811  10
  10575.931431  10
  17448.838465  10
  26040.293101  10
  36350.173295  10
  48378.433197  10
  62125.052409  10
  77590.020727  10
  102.253174  10.5
  1992.689263  10.5
  5421.988356  10.5
  10575.931450  10.5
  17448.838465  10.5
  26040.293101  10.5
  36350.173295  10.5
  48378.433197  10.5
  62125.052409  10.5
  77590.020727  10.5
  379.331766  9
  1976.522080  9
  5412.075946  9
  10566.211027  9
  17439.201080  9
  26030.697308  9
  36340.601293  9
  48368.876073  9
  62115.505208  9
  110.728320  9.5
  1981.101877  9.5
  5412.065178  9.5
  10566.211036  9.5
  17439.201080  9.5
  26030.697308  9.5
  36340.601293  9.5
  48368.876073  9.5
  62115.505208  9.5
  357.663725  8
  1967.607779  8
  5403.194682  8
  10557.515563  8
  17430.579229  8
  26022.112323  8
  36332.037392  8
  48360.325355  8
  119.761510  8.5
  1970.818613  8.5
  5403.188807  8.5
  10557.515567  8.5
  17430.579229  8.5
  26022.112323  8.5
  36332.037392  8.5
  48360.325355  8.5
  336.876122  7
  1959.676336  7
  5395.361511  7
  10549.844460  7
  17422.972556  7
  26014.537905  7
  36324.481417  7
  129.375476  7.5
  1961.819823  7.5
  5395.358573  7.5
  10549.844462  7.5
  17422.972556  7.5
  26014.537905  7.5
  36324.481417  7.5
  316.955685  6
  1952.744437  6
  5388.575149  6
  10543.197206  6
  17416.380744  6
  26007.973841  6
  139.592783  6.5
  1954.085705  6.5
  5388.573843  6.5
  10543.197207  6.5
  17416.380744  6.5
  26007.973841  6.5
  297.888255  5
  1946.829155  5
  5382.834523  5
  10537.573358  5
  17410.803520  5
  150.435755  5.5
  1947.596362  5.5
  5382.834033  5.5
  10537.573358  5.5
  17410.803520  5.5
  279.658810  4
  1941.947947  4
  5378.138757  4
  10532.972539  4
  161.926406  4.5
  1942.331865  4.5
  5378.138617  4.5
  10532.972539  4.5
  262.251491  3
  1938.118638  3
  5374.487165  3
  174.086379  3.5
  1938.272303  3.5
  5374.487141  3.5
  245.649625  2
  1935.359405  2
  186.936878  2.5
  1935.397839  2.5
  229.835766  1
  200.498609  1.5
