  59.474218  10
  61.597941  10
  130.367027  10
  176.091359  10
  251.070631  10
  344.927668  10
  458.186638  10
  590.596694  10
  742.074259  10
  912.577019  10
  0.000040  10.5
  99.707179  10.5
  116.550999  10.5
  177.965115  10.5
  250.970517  10.5
  344.930427  10.5
  458.186595  10.5
  590.596695  10.5
  742.074259  10.5
  912.577019  10.5
  52.171939  9
  55.399089  9
  115.181249  9
  164.457534  9
  239.507731  9
  333.676017  9
  447.090336  9
  579.597908  9
  731.140538  9
  0.000144  9.5
  85.621735  9.5
  106.200843  9.5
  165.358532  9.5
  239.471404  9.5
  333.676759  9.5
  447.090328  9.5
  579.597908  9.5
  731.140538  9.5
  44.738953  8
  49.442395  8
  102.038845  8
  154.098829  8
  229.305674  8
  323.690984  8
  437.220865  8
  569.800925  8
  0.000506  8.5
  72.439051  8.5
  96.681438  8.5
  154.485491  8.5
  229.294363  8.5
  323.691144  8.5
  437.220864  8.5
  569.800925  8.5
  37.279285  7
  43.807138  7
  90.965071  7
  145.027730  7
  220.408857  7
  314.944947  7
  428.558452  7
  0.001750  7.5
  60.431499  7.5
  88.094259  7.5
  145.171318  7.5
  220.406004  7.5
  314.944972  7.5
  428.558452  7.5
  29.990527  6
  38.581574  6
  81.868858  6
  137.238294  6
  212.774153  6
  307.413607  6
  0.005903  6.5
  49.821524  6.5
  80.527570  6.5
  137.282011  6.5
  212.773631  6.5
  307.413609  6.5
  23.135342  5
  33.859038  5
  74.573411  5
  130.711522  5
  206.367396  5
  0.019269  5.5
  40.783414  5.5
  74.053041  5.5
  130.721336  5.5
  206.367344  5.5
  16.981578  4
  29.734832  4
  68.875406  4
  125.421390  4
  0.060057  4.5
  33.445284  4.5
  68.723395  4.5
  125.422625  4.5
  11.746001  3
  26.305989  3
  64.597153  3
  0.175322  3.5
  27.880979  3.5
  64.571459  3.5
  7.561060  2
  23.676102  2
  0.468212  2.5
  24.088027  2.5
  4.459901  1
  1.119440  1.5
