  38.581121  10
  38.581122  10
  103.201822  10
  103.203967  10
  149.970041  10
  150.761289  10
  174.584130  10
  187.077850  10
  207.292972  10
  230.707673  10
  0.000000  10.5
  72.999646  10.5
  72.999689  10.5
  129.053407  10.5
  129.110083  10.5
  164.361964  10.5
  169.179044  10.5
  187.986907  10.5
  207.235634  10.5
  230.708968  10.5
  34.514883  9
  34.514886  9
  90.965697  9
  90.978996  9
  128.394263  9
  130.876773  9
  149.027087  9
  164.990521  9
  185.794340  9
  0.000000  9.5
  64.861477  9.5
  64.861805  9.5
  112.549360  9.5
  112.819835  9.5
  138.491133  9.5
  147.256126  9.5
  165.133154  9.5
  185.790575  9.5
  30.448326  8
  30.448357  8
  78.685644  8
  78.759937  8
  106.505718  8
  112.022965  8
  127.911141  8
  145.741873  8
  0.000000  8.5
  56.719412  8.5
  56.721737  8.5
  95.671696  8.5
  96.727007  8.5
  115.095369  8.5
  127.574833  8.5
  145.752589  8.5
  26.381180  7
  26.381430  7
  66.256782  7
  66.612087  7
  85.936787  7
  94.941701  7
  110.588112  7
  0.000000  7.5
  48.566434  7.5
  48.581657  7.5
  78.247231  7.5
  81.239093  7.5
  95.676526  7.5
  110.558486  7.5
  22.312432  6
  22.314358  6
  53.445157  6
  54.758072  6
  68.453895  6
  80.232440  6
  0.000000  6.5
  40.371851  6.5
  40.460488  6.5
  61.162961  6.5
  67.013903  6.5
  80.311163  6.5
  18.236837  5
  18.250554  5
  40.401688  5
  43.683431  5
  54.942820  5
  0.000000  5.5
  32.021971  5.5
  32.448211  5.5
  46.136463  5.5
  54.745363  5.5
  14.126809  4
  14.212519  4
  28.431909  4
  34.060324  4
  0.000000  4.5
  23.365308  4.5
  24.822659  4.5
  34.512935  4.5
  9.883539  3
  10.303117  3
  19.014937  3
  0.000004  3.5
  14.988986  3.5
  18.114610  3.5
  5.541230  2
  6.820748  2
  0.000299  2.5
  8.296350  2.5
  2.049264  1
  0.016599  1.5
