  42.089574  10
  42.091830  10
  109.327160  10
  110.580526  10
  146.528301  10
  166.408252  10
  198.912903  10
  237.229915  10
  281.765707  10
  332.252832  10
  0.000000  10.5
  78.885904  10.5
  78.968447  10.5
  130.723709  10.5
  138.384224  10.5
  167.852447  10.5
  198.802419  10.5
  237.234281  10.5
  281.765619  10.5
  332.252833  10.5
  37.615424  9
  37.623017  9
  94.882193  9
  97.600885  9
  126.795048  9
  150.280683  9
  183.088106  9
  221.927383  9
  266.764970  9
  0.000000  9.5
  69.810598  9.5
  70.044532  9.5
  111.310958  9.5
  122.843381  9.5
  150.724070  9.5
  183.065883  9.5
  221.927919  9.5
  266.764965  9.5
  33.132432  8
  33.157156  8
  80.093082  8
  85.175737  8
  110.216467  8
  136.088153  8
  169.286839  8
  208.468214  8
  0.000000  8.5
  60.587035  8.5
  61.204184  8.5
  93.324483  8.5
  108.704309  8.5
  136.192401  8.5
  169.283726  8.5
  208.468249  8.5
  28.626921  7
  28.703977  7
  65.533427  7
  73.622766  7
  96.663431  7
  123.833420  7
  157.363095  7
  0.000000  7.5
  51.096461  7.5
  52.562784  7.5
  77.623289  7.5
  96.229185  7.5
  123.850471  7.5
  157.362865  7.5
  24.064796  6
  24.290562  6
  52.079654  6
  63.271586  6
  85.647792  6
  113.449117  6
  0.000000  6.5
  41.318973  6.5
  44.316400  6.5
  64.765351  6.5
  85.561917  6.5
  113.450596  6.5
  19.378774  5
  19.981224  5
  40.531787  5
  54.399944  5
  76.734687  5
  0.000007  5.5
  31.627229  5.5
  36.735629  5.5
  54.779336  5.5
  76.725657  5.5
  14.515347  4
  15.902226  4
  31.455586  4
  47.181535  4
  0.000095  4.5
  22.771108  4.5
  30.124129  4.5
  47.232515  4.5
  9.663192  3
  12.251320  3
  25.012752  3
  0.001269  3.5
  15.469132  3.5
  24.761727  3.5
  5.410322  2
  9.272731  2
  0.014740  2.5
  10.204890  2.5
  2.360990  1
  0.129278  1.5
