  66.718362  10
  73.443314  10
  152.319128  10
  228.898586  10
  340.165891  10
  479.777976  10
  647.726234  10
  843.862725  10
  1068.127435  10
  1320.490165  10
  0.000695  10.5
  108.499826  10.5
  143.779446  10.5
  229.568509  10.5
  340.143445  10.5
  479.778375  10.5
  647.726229  10.5
  843.862725  10.5
  1068.127435  10.5
  1320.490165  10.5
  57.859035  9
  66.690896  9
  138.662734  9
  217.833146  9
  329.299859  9
  469.105798  9
  637.160243  9
  833.363361  9
  1057.672619  9
  0.001891  9.5
  93.928290  9.5
  133.377939  9.5
  218.147994  9.5
  329.291783  9.5
  469.105905  9.5
  637.160242  9.5
  833.363361  9.5
  1057.672619  9.5
  49.096309  8
  60.306234  8
  126.950666  8
  208.002127  8
  319.659743  8
  459.608743  8
  627.743454  8
  823.996968  8
  0.005076  8.5
  80.643137  8.5
  123.932111  8.5
  208.135116  8.5
  319.657243  8.5
  459.608766  8.5
  627.743454  8.5
  823.996968  8.5
  40.621219  7
  54.360693  7
  117.065276  7
  199.394429  7
  311.216204  7
  451.269435  7
  619.463475  7
  0.013377  7.5
  68.795380  7.5
  115.503124  7.5
  199.443284  7.5
  311.215577  7.5
  451.269438  7.5
  619.463475  7.5
  32.648019  6
  48.927691  6
  108.852598  6
  191.992640  6
  303.944847  6
  444.072616  6
  0.034425  6.5
  58.506624  6.5
  108.140827  6.5
  192.007407  6.5
  303.944732  6.5
  444.072616  6.5
  25.381078  5
  44.081565  5
  102.154460  5
  185.776096  5
  297.825343  5
  0.085829  5.5
  49.868676  5.5
  101.882828  5.5
  185.779396  5.5
  297.825331  5.5
  18.988076  4
  39.897916  4
  96.832757  4
  180.723633  4
  0.205201  4.5
  42.937745  4.5
  96.754202  4.5
  180.724047  4.5
  13.583706  3
  36.456176  3
  92.781309  3
  0.464706  3.5
  37.722486  3.5
  92.768109  3.5
  9.221350  2
  33.844874  2
  0.984572  2.5
  34.171059  2.5
  5.888741  1
  1.933444  1.5
