  39.961001  10
  39.961092  10
  105.905321  10
  106.032994  10
  147.285673  10
  155.145999  10
  179.535585  10
  205.908693  10
  237.750236  10
  274.171884  10
  0.000000  10.5
  75.351187  10.5
  75.356291  10.5
  130.547415  10.5
  132.099945  10.5
  160.604599  10.5
  178.710039  10.5
  205.963004  10.5
  237.748515  10.5
  274.171905  10.5
  35.736357  9
  35.736796  9
  92.951016  9
  93.372407  9
  124.910045  9
  136.915452  9
  160.514360  9
  188.066653  9
  220.385710  9
  0.000000  9.5
  66.872732  9.5
  66.893661  9.5
  112.214914  9.5
  115.819833  9.5
  139.002546  9.5
  160.330806  9.5
  188.073678  9.5
  220.385608  9.5
  31.509920  8
  31.511964  8
  79.673967  8
  80.895548  8
  104.790389  8
  120.550819  8
  144.289404  8
  172.477262  8
  0.000000  8.5
  58.359698  8.5
  58.440275  8.5
  93.725907  8.5
  100.433322  8.5
  121.115857  8.5
  144.262023  8.5
  172.477731  8.5
  27.278825  7
  27.287965  7
  65.949971  7
  68.863631  7
  87.930581  7
  106.321142  7
  130.448888  7
  0.000000  7.5
  49.751955  7.5
  50.035797  7.5
  76.230022  7.5
  86.421147  7.5
  106.421398  7.5
  130.446781  7.5
  23.033090  6
  23.071653  6
  52.219719  6
  57.673637  6
  74.534073  6
  94.292905  6
  0.000000  6.5
  40.918399  6.5
  41.790567  6.5
  60.951634  6.5
  74.199110  6.5
  94.302021  6.5
  18.739890  5
  18.889160  5
  39.566544  5
  47.780273  5
  64.046721  5
  0.000000  5.5
  31.776217  5.5
  33.937251  5.5
  48.747026  5.5
  64.009306  5.5
  14.318084  4
  14.819691  4
  29.054749  4
  39.572108  4
  0.000005  4.5
  22.770579  4.5
  26.838257  4.5
  39.713561  4.5
  9.724733  3
  11.044801  3
  21.372768  3
  0.000143  3.5
  14.900600  3.5
  20.909885  3.5
  5.385659  2
  7.861031  2
  0.003395  2.5
  9.022181  2.5
  2.168892  1
  0.058335  1.5
