  84.264748  10
  122.079711  10
  269.981290  10
  471.874917  10
  744.408675  10
  1085.578129  10
  1495.212103  10
  1973.232553  10
  2519.604679  10
  3134.310964  10
  0.065986  10.5
  148.835195  10.5
  267.609252  10.5
  471.940529  10.5
  744.407833  10.5
  1085.578135  10.5
  1495.212103  10.5
  1973.232553  10.5
  2519.604679  10.5
  3134.310964  10.5
  72.700996  9
  114.327832  9
  258.741557  9
  461.603157  9
  734.305170  9
  1075.568642  9
  1485.256570  9
  1963.310917  9
  2509.705723  9
  0.117968  9.5
  134.507037  9.5
  257.339791  9.5
  461.633560  9.5
  734.304868  9.5
  1075.568643  9.5
  1485.256570  9.5
  1963.310917  9.5
  2509.705723  9.5
  61.868374  8
  107.157966  8
  248.902453  8
  452.453971  8
  725.294256  8
  1066.632174  8
  1476.362902  8
  1954.444135  8
  0.208036  8.5
  121.777822  8.5
  248.129887  8.5
  452.466680  8.5
  725.294163  8.5
  1066.632174  8.5
  1476.362902  8.5
  1954.444135  8.5
  51.863915  7
  100.615586  7
  240.383045  7
  444.414863  7
  717.366122  7
  1058.762243  7
  1468.526454  7
  0.360940  7.5
  110.678043  7.5
  239.993575  7.5
  444.419496  7.5
  717.366099  7.5
  1058.762243  7.5
  1468.526454  7.5
  42.764591  6
  94.747536  6
  233.114611  6
  437.473941  6
  710.512197  6
  1051.953139  6
  0.614277  6.5
  101.220358  6.5
  232.940391  6.5
  437.475334  6.5
  710.512192  6.5
  1051.953139  6.5
  34.625111  5
  89.603134  5
  227.041377  5
  431.620325  5
  704.725104  5
  1.022252  5.5
  93.396074  5.5
  226.975716  5.5
  431.620635  5.5
  704.725103  5.5
  27.476503  4
  85.235688  4
  222.120144  4
  426.844457  4
  1.658358  4.5
  87.172410  4.5
  222.101312  4.5
  426.844496  4.5
  21.325134  3
  81.704362  3
  218.319203  3
  2.615531  3.5
  82.491950  3.5
  218.316056  3.5
  16.152056  2
  79.076174  2
  4.002706  2.5
  79.275416  2.5
  11.912845  1
  5.937791  1.5
