  44.633260  10
  44.651031  10
  112.069355  10
  116.701728  10
  152.146559  10
  183.846550  10
  226.491244  10
  276.877792  10
  334.932902  10
  400.512349  10
  0.000000  10.5
  82.863283  10.5
  83.335418  10.5
  131.478365  10.5
  148.371226  10.5
  184.234768  10.5
  226.471569  10.5
  276.878336  10.5
  334.932895  10.5
  400.512349  10.5
  39.845979  9
  39.893419  9
  96.177250  9
  103.710455  9
  135.392377  9
  169.323751  9
  212.364188  9
  263.077222  9
  321.339770  9
  0.000000  9.5
  72.920938  9.5
  73.963367  9.5
  112.812039  9.5
  133.809980  9.5
  169.434561  9.5
  212.360361  9.5
  263.077287  9.5
  321.339770  9.5
  35.030148  8
  35.152496  8
  80.670469  8
  91.596166  8
  121.359455  8
  156.572784  8
  199.944908  8
  250.886596  8
  0.000000  8.5
  62.695879  8.5
  64.814486  8.5
  96.428471  8.5
  120.817871  8.5
  156.597682  8.5
  199.944384  8.5
  250.886600  8.5
  30.153096  7
  30.454255  7
  66.266568  7
  80.614792  7
  109.636841  7
  145.535775  7
  189.153175  7
  0.000001  7.5
  52.204657  7.5
  56.055436  7.5
  82.720557  7.5
  109.491788  7.5
  145.539732  7.5
  189.153137  7.5
  25.158317  6
  25.851866  6
  53.606091  6
  70.982676  6
  99.875931  6
  136.139856  6
  0.000007  6.5
  41.760449  6.5
  47.901142  6.5
  71.693840  6.5
  99.848368  6.5
  136.140193  6.5
  19.992815  5
  21.439964  5
  43.170454  5
  62.846598  5
  91.849791  5
  0.000069  5.5
  31.954311  5.5
  40.589827  5.5
  63.016177  5.5
  91.846958  5.5
  14.734083  4
  17.361746  4
  35.189286  4
  56.269935  4
  0.000625  4.5
  23.398663  4.5
  34.349938  4.5
  56.291998  4.5
  9.747014  3
  13.799141  3
  29.520752  3
  0.005273  3.5
  16.556034  3.5
  29.370232  3.5
  5.571104  2
  10.949988  2
  0.038870  2.5
  11.725309  2.5
  2.603492  1
  0.225035  1.5
