  40.240079  10
  40.240242  10
  106.413580  10
  106.609813  10
  146.850333  10
  156.374909  10
  181.705715  10
  209.914980  10
  243.602711  10
  282.061524  10
  0.000000  10.5
  75.822096  10.5
  75.830612  10.5
  130.660953  10.5
  132.804311  10.5
  160.915948  10.5
  181.101892  10.5
  209.951189  10.5
  243.601649  10.5
  282.061536  10.5
  35.983149  9
  35.983886  9
  93.281684  9
  93.884117  9
  124.731621  9
  138.469630  9
  163.328431  9
  192.547458  9
  226.679887  9
  0.000000  9.5
  67.271307  9.5
  67.303974  9.5
  112.027444  9.5
  116.595884  9.5
  140.124603  9.5
  163.197411  9.5
  192.552085  9.5
  226.679825  9.5
  31.723899  8
  31.727122  8
  79.775671  8
  81.391427  8
  105.130667  8
  122.476466  8
  147.570920  8
  177.355763  8
  0.000000  8.5
  58.675074  8.5
  58.792635  8.5
  93.473602  8.5
  101.382370  8.5
  122.909564  8.5
  147.551659  8.5
  177.356070  8.5
  27.458507  7
  27.472002  7
  65.852942  7
  69.414122  7
  88.864888  7
  108.603885  7
  134.090857  7
  0.000000  7.5
  49.960313  7.5
  50.346602  7.5
  76.180335  7.5
  87.616710  7.5
  108.679263  7.5
  134.089389  7.5
  23.174258  6
  23.227556  6
  52.096501  6
  58.349574  6
  75.935034  6
  96.879843  6
  0.000000  6.5
  40.989230  6.5
  42.092521  6.5
  61.270801  6.5
  75.665370  6.5
  96.886624  6.5
  18.832318  5
  19.025250  5
  39.589727  5
  48.626767  5
  65.751665  5
  0.000000  5.5
  31.733042  5.5
  34.276363  5.5
  49.462511  5.5
  65.721960  5.5
  14.347763  4
  14.953072  4
  29.308088  4
  40.594261  4
  0.000009  4.5
  22.726764  4.5
  27.256697  4.5
  40.714234  4.5
  9.706596  3
  11.198613  3
  21.847031  3
  0.000213  3.5
  14.945799  3.5
  21.427118  3.5
  5.378460  2
  8.051535  2
  0.004428  2.5
  9.172826  2.5
  2.193547  1
  0.067177  1.5
