  38.119943  10
  38.119943  10
  102.249970  10
  102.249979  10
  150.089970  10
  150.108868  10
  179.555402  10
  182.298646  10
  196.287929  10
  209.926090  10
  -0.000000  10.5
  72.206718  10.5
  72.206718  10.5
  128.229099  10.5
  128.229649  10.5
  167.561080  10.5
  167.908145  10.5
  187.182714  10.5
  195.450496  10.5
  209.964765  10.5
  34.106290  9
  34.106290  9
  90.202835  9
  90.202959  9
  129.870157  9
  130.017335  9
  150.203336  9
  156.410827  9
  169.447795  9
  -0.000000  9.5
  64.178318  9.5
  64.178319  9.5
  112.147925  9.5
  112.153863  9.5
  142.573558  9.5
  144.181562  9.5
  157.719551  9.5
  169.374112  9.5
  30.092577  8
  30.092577  8
  78.151628  8
  78.153172  8
  109.288273  8
  110.128306  8
  123.541691  8
  133.166449  8
  -0.000000  8.5
  56.149321  8.5
  56.149342  8.5
  96.027562  8.5
  96.081847  8.5
  117.231914  8.5
  121.617391  8.5
  133.303413  8.5
  26.078765  7
  26.078768  7
  66.086543  7
  66.103236  7
  88.171530  7
  91.034026  7
  101.540438  7
  0.000000  7.5
  48.119160  7.5
  48.119465  7.5
  79.725058  7.5
  80.106439  7.5
  93.681965  7.5
  101.294071  7.5
  22.064766  6
  22.064804  6
  53.947214  6
  54.092086  6
  68.037469  6
  73.743412  6
  0.000000  6.5
  40.085231  6.5
  40.089179  6.5
  62.945230  6.5
  64.622560  6.5
  74.167141  6.5
  18.050164  5
  18.050757  5
  41.502256  5
  42.345517  5
  51.181343  5
  0.000000  5.5
  32.028394  5.5
  32.071185  5.5
  46.501056  5.5
  50.495726  5.5
  14.031176  4
  14.039362  4
  28.982173  4
  31.527480  4
  0.000000  4.5
  23.831871  4.5
  24.168537  4.5
  32.552841  4.5
  9.972641  3
  10.062119  3
  18.211476  3
  0.000000  3.5
  15.413905  3.5
  16.812125  3.5
  5.751528  2
  6.322674  2
  0.000013  2.5
  8.060719  2.5
  2.010114  1
  0.003379  1.5
