  39.936613  10
  39.936699  10
  105.860171  10
  105.982753  10
  147.328211  10
  155.043103  10
  179.355156  10
  205.560383  10
  237.236134  10
  273.474947  10
  0.000000  10.5
  75.309950  10.5
  75.314814  10.5
  130.534921  10.5
  132.040129  10.5
  160.590601  10.5
  178.505938  10.5
  205.616745  10.5
  237.234334  10.5
  273.474970  10.5
  35.714786  9
  35.715204  9
  92.920903  9
  93.328232  9
  124.933314  9
  136.783469  9
  160.271768  9
  187.673526  9
  219.829844  9
  0.000000  9.5
  66.837747  9.5
  66.857814  9.5
  112.231089  9.5
  115.754450  9.5
  138.914310  9.5
  160.082483  9.5
  187.680825  9.5
  219.829737  9.5
  31.491207  8
  31.493166  8
  79.663832  8
  80.853221  8
  104.768380  8
  120.384678  8
  144.002163  8
  172.046552  8
  0.000000  8.5
  58.331839  8.5
  58.409592  8.5
  93.751044  8.5
  100.352865  8.5
  120.963520  8.5
  143.973886  8.5
  172.047040  8.5
  27.263088  7
  27.271899  7
  65.958658  7
  68.816795  7
  87.853825  7
  106.121618  7
  130.127492  7
  0.000000  7.5
  49.733240  7.5
  50.008923  7.5
  76.238783  7.5
  86.318353  7.5
  106.224523  7.5
  130.125314  7.5
  23.020674  6
  23.058079  6
  52.232337  6
  57.615611  6
  74.412895  6
  94.064724  6
  0.000000  6.5
  40.911743  6.5
  41.764653  6.5
  60.927525  6.5
  74.071247  6.5
  94.074091  6.5
  18.731673  5
  18.877374  5
  39.566588  5
  47.706596  5
  63.896551  5
  0.000000  5.5
  31.780281  5.5
  33.908099  5.5
  48.686182  5.5
  63.858336  5.5
  14.315394  4
  14.808177  4
  29.033882  4
  39.482054  4
  0.000005  4.5
  22.775278  4.5
  26.801865  4.5
  39.625654  4.5
  9.726501  3
  11.031421  3
  21.331325  3
  0.000138  3.5
  14.897265  3.5
  20.864313  3.5
  5.386516  2
  7.844227  2
  0.003311  2.5
  9.009079  2.5
  2.166745  1
  0.057568  1.5
