  38.413568  10
  38.413569  10
  102.857889  10
  102.858554  10
  150.106221  10
  150.472814  10
  175.574863  10
  185.092591  10
  203.260342  10
  224.152172  10
  0.000000  10.5
  72.711920  10.5
  72.711932  10.5
  128.767141  10.5
  128.788332  10.5
  165.554941  10.5
  168.506497  10.5
  186.633172  10.5
  203.140956  10.5
  224.155310  10.5
  34.366453  9
  34.366454  9
  90.692357  9
  90.697258  9
  129.026388  9
  130.451338  9
  148.580660  9
  161.968256  9
  180.604066  9
  0.000000  9.5
  64.613758  9.5
  64.613859  9.5
  112.438936  9.5
  112.560116  9.5
  139.536090  9.5
  145.952035  9.5
  162.233428  9.5
  180.595863  9.5
  30.319118  8
  30.319128  8
  78.502227  8
  78.534820  8
  107.346217  8
  111.210812  8
  126.005259  8
  141.749166  8
  0.000000  8.5
  56.513157  8.5
  56.514005  8.5
  95.866993  8.5
  96.441370  8.5
  115.246126  8.5
  125.449061  8.5
  141.770130  8.5
  26.271402  7
  26.271493  7
  66.221952  7
  66.408656  7
  86.350608  7
  93.532509  7
  107.659533  7
  0.000000  7.5
  48.406294  7.5
  48.412885  7.5
  78.760632  7.5
  80.756905  7.5
  94.609256  7.5
  107.607513  7.5
  22.222749  6
  22.223576  6
  53.646514  6
  54.482777  6
  68.018134  6
  78.160708  6
  0.000000  6.5
  40.274994  6.5
  40.320631  6.5
  61.589497  6.5
  66.145263  6.5
  78.284644  6.5
  18.170144  5
  18.177129  5
  40.705323  5
  43.195602  5
  53.666479  5
  0.000000  5.5
  32.036849  5.5
  32.299299  5.5
  46.074092  5.5
  53.388247  5.5
  14.095115  4
  14.146921  4
  28.513931  4
  33.253861  4
  0.000000  4.5
  23.508797  4.5
  24.583886  4.5
  33.824192  4.5
  9.913205  3
  10.215164  3
  18.724551  3
  0.000001  3.5
  15.080568  3.5
  17.702636  3.5
  5.592214  2
  6.664757  2
  0.000151  2.5
  8.210343  2.5
  2.034992  1
  0.011754  1.5
