  91.935398  10
  150.889016  10
  345.703796  10
  622.261025  10
  993.505862  10
  1458.021168  10
  2015.642125  10
  2666.300273  10
  3409.964983  10
  4246.620845  10
  0.209545  10.5
  174.781883  10.5
  344.211863  10.5
  622.290738  10.5
  993.505585  10.5
  1458.021170  10.5
  2015.642125  10.5
  2666.300273  10.5
  3409.964983  10.5
  4246.620845  10.5
  79.721336  9
  142.848792  9
  334.882736  9
  612.141895  9
  983.534284  9
  1448.128297  9
  2005.794511  9
  2656.481084  9
  3400.164806  9
  0.338286  9.5
  160.729628  9.5
  334.005368  9.5
  612.155643  9.5
  983.534185  9.5
  1448.128298  9.5
  2005.794511  9.5
  2656.481084  9.5
  3400.164806  9.5
  68.354184  8
  135.444558  8
  325.347783  8
  603.119289  8
  974.633240  8
  1439.290788  8
  1996.993547  8
  2647.703066  8
  0.539323  8.5
  148.299068  8.5
  324.866038  8.5
  603.125030  8.5
  974.633210  8.5
  1439.290788  8.5
  1996.993547  8.5
  2647.703066  8.5
  57.894845  7
  128.716366  7
  317.043268  7
  595.183329  7
  966.795713  7
  1431.503961  7
  1989.235877  7
  0.847529  7.5
  137.496936  7.5
  316.801094  7.5
  595.185420  7.5
  966.795705  7.5
  1431.503961  7.5
  1989.235877  7.5
  48.387904  6
  122.706218  6
  309.922912  6
  588.324906  6
  960.015545  6
  1424.763694  6
  1.310225  6.5
  128.314083  6.5
  309.814811  6.5
  588.325534  6.5
  960.015544  6.5
  1424.763694  6.5
  39.860789  5
  117.459024  5
  303.949533  5
  582.535870  5
  954.287424  5
  1.988774  5.5
  120.723837  5.5
  303.908855  5.5
  582.536010  5.5
  954.287423  5.5
  32.323160  4
  113.023748  4
  299.094387  4
  577.809175  4
  2.958812  4.5
  114.681539  4.5
  299.082734  4.5
  577.809193  4.5
  25.766456  3
  109.454653  3
  295.336286  3
  4.308593  3.5
  110.125817  3.5
  295.334339  3.5
  20.163657  2
  106.812483  2
  6.135316  2.5
  106.981728  2.5
  15.469433  1
  8.539885  1.5
