  81.067167  10
  111.154195  10
  241.906674  10
  415.612003  10
  651.108989  10
  946.003821  10
  1300.125462  10
  1713.389872  10
  2185.759723  10
  2717.216218  10
  0.035911  10.5
  139.286343  10.5
  238.958506  10.5
  415.707569  10.5
  651.107561  10.5
  946.003833  10.5
  1300.125462  10.5
  1713.389872  10.5
  2185.759723  10.5
  2717.216218  10.5
  69.845164  9
  103.546600  9
  230.407491  9
  405.250532  9
  640.926382  9
  935.924630  9
  1290.105495  9
  1703.407115  9
  2175.801864  9
  0.067821  9.5
  124.850577  9.5
  228.659224  9.5
  405.294859  9.5
  640.925871  9.5
  935.924633  9.5
  1290.105495  9.5
  1703.407115  9.5
  2175.801864  9.5
  59.279919  8
  96.492712  8
  220.378721  8
  396.026431  8
  631.849705  8
  926.929057  8
  1281.156510  8
  1694.487399  8
  0.126303  8.5
  111.991496  8.5
  219.412665  8.5
  396.044975  8.5
  631.849547  8.5
  926.929058  8.5
  1281.156510  8.5
  1694.487399  8.5
  49.488846  7
  90.041255  7
  211.725317  7
  387.926010  7
  623.867411  7
  919.009526  7
  1273.273080  7
  0.231249  7.5
  100.752894  7.5
  211.237359  7.5
  387.932775  7.5
  623.867371  7.5
  919.009526  7.5
  1273.273080  7.5
  40.568258  6
  84.242003  6
  204.365010  6
  380.935933  6
  616.969445  6
  912.159366  6
  0.414814  6.5
  91.160128  6.5
  204.146425  6.5
  380.937968  6.5
  616.969438  6.5
  912.159366  6.5
  32.589753  5
  79.146861  5
  198.230352  5
  375.043802  5
  611.147174  5
  0.726200  5.5
  83.215863  5.5
  198.147886  5.5
  375.044255  5.5
  611.147173  5.5
  25.597986  4
  74.811511  4
  193.268890  4
  370.238611  4
  1.235884  4.5
  76.895974  4.5
  193.245221  4.5
  370.238668  4.5
  19.609230  3
  71.297592  3
  189.442136  3
  2.037340  3.5
  72.147500  3.5
  189.438178  3.5
  14.610406  2
  68.675189  2
  3.244360  2.5
  68.890609  2.5
  10.558685  1
  4.983372  1.5
