  73.083279  10
  87.655508  10
  183.982550  10
  297.229657  10
  454.359331  10
  651.339772  10
  888.032099  10
  1164.327579  10
  1480.179161  10
  1835.563162  10
  0.005179  10.5
  119.598634  10.5
  178.665377  10.5
  297.502153  10.5
  454.353080  10.5
  651.339849  10.5
  888.032099  10.5
  1164.327579  10.5
  1480.179161  10.5
  1835.563162  10.5
  62.996489  9
  80.481845  9
  171.498306  9
  286.545048  9
  443.879254  9
  641.000191  9
  877.771906  9
  1154.117240  9
  1470.002179  9
  0.011685  9.5
  104.979451  9.5
  168.293496  9.5
  286.672033  9.5
  443.877012  9.5
  641.000212  9.5
  877.771906  9.5
  1154.117240  9.5
  1470.002179  9.5
  53.289373  8
  73.770910  8
  160.731135  8
  277.047131  8
  434.556166  8
  631.784122  8
  868.616895  8
  1145.000589  8
  0.025987  8.5
  91.825811  8.5
  158.938337  8.5
  277.100440  8.5
  434.555474  8.5
  631.784126  8.5
  868.616895  8.5
  1145.000589  8.5
  44.137429  7
  67.582882  7
  151.550364  7
  268.720474  7
  426.371488  7
  623.679787  7
  860.558652  7
  0.056757  7.5
  80.227835  7.5
  150.636679  7.5
  268.739972  7.5
  426.371315  7.5
  623.679788  7.5
  860.558652  7.5
  35.702695  6
  61.978498  6
  143.828748  6
  261.548040  6
  419.309299  6
  616.676834  6
  0.121146  6.5
  70.254604  6.5
  143.416851  6.5
  261.553915  6.5
  419.309268  6.5
  616.676834  6.5
  28.119801  5
  57.019505  5
  137.454757  5
  255.512692  5
  413.356067  5
  0.251184  5.5
  61.949985  5.5
  137.298674  5.5
  255.514002  5.5
  413.356064  5.5
  21.487171  4
  52.770205  4
  132.338783  4
  250.598429  4
  0.502337  4.5
  55.325478  4.5
  132.293849  4.5
  250.598593  4.5
  15.862088  3
  49.300305  3
  128.414408  3
  0.961878  3.5
  50.352295  3.5
  128.406879  3.5
  11.257849  2
  46.688999  2
  1.752133  2.5
  46.957549  2.5
  7.642118  1
  3.023535  1.5
