  182.619002  10
  604.405490  10
  1589.707746  10
  3064.165429  10
  5031.244809  10
  7490.435736  10
  10441.608742  10
  13884.714933  10
  17819.732509  10
  22246.650550  10
  13.900248  10.5
  615.939757  10.5
  1589.586831  10.5
  3064.165867  10.5
  5031.244808  10.5
  7490.435736  10.5
  10441.608742  10.5
  13884.714933  10.5
  17819.732509  10.5
  22246.650550  10.5
  166.375244  9
  595.122456  9
  1579.676637  9
  3054.388700  9
  5021.560736  9
  7480.798315  9
  10431.998061  9
  13875.120993  9
  17810.149743  9
  16.431629  9.5
  603.562007  9.5
  1579.606031  9.5
  3054.388903  9.5
  5021.560736  9.5
  7480.798315  9.5
  10431.998061  9.5
  13875.120993  9.5
  17810.149743  9.5
  151.091736  8
  586.694736  8
  1570.719579  8
  3045.647200  8
  5012.899816  8
  7472.177908  8
  10423.400863  8
  13866.538323  8
  19.346362  8.5
  592.634602  8.5
  1570.681032  8.5
  3045.647284  8.5
  5012.899816  8.5
  7472.177908  8.5
  10423.400863  8.5
  13866.538323  8.5
  136.758406  7
  579.147534  7
  1562.829904  7
  3037.938901  7
  5005.260789  7
  7464.573666  7
  10415.816539  7
  22.685233  7.5
  583.126490  7.5
  1562.810615  7.5
  3037.938932  7.5
  5005.260789  7.5
  7464.573666  7.5
  10415.816539  7.5
  123.361805  6
  572.507342  6
  1556.002038  6
  3031.262010  6
  4998.642543  6
  7457.984838  6
  26.490182  6.5
  575.004555  6.5
  1555.993459  6.5
  3031.262019  6.5
  4998.642543  6.5
  7457.984838  6.5
  110.885131  5
  566.802002  5
  1550.231418  5
  3025.614970  5
  4993.044117  5
  30.803856  5.5
  568.234011  5.5
  1550.228199  5.5
  3025.614972  5.5
  4993.044117  5.5
  99.308267  4
  562.060745  4
  1545.514409  4
  3020.996464  4
  35.669133  4.5
  562.778813  4.5
  1545.513489  4.5
  3020.996464  4.5
  88.607853  3
  558.314208  3
  1541.848222  3
  41.128647  3.5
  558.602078  3.5
  1541.848069  3.5
  78.757390  2
  555.594403  2
  47.224314  2.5
  555.666486  2.5
  69.727378  1
  53.996881  1.5
