  39.240779  10
  39.240791  10
  104.527919  10
  104.556075  10
  148.759942  10
  152.455994  10
  175.153684  10
  195.782682  10
  222.298516  10
  252.845377  10
  0.000000  10.5
  74.128137  10.5
  74.128999  10.5
  129.973285  10.5
  130.446714  10.5
  161.270633  10.5
  173.108743  10.5
  195.970516  10.5
  222.290806  10.5
  252.845499  10.5
  35.099040  9
  35.099112  9
  91.981942  9
  92.100300  9
  126.174084  9
  133.335448  9
  153.698873  9
  176.295582  9
  203.389051  9
  0.000000  9.5
  65.830253  9.5
  65.834696  9.5
  112.600490  9.5
  114.067665  9.5
  137.312341  9.5
  153.189633  9.5
  176.321190  9.5
  203.388582  9.5
  30.956463  8
  30.956886  8
  79.271837  8
  79.715172  8
  104.794306  8
  115.826695  8
  135.760190  8
  159.320023  8
  0.000000  8.5
  57.518430  8.5
  57.539982  8.5
  94.661038  8.5
  98.254035  8.5
  117.068444  8.5
  135.679111  8.5
  159.321793  8.5
  26.811963  7
  26.814335  7
  66.189675  7
  67.577184  7
  86.124221  7
  100.414861  7
  120.645450  7
  0.000000  7.5
  49.164700  7.5
  49.260798  7.5
  76.845080  7.5
  83.524160  7.5
  100.655088  7.5
  120.638965  7.5
  22.661317  6
  22.673884  6
  52.729427  6
  56.043278  6
  71.083173  6
  87.342199  6
  0.000000  6.5
  40.682117  6.5
  41.059720  6.5
  60.568769  6.5
  70.438536  6.5
  87.365082  6.5
  18.487295  5
  18.548511  5
  39.744817  5
  45.623955  5
  59.495269  5
  0.000000  5.5
  31.909723  5.5
  33.113803  5.5
  47.108308  5.5
  59.418800  5.5
  14.230152  4
  14.490362  4
  28.550839  4
  36.837546  4
  0.000001  4.5
  22.982090  4.5
  25.775228  4.5
  37.072210  4.5
  9.791104  3
  10.653802  3
  20.147030  3
  0.000037  3.5
  14.857014  3.5
  19.525358  3.5
  5.431812  2
  7.348651  2
  0.001361  2.5
  8.639417  2.5
  2.105983  1
  0.036141  1.5
