  38.517959  10
  38.517959  10
  103.072450  10
  103.073895  10
  150.033168  10
  150.645389  10
  174.877729  10
  186.310852  10
  205.784856  10
  228.309787  10
  0.000000  10.5
  72.891230  10.5
  72.891258  10.5
  128.947588  10.5
  128.988281  10.5
  164.797846  10.5
  168.904051  10.5
  187.410549  10.5
  205.710586  10.5
  228.311553  10.5
  34.458931  9
  34.458933  9
  90.863251  9
  90.872747  9
  128.636443  9
  130.704074  9
  148.794494  9
  163.861144  9
  183.894166  9
  0.000000  9.5
  64.768163  9.5
  64.768383  9.5
  112.512723  9.5
  112.719292  9.5
  138.836488  9.5
  146.749146  9.5
  164.038778  9.5
  183.889218  9.5
  30.399624  8
  30.399645  8
  78.618054  8
  78.674336  8
  106.798665  8
  111.705877  8
  127.179954  8
  144.279365  8
  0.000000  8.5
  56.641791  8.5
  56.643445  8.5
  95.751674  8.5
  96.613393  8.5
  115.101669  8.5
  126.777737  8.5
  144.292928  8.5
  26.339811  7
  26.339988  7
  66.246873  7
  66.533128  7
  86.059234  7
  94.411669  7
  109.512772  7
  0.000000  7.5
  48.506416  7.5
  48.517891  7.5
  78.433682  7.5
  81.050704  7.5
  95.254349  7.5
  109.476662  7.5
  22.278668  6
  22.280116  6
  53.521480  6
  54.651002  6
  68.269846  6
  79.472360  6
  0.000000  6.5
  40.336276  6.5
  40.407132  6.5
  61.304229  6.5
  66.686441  6.5
  79.564733  6.5
  18.211845  5
  18.222765  5
  40.506864  5
  43.499297  5
  54.470164  5
  0.000000  5.5
  32.028722  5.5
  32.390837  5.5
  46.098576  5.5
  54.247248  5.5
  14.115191  4
  14.187499  4
  28.454189  4
  33.764404  4
  0.000000  4.5
  23.416548  4.5
  24.732498  4.5
  34.255796  4.5
  9.894388  3
  10.269908  3
  18.905646  3
  0.000003  3.5
  15.018976  3.5
  17.963632  3.5
  5.558625  2
  6.763707  2
  0.000237  2.5
  8.263874  2.5
  2.043877  1
  0.014767  1.5
