  316.231635  10
  1420.040342  10
  3850.265160  10
  7495.246295  10
  12356.246764  10
  18432.821654  10
  25724.847681  10
  34232.278493  10
  43955.093462  10
  54893.282264  10
  61.994642  10.5
  1427.492249  10.5
  3850.234117  10.5
  7495.246341  10.5
  12356.246764  10.5
  18432.821654  10.5
  25724.847681  10.5
  34232.278493  10.5
  43955.093462  10.5
  54893.282264  10.5
  295.877611  9
  1410.297856  9
  3840.318689  9
  7485.516565  9
  12346.601651  9
  18423.218968  9
  25715.269273  9
  34222.715271  9
  43945.540369  9
  68.328347  9.5
  1415.730739  9.5
  3840.300573  9.5
  7485.516586  9.5
  12346.601651  9.5
  18423.218968  9.5
  25715.269273  9.5
  34222.715271  9.5
  43945.540369  9.5
  276.435819  8
  1401.495635  8
  3831.425504  8
  7476.813480  8
  12337.973332  8
  18414.628117  8
  25706.699857  8
  34214.159260  8
  75.181452  8.5
  1405.307011  8.5
  3831.415620  8.5
  7476.813489  8.5
  12337.973332  8.5
  18414.628117  8.5
  25706.699857  8.5
  34214.159260  8.5
  257.893306  7
  1393.652297  7
  3823.583354  7
  7469.136219  7
  12330.361302  7
  18407.048760  7
  25699.139186  7
  82.581146  7.5
  1396.198139  7.5
  3823.578410  7.5
  7469.136222  7.5
  12330.361302  7.5
  18407.048760  7.5
  25699.139186  7.5
  240.235811  6
  1386.787023  6
  3816.790327  6
  7462.484058  6
  12323.765112  6
  18400.480594  6
  90.554535  6.5
  1388.380845  6.5
  3816.788129  6.5
  7462.484059  6.5
  12323.765112  6.5
  18400.480594  6.5
  223.447785  5
  1380.919557  5
  3811.044837  5
  7456.856369  5
  12318.184376  5
  99.128519  5.5
  1381.831605  5.5
  3811.044013  5.5
  7456.856369  5.5
  12318.184376  5.5
  207.512426  4
  1376.070197  4
  3806.345597  4
  7452.252620  4
  108.329674  4.5
  1376.526751  4.5
  3806.345362  4.5
  7452.252620  4.5
  192.411706  3
  1372.259781  3
  3802.691602  3
  118.184134  3.5
  1372.442568  3.5
  3802.691562  3.5
  178.126424  2
  1369.509663  2
  128.717482  2.5
  1369.555389  2.5
  164.636252  1
  139.954644  1.5
