  42.126274  10
  42.128619  10
  109.376423  10
  110.662783  10
  146.564624  10
  166.634040  10
  199.285354  10
  237.784340  10
  282.521452  10
  333.232661  10
  0.000000  10.5
  78.945484  10.5
  79.030797  10.5
  130.723166  10.5
  138.510291  10.5
  168.048115  10.5
  199.178009  10.5
  237.788556  10.5
  282.521367  10.5
  333.232662  10.5
  37.647742  9
  37.655599  9
  94.905497  9
  97.680732  9
  126.880915  9
  150.535580  9
  183.494505  9
  222.511045  9
  267.548010  9
  0.000000  9.5
  69.858872  9.5
  70.099563  9.5
  111.311407  9.5
  122.984047  9.5
  150.968929  9.5
  183.472930  9.5
  222.511562  9.5
  267.548006  9.5
  33.160177  8
  33.185652  8
  80.097571  8
  85.258940  8
  110.351707  8
  136.370319  8
  169.720346  8
  209.076482  8
  0.000000  8.5
  60.621654  8.5
  61.253649  8.5
  93.345167  8.5
  108.864290  8.5
  136.472095  8.5
  169.717325  8.5
  209.076515  8.5
  28.649654  7
  28.728704  7
  65.534381  7
  73.714664  7
  96.836373  7
  124.139062  7
  157.818600  7
  0.000000  7.5
  51.115334  7.5
  52.609533  7.5
  77.675861  7.5
  96.409950  7.5
  124.155697  7.5
  157.818377  7.5
  24.081647  6
  24.312227  6
  52.090757  6
  63.375759  6
  85.846236  6
  113.773898  6
  0.000000  6.5
  41.324534  6.5
  44.364054  6.5
  64.851733  6.5
  85.761988  6.5
  113.775341  6.5
  19.388604  5
  20.001108  5
  40.560789  5
  54.517492  5
  76.950626  5
  0.000007  5.5
  31.628320  5.5
  36.787635  5.5
  54.891824  5.5
  76.941773  5.5
  14.518434  4
  15.922083  4
  31.504182  4
  47.311189  4
  0.000098  4.5
  22.776367  4.5
  30.182722  4.5
  47.361452  4.5
  9.663408  3
  12.272808  3
  25.076278  3
  0.001303  3.5
  15.482350  3.5
  24.827405  3.5
  5.411907  2
  9.296699  2
  0.015005  2.5
  10.225976  2.5
  2.364385  1
  0.130573  1.5
