  109.371152  10
  225.428877  10
  546.615179  10
  1018.054343  10
  1648.345584  10
  2436.611952  10
  3382.703795  10
  4486.562849  10
  5748.163044  10
  7167.491286  10
  1.078738  10.5
  244.733470  10.5
  545.943486  10.5
  1018.062070  10.5
  1648.345542  10.5
  2436.611952  10.5
  3382.703795  10.5
  4486.562849  10.5
  5748.163044  10.5
  7167.491286  10.5
  96.112467  9
  216.939297  9
  536.226045  9
  1008.108998  9
  1638.521023  9
  2426.849503  9
  3372.977057  9
  4476.858519  9
  5738.473691  9
  1.519253  9.5
  231.235667  9.5
  535.832688  9.5
  1008.112569  9.5
  1638.521008  9.5
  2426.849503  9.5
  3372.977057  9.5
  4476.858519  9.5
  5738.473691  9.5
  83.800894  8
  209.165327  8
  527.004997  8
  999.229441  8
  1629.742661  8
  2418.122780  8
  3364.280009  8
  4468.180082  8
  2.119002  8.5
  219.339543  8.5
  526.789726  8.5
  999.230930  8.5
  1629.742656  8.5
  2418.122780  8.5
  3364.280009  8.5
  4468.180082  8.5
  72.457278  7
  202.140956  7
  518.923822  7
  991.409508  7
  1622.006472  7
  2410.429080  7
  3356.610707  7
  2.924455  7.5
  209.024894  7.5
  518.815886  7.5
  991.410050  7.5
  1622.006471  7.5
  2410.429080  7.5
  3356.610707  7.5
  62.092205  6
  195.902439  6
  511.959254  6
  984.643662  6
  1615.308913  6
  2403.766019  6
  3.990443  6.5
  200.261025  6.5
  511.911171  6.5
  984.643825  6.5
  1615.308912  6.5
  2403.766019  6.5
  52.705788  5
  190.488845  5
  506.092598  5
  978.927045  5
  1609.646919  5
  5.379641  5.5
  193.007106  5.5
  506.074533  5.5
  978.927081  5.5
  1609.646919  5.5
  44.287502  4
  185.942607  4
  501.309305  4
  974.255508  4
  7.161347  4.5
  187.213196  4.5
  501.304136  4.5
  974.255512  4.5
  36.816116  3
  182.310033  3
  497.598524  3
  9.409598  3.5
  182.821865  3.5
  497.597661  3.5
  30.259759  2
  179.641680  2
  12.200790  2.5
  179.770284  2.5
  24.576217  1
  15.611034  1.5
