  41.629198  10
  41.630544  10
  108.680719  10
  109.561643  10
  146.204971  10
  163.653311  10
  194.320635  10
  230.315810  10
  272.294994  10
  319.938791  10
  0.000000  10.5
  78.134024  10.5
  78.186992  10.5
  130.742236  10.5
  136.851629  10.5
  165.545515  10.5
  194.159909  10.5
  230.322718  10.5
  272.294843  10.5
  319.938792  10.5
  37.209746  9
  37.214544  9
  94.567068  9
  96.619833  9
  125.844467  9
  147.141927  9
  178.031908  9
  214.617797  9
  256.925355  9
  0.000000  9.5
  69.197430  9.5
  69.356901  9.5
  111.358972  9.5
  121.129160  9.5
  147.738417  9.5
  177.999207  9.5
  214.618650  9.5
  256.925346  9.5
  32.783634  8
  32.800193  8
  80.038386  8
  84.157517  8
  108.609344  8
  132.584618  8
  163.862795  8
  200.826053  8
  0.000000  8.5
  60.141613  8.5
  60.589485  8.5
  93.136354  8.5
  106.740527  8.5
  132.727109  8.5
  163.858179  8.5
  200.826108  8.5
  28.340140  7
  28.394854  7
  65.546750  7
  72.495255  7
  94.540681  7
  120.013564  7
  151.641518  7
  0.000000  7.5
  50.849113  7.5
  51.985502  7.5
  77.031152  7.5
  93.990954  7.5
  120.037094  7.5
  151.641175  7.5
  23.850662  6
  24.020757  6
  51.973622  6
  61.984378  6
  83.175563  6
  109.370785  6
  0.000000  6.5
  41.248433  6.5
  43.729584  6.5
  63.727177  6.5
  83.065361  6.5
  109.372837  6.5
  19.252427  5
  19.734749  5
  40.196667  5
  52.935510  5
  74.024665  5
  0.000004  5.5
  31.623736  5.5
  36.093047  5.5
  53.387258  5.5
  74.012992  5.5
  14.476272  4
  15.656317  4
  30.862472  4
  45.554907  4
  0.000060  4.5
  22.717275  4.5
  29.394795  4.5
  45.616256  4.5
  9.663573  3
  11.983769  3
  24.218742  3
  0.000892  3.5
  15.311104  3.5
  23.937901  3.5
  5.392946  2
  8.971875  2
  0.011609  2.5
  9.942421  2.5
  2.318640  1
  0.113245  1.5
