  111.608753  10
  235.647813  10
  574.432599  10
  1072.718969  10
  1738.753306  10
  2571.693896  10
  3571.392526  10
  4737.791689  10
  6070.865660  10
  7570.601518  10
  1.253768  10.5
  254.505295  10.5
  573.814537  10.5
  1072.725689  10.5
  1738.753272  10.5
  2571.693896  10.5
  3571.392526  10.5
  4737.791689  10.5
  6070.865660  10.5
  7570.601518  10.5
  98.237088  9
  227.114342  9
  564.074294  9
  1062.786982  9
  1728.939936  9
  2561.941393  9
  3561.675013  9
  4728.096130  9
  6061.184773  9
  1.745010  9.5
  241.067188  9.5
  563.712441  9.5
  1062.790087  9.5
  1728.939924  9.5
  2561.941393  9.5
  3561.675013  9.5
  4728.096130  9.5
  6061.184773  9.5
  85.817907  8
  219.304120  8
  554.875764  8
  1053.918382  8
  1720.170922  8
  2553.223123  8
  3552.985899  8
  4719.425299  8
  2.406058  8.5
  229.225560  8.5
  554.677777  8.5
  1053.919677  8.5
  1720.170918  8.5
  2553.223123  8.5
  3552.985899  8.5
  4719.425299  8.5
  74.369164  7
  212.250645  7
  546.810740  7
  1046.107318  7
  1712.442461  7
  2545.536532  7
  3545.323347  7
  3.283977  7.5
  218.958398  7.5
  546.711488  7.5
  1046.107790  7.5
  1712.442460  7.5
  2545.536532  7.5
  3545.323347  7.5
  63.899073  6
  205.989666  6
  539.857556  6
  1039.348543  6
  1705.751206  6
  2538.879368  6
  4.433691  6.5
  210.233787  6.5
  539.813348  6.5
  1039.348684  6.5
  1705.751206  6.5
  2538.879368  6.5
  54.405909  5
  200.559695  5
  533.998792  5
  1033.637455  5
  1700.094263  5
  5.917369  5.5
  203.010370  5.5
  533.982184  5.5
  1033.637487  5.5
  1700.094263  5.5
  45.877879  4
  196.002507  4
  529.220876  4
  1028.970131  4
  7.803193  4.5
  197.238389  4.5
  529.216125  4.5
  1028.970135  4.5
  38.293070  3
  192.363597  3
  525.513673  3
  10.163539  3.5
  192.861257  3.5
  525.512880  3.5
  31.619528  2
  189.692505  2
  13.072744  2.5
  189.817513  2.5
  25.815559  1
  16.604670  1.5
