  57.626406  10
  59.111434  10
  126.595743  10
  165.829381  10
  233.602876  10
  318.208986  10
  420.459837  10
  540.054580  10
  676.901506  10
  830.953918  10
  0.000017  10.5
  97.829648  10.5
  111.173840  10.5
  168.263125  10.5
  233.454661  10.5
  318.213580  10.5
  420.459757  10.5
  540.054581  10.5
  676.901506  10.5
  830.953918  10.5
  50.706764  9
  53.067346  9
  111.042046  9
  154.028931  9
  221.791489  9
  306.758858  9
  409.182471  9
  528.885806  9
  665.805121  9
  0.000067  9.5
  83.989201  9.5
  100.860998  9.5
  155.211546  9.5
  221.737509  9.5
  306.760096  9.5
  409.182455  9.5
  528.885807  9.5
  665.805121  9.5
  43.634798  8
  47.232065  8
  97.500285  8
  143.505913  8
  211.392998  8
  296.607064  8
  399.158821  8
  518.942538  8
  0.000254  8.5
  70.906321  8.5
  91.333961  8.5
  144.017083  8.5
  211.376146  8.5
  296.607331  8.5
  399.158819  8.5
  518.942538  8.5
  36.477369  7
  41.684614  7
  86.055080  7
  134.284640  7
  202.339798  7
  287.722395  7
  390.366444  7
  0.000952  7.5
  58.894918  7.5
  82.706656  7.5
  134.475368  7.5
  202.335540  7.5
  287.722437  7.5
  390.366444  7.5
  29.404121  6
  36.515956  6
  76.660561  6
  126.366395  6
  194.580766  6
  280.077332  6
  0.003486  6.5
  48.215543  6.5
  75.080117  6.5
  126.424643  6.5
  194.579986  6.5
  280.077335  6.5
  22.676332  5
  31.824565  5
  69.155331  5
  119.735118  5
  188.076232  5
  0.012353  5.5
  39.072857  5.5
  68.537977  5.5
  119.748221  5.5
  188.076154  5.5
  16.585558  4
  27.712099  4
  63.324257  4
  114.364491  4
  0.041768  4.5
  31.619308  4.5
  63.143174  4.5
  114.366142  4.5
  11.381651  3
  24.281784  3
  58.966902  3
  0.131960  3.5
  25.950143  3.5
  58.936224  3.5
  7.225658  2
  21.642441  2
  0.379093  2.5
  22.080999  2.5
  4.168411  1
  0.964408  1.5
