  78.354865  10
  102.514208  10
  220.115500  10
  371.574616  10
  578.010497  10
  836.597300  10
  1147.167680  10
  1509.631095  10
  1923.947539  10
  2390.096869  10
  0.019958  10.5
  131.892018  10.5
  216.534418  10.5
  371.708895  10.5
  578.008192  10.5
  836.597321  10.5
  1147.167680  10.5
  1509.631095  10.5
  1923.947539  10.5
  2390.096869  10.5
  67.468558  9
  95.041884  9
  208.341377  9
  361.120848  9
  567.745089  9
  826.445337  9
  1137.080503  9
  1499.584618  9
  1913.928297  9
  0.039765  9.5
  117.375745  9.5
  206.209208  9.5
  361.183203  9.5
  567.744264  9.5
  826.445343  9.5
  1137.080503  9.5
  1499.584618  9.5
  1913.928297  9.5
  57.160003  8
  88.095843  8
  198.109911  8
  351.819215  8
  558.599673  8
  817.388096  8
  1128.073842  8
  1490.609737  8
  0.078108  8.5
  104.408707  8.5
  196.928139  8.5
  351.845323  8.5
  558.599418  8.5
  817.388097  8.5
  1128.073842  8.5
  1490.609737  8.5
  47.566153  7
  81.728158  7
  189.312901  7
  343.655096  7
  550.560831  7
  809.416841  7
  1120.141447  7
  0.150762  7.5
  93.047999  7.5
  188.714656  7.5
  343.664626  7.5
  550.560767  7.5
  809.416841  7.5
  1120.141447  7.5
  38.803032  6
  75.991686  6
  181.854303  6
  336.613843  6
  543.616925  6
  802.523888  6
  0.284821  6.5
  83.331750  6.5
  181.585884  6.5
  336.616711  6.5
  543.616913  6.5
  802.523888  6.5
  30.960040  5
  70.941049  5
  175.654256  5
  330.681579  5
  537.757982  5
  0.524279  5.5
  75.274462  5.5
  175.552874  5.5
  330.682218  5.5
  537.757980  5.5
  24.096512  4
  66.634345  4
  170.650260  4
  325.845830  4
  0.935745  4.5
  68.861679  4.5
  170.621138  4.5
  325.845910  4.5
  18.239635  3
  63.135598  3
  166.796406  3
  1.612004  3.5
  64.046247  3.5
  166.791534  3.5
  13.383085  2
  60.517737  2
  2.670571  2.5
  60.749014  2.5
  9.486330  1
  4.245711  1.5
