  64.926645  10
  70.140886  10
  145.656496  10
  213.663980  10
  314.570980  10
  441.187044  10
  593.579367  10
  771.582969  10
  975.133040  10
  1204.196957  10
  0.000365  10.5
  106.024224  10.5
  135.968034  10.5
  214.528607  10.5
  314.538609  10.5
  441.187683  10.5
  593.579360  10.5
  771.582969  10.5
  975.133040  10.5
  1204.196957  10.5
  56.449096  9
  63.518044  9
  131.625822  9
  202.470960  9
  303.563803  9
  430.395077  9
  582.903511  9
  760.979950  9
  964.578705  9
  0.001057  9.5
  91.518539  9.5
  125.568283  9.5
  202.878873  9.5
  303.552138  9.5
  430.395248  9.5
  582.903509  9.5
  760.979950  9.5
  964.578705  9.5
  47.994908  8
  57.233185  8
  119.589313  8
  192.525147  8
  293.808677  8
  420.796993  8
  573.392803  8
  751.524089  8
  0.003014  8.5
  78.226663  8.5
  116.099726  8.5
  192.697914  8.5
  293.805063  8.5
  420.797029  8.5
  573.392803  8.5
  751.524089  8.5
  39.745256  7
  51.360502  7
  109.449889  7
  183.818761  7
  285.271734  7
  412.373341  7
  565.033376  7
  0.008441  7.5
  66.323347  7.5
  107.632213  7.5
  183.882348  7.5
  285.270826  7.5
  412.373346  7.5
  565.033376  7.5
  31.921671  6
  45.977318  6
  101.055528  6
  176.335512  6
  277.925177  6
  405.107043  6
  0.023082  6.5
  55.949683  6.5
  100.223563  6.5
  176.354757  6.5
  277.925012  6.5
  405.107043  6.5
  24.748082  5
  41.162302  5
  94.236662  5
  170.054241  5
  271.746051  5
  0.061119  5.5
  47.214165  5.5
  93.918216  5.5
  170.058545  5.5
  271.746034  5.5
  18.415795  4
  36.995185  4
  88.838872  4
  164.952321  4
  0.154983  4.5
  40.188315  4.5
  88.746607  4.5
  164.952862  4.5
  13.060777  3
  33.558957  3
  84.741072  3
  0.371149  3.5
  34.894552  3.5
  84.725551  3.5
  8.751998  2
  30.945290  2
  0.827160  2.5
  31.290425  2.5
  5.485669  1
  1.695818  1.5
