  49.075885  10
  49.224919  10
  115.570528  10
  129.788009  10
  172.175601  10
  221.202906  10
  281.942671  10
  353.310329  10
  435.167573  10
  527.430229  10
  0.000000  10.5
  88.868305  10.5
  91.470340  10.5
  137.922096  10.5
  171.087199  10.5
  221.267554  10.5
  281.940595  10.5
  353.310367  10.5
  435.167573  10.5
  527.430229  10.5
  43.674692  9
  43.986835  9
  98.948343  9
  117.142275  9
  158.275210  9
  208.280220  9
  269.322246  9
  340.889730  9
  422.878559  9
  0.000001  9.5
  77.227082  9.5
  81.579926  9.5
  121.560130  9.5
  157.860897  9.5
  208.297975  9.5
  269.321850  9.5
  340.889735  9.5
  422.878559  9.5
  38.184992  8
  38.814481  8
  83.701810  8
  105.654200  8
  146.309443  8
  196.892507  8
  258.161443  8
  329.873430  8
  0.000003  8.5
  65.456914  8.5
  72.159548  8.5
  107.728921  8.5
  146.176192  8.5
  196.896394  8.5
  258.161389  8.5
  329.873430  8.5
  32.557178  7
  33.762716  7
  70.267241  7
  95.462657  7
  136.056816  7
  186.984522  7
  248.415142  7
  0.000022  7.5
  53.923423  7.5
  63.382162  7.5
  96.280850  7.5
  136.022473  7.5
  186.985129  7.5
  248.415138  7.5
  26.764768  6
  28.914681  6
  58.965189  6
  86.658564  6
  127.367638  6
  178.504196  6
  0.000134  6.5
  43.110777  6.5
  55.426805  6.5
  86.917174  6.5
  127.361264  6.5
  178.504247  6.5
  20.890362  5
  24.382989  5
  49.936762  5
  79.281451  5
  120.142064  5
  0.000795  5.5
  33.476615  5.5
  48.461777  5.5
  79.340827  5.5
  120.141418  5.5
  15.206646  4
  20.303319  4
  43.080706  4
  73.326405  4
  0.004508  4.5
  25.378836  4.5
  42.629998  4.5
  73.333976  4.5
  10.121674  3
  16.822740  3
  38.115994  3
  0.023709  3.5
  19.071431  3.5
  38.037949  3.5
  6.007132  2
  14.091521  2
  0.110249  2.5
  14.703525  2.5
  3.066841  1
  0.424402  1.5
