  40.653068  10
  40.653411  10
  107.135321  10
  107.471435  10
  146.391856  10
  158.352429  10
  185.199031  10
  215.905062  10
  252.185135  10
  293.509145  10
  0.000000  10.5
  76.515390  10.5
  76.531646  10.5
  130.746379  10.5
  133.914082  10.5
  161.824305  10.5
  184.806259  10.5
  215.926022  10.5
  252.184578  10.5
  293.509151  10.5
  36.348159  9
  36.349586  9
  93.724338  9
  94.663515  9
  124.741251  9
  140.900951  9
  167.596401  9
  199.133866  9
  235.816776  9
  0.000000  9.5
  67.854647  9.5
  67.911938  9.5
  111.764287  9.5
  117.833097  9.5
  142.095950  9.5
  167.513399  9.5
  199.136508  9.5
  235.816744  9.5
  32.039961  8
  32.045698  8
  79.886055  8
  82.163228  8
  105.893603  8
  125.398970  8
  152.414647  8
  184.441777  8
  0.000000  8.5
  59.129631  8.5
  59.318767  8.5
  93.218532  8.5
  102.873758  8.5
  125.700193  8.5
  152.402643  8.5
  184.441950  8.5
  27.722956  7
  27.745060  7
  65.725184  7
  70.274386  7
  90.403010  7
  111.983930  7
  139.385305  7
  0.000000  7.5
  50.249449  7.5
  50.817753  7.5
  76.260033  7.5
  89.444287  7.5
  112.035252  7.5
  139.384399  7.5
  23.380008  6
  23.460281  6
  51.980615  6
  59.386548  6
  78.047551  6
  100.644166  6
  0.000000  6.5
  41.079085  6.5
  42.556808  6.5
  61.869128  6.5
  77.846572  6.5
  100.648726  6.5
  18.963893  5
  19.230683  5
  39.694030  5
  49.890970  5
  68.239029  5
  0.000001  5.5
  31.681571  5.5
  34.795418  5.5
  50.575340  5.5
  68.217233  5.5
  14.388640  4
  15.155620  4
  29.725318  4
  42.085208  4
  0.000017  4.5
  22.691530  4.5
  27.882681  4.5
  42.181325  4.5
  9.686224  3
  11.428620  3
  22.549522  3
  0.000352  3.5
  15.033024  3.5
  22.181566  3.5
  5.375239  2
  8.328755  2
  0.006208  2.5
  9.398171  2.5
  2.230323  1
  0.080515  1.5
