  88.125177  10
  136.173637  10
  306.788404  10
  545.149501  10
  865.817787  10
  1267.132095  10
  1748.923911  10
  2311.120676  10
  2953.689964  10
  3676.615456  10
  0.123765  10.5
  161.411396  10.5
  304.929115  10.5
  545.192722  10.5
  865.817318  10.5
  1267.132098  10.5
  1748.923911  10.5
  2311.120676  10.5
  2953.689964  10.5
  3676.615456  10.5
  76.209824  9
  128.267372  9
  295.788654  9
  534.963793  9
  855.789035  9
  1257.188634  9
  1739.029461  9
  2301.257015  9
  2943.846900  9
  0.209223  9.5
  147.221530  9.5
  294.693084  9.5
  534.983804  9.5
  855.788867  9.5
  1257.188635  9.5
  1739.029461  9.5
  2301.257015  9.5
  2943.846900  9.5
  65.093039  8
  120.972409  8
  286.124057  8
  525.886098  8
  846.840350  8
  1248.308183  8
  1730.188256  8
  2292.440458  8
  0.349077  8.5
  134.646389  8.5
  285.521582  8.5
  525.894457  8.5
  846.840298  8.5
  1248.308183  8.5
  1730.188256  8.5
  2292.440458  8.5
  54.851575  7
  114.331140  7
  277.727875  7
  517.905310  7
  838.963516  7
  1240.485285  7
  1722.396383  7
  0.573531  7.5
  123.703238  7.5
  277.424657  7.5
  517.908356  7.5
  838.963503  7.5
  1240.485285  7.5
  1722.396383  7.5
  45.543985  6
  108.387665  6
  270.544201  6
  511.011060  6
  832.151338  6
  1233.715132  6
  0.925699  6.5
  114.392395  6.5
  270.408732  6.5
  511.011976  6.5
  832.151336  6.5
  1233.715132  6.5
  37.209323  5
  103.188834  5
  264.527975  5
  505.193987  5
  826.397616  5
  1.464170  5.5
  106.694701  5.5
  264.476964  5.5
  505.194191  5.5
  826.397616  5.5
  29.866252  4
  98.785583  4
  259.644355  4
  500.445943  4
  2.264242  4.5
  100.570114  4.5
  259.629735  4.5
  500.445968  4.5
  23.512387  3
  95.234456  3
  255.867725  3
  3.416898  3.5
  95.958331  3.5
  255.865282  3.5
  18.123891  2
  92.599139  2
  5.025062  2.5
  92.781930  2.5
  13.655510  1
  7.197492  1.5
