  58.911829  10
  60.822944  10
  129.153527  10
  172.853376  10
  245.565578  10
  336.524069  10
  446.330624  10
  574.720809  10
  721.608679  10
  886.950662  10
  0.000031  10.5
  99.127380  10.5
  114.859590  10.5
  174.882345  10.5
  245.452853  10.5
  336.527287  10.5
  446.330572  10.5
  574.720810  10.5
  721.608679  10.5
  886.950662  10.5
  51.727486  9
  54.670554  9
  113.853414  9
  161.169726  9
  233.931134  9
  325.214793  9
  435.181728  9
  563.672618  9
  710.627665  9
  0.000115  9.5
  85.109807  9.5
  104.519453  9.5
  162.148196  9.5
  233.890189  9.5
  325.215658  9.5
  435.181718  9.5
  563.672618  9.5
  710.627665  9.5
  44.404124  8
  48.750179  8
  100.590095  8
  150.762440  8
  223.672292  8
  315.181326  8
  425.267453  8
  553.833105  8
  0.000413  8.5
  71.953244  8.5
  94.997061  8.5
  151.183184  8.5
  223.659534  8.5
  315.181513  8.5
  425.267451  8.5
  553.833105  8.5
  37.034718  7
  43.141159  7
  89.406125  7
  141.647274  7
  214.730147  7
  306.395008  7
  416.567256  7
  0.001461  7.5
  59.942367  7.5
  86.397593  7.5
  141.803724  7.5
  214.726928  7.5
  306.395037  7.5
  416.567256  7.5
  29.809459  6
  37.932656  6
  80.222749  6
  133.820221  6
  207.059347  6
  298.830608  6
  0.005049  6.5
  49.310542  6.5
  78.813052  6.5
  133.867895  6.5
  207.058757  6.5
  298.830611  6.5
  22.991670  5
  33.219578  5
  72.866543  5
  127.263012  5
  200.624173  5
  0.016889  5.5
  40.240728  5.5
  72.318581  5.5
  127.273721  5.5
  200.624114  5.5
  16.856739  4
  29.099103  4
  67.130094  4
  121.949462  4
  0.053920  4.5
  32.868075  4.5
  66.969838  4.5
  121.950810  4.5
  11.631204  3
  25.670058  3
  62.828946  3
  0.161117  3.5
  27.272684  3.5
  62.801841  3.5
  7.455764  2
  23.037546  2
  0.439613  2.5
  23.457320  2.5
  4.368606  1
  1.070418  1.5
