  43.063601  10
  43.069248  10
  110.526837  10
  112.820125  10
  147.978781  10
  172.679717  10
  209.074727  10
  252.112410  10
  301.903027  10
  358.246838  10
  0.000000  10.5
  80.447370  10.5
  80.627799  10.5
  130.798169  10.5
  141.916873  10.5
  173.523918  10.5
  209.020939  10.5
  252.114234  10.5
  301.902995  10.5
  358.246838  10.5
  38.471958  9
  38.489109  9
  95.432868  9
  99.802614  9
  129.509784  9
  157.258056  9
  194.034281  9
  237.494511  9
  287.542505  9
  0.000000  9.5
  71.059482  9.5
  71.517993  9.5
  111.538354  9.5
  126.762896  9.5
  157.507522  9.5
  194.023644  9.5
  237.494732  9.5
  287.542503  9.5
  33.865480  8
  33.915849  8
  80.238092  8
  87.481405  8
  114.101506  8
  143.713504  8
  180.865307  8
  224.612419  8
  0.000000  8.5
  61.462102  8.5
  62.541721  8.5
  94.134012  8.5
  113.107714  8.5
  143.770805  8.5
  180.863834  8.5
  224.612433  8.5
  29.223501  7
  29.364932  7
  65.657962  7
  76.156049  7
  101.411835  7
  132.011276  7
  169.456997  7
  0.000000  7.5
  51.561858  7.5
  53.839880  7.5
  79.253570  7.5
  101.136518  7.5
  132.020514  7.5
  169.456889  7.5
  24.501179  6
  24.873812  6
  52.493463  6
  66.109868  6
  90.981676  6
  122.076274  6
  0.000002  6.5
  41.470088  6.5
  45.623030  6.5
  67.212051  6.5
  90.928326  6.5
  122.077068  6.5
  19.628782  5
  20.520603  5
  41.402014  5
  57.561301  5
  82.475624  5
  0.000019  5.5
  31.694620  5.5
  38.153007  5.5
  57.832512  5.5
  82.470077  5.5
  14.597104  4
  16.441483  4
  32.803240  4
  50.630496  4
  0.000219  4.5
  22.952986  4.5
  31.702294  4.5
  50.666353  4.5
  9.679921  3
  12.829820  3
  26.712139  3
  0.002384  3.5
  15.847113  3.5
  26.509530  3.5
  5.460805  2
  9.909799  2
  0.022604  2.5
  10.772765  2.5
  2.452108  1
  0.164490  1.5
