  47.088219  10
  47.154373  10
  114.002202  10
  123.527830  10
  162.009780  10
  203.499199  10
  256.002077  10
  317.828078  10
  388.839508  10
  468.933467  10
  0.000000  10.5
  86.341390  10.5
  87.719401  10.5
  134.210800  10.5
  160.151488  10.5
  203.635250  10.5
  255.996836  10.5
  317.828190  10.5
  388.839507  10.5
  468.933467  10.5
  41.974420  9
  42.126546  9
  97.491288  9
  110.699581  9
  147.118627  9
  189.984976  9
  242.835247  9
  304.903445  9
  376.072894  9
  0.000000  9.5
  75.455830  9.5
  78.024424  9.5
  116.797247  9.5
  146.390586  9.5
  190.022781  9.5
  242.834241  9.5
  304.903459  9.5
  376.072894  9.5
  36.801671  8
  37.139038  8
  82.004128  8
  98.935917  8
  134.442918  8
  178.097927  8
  231.215543  8
  293.457196  8
  0.000001  8.5
  64.304353  8.5
  68.694527  8.5
  101.929460  8.5
  134.204401  8.5
  178.106271  8.5
  231.215407  8.5
  293.457197  8.5
  31.522685  7
  32.234697  7
  68.097710  7
  88.423086  7
  123.675082  7
  167.777282  7
  221.086686  7
  0.000006  7.5
  53.128149  7.5
  59.908036  7.5
  89.643003  7.5
  123.612884  7.5
  167.778592  7.5
  221.086676  7.5
  26.085196  6
  27.486145  6
  56.213881  6
  79.297685  6
  114.601496  6
  158.961841  6
  0.000044  6.5
  42.402195  6.5
  51.863853  6.5
  79.691293  6.5
  114.589867  6.5
  158.961952  6.5
  20.502264  5
  23.002054  5
  46.628310  5
  71.634775  5
  107.084537  5
  0.000310  5.5
  32.668203  5.5
  44.759658  5.5
  71.726214  5.5
  107.083353  5.5
  14.977144  4
  18.924272  4
  39.353912  4
  65.449543  4
  0.002107  4.5
  24.379454  4.5
  38.770672  4.5
  65.461278  4.5
  9.925912  3
  15.414732  3
  34.134946  3
  0.013273  3.5
  17.861007  3.5
  34.032789  3.5
  5.793427  2
  12.641222  2
  0.073499  2.5
  13.315469  2.5
  2.852601  1
  0.329761  1.5
