  108.095385  10
  219.659161  10
  530.929021  10
  987.220813  10
  1597.348925  10
  2360.414229  10
  3276.266204  10
  4344.846114  10
  5566.127680  10
  6940.097699  10
  0.985653  10.5
  239.230360  10.5
  530.223560  10.5
  987.229204  10.5
  1597.348878  10.5
  2360.414230  10.5
  3276.266204  10.5
  4344.846114  10.5
  5566.127680  10.5
  6940.097699  10.5
  94.902537  9
  211.195708  9
  520.520714  9
  977.267241  9
  1587.517465  9
  2350.645650  9
  3266.533779  9
  4335.136378  9
  5556.433110  9
  1.398133  9.5
  225.697367  9.5
  520.107512  9.5
  977.271119  9.5
  1587.517448  9.5
  2350.645650  9.5
  3266.533779  9.5
  4335.136378  9.5
  5556.433110  9.5
  82.653274  8
  203.443311  8
  511.285673  8
  968.380933  8
  1578.733341  8
  2341.913717  8
  3257.831840  8
  4326.453253  8
  1.963715  8.5
  213.768899  8.5
  511.059511  8.5
  968.382550  8.5
  1578.733335  8.5
  2341.913717  8.5
  3257.831840  8.5
  4326.453253  8.5
  71.370239  7
  196.436260  7
  503.194473  7
  960.555533  7
  1570.992388  7
  2334.215634  7
  3250.158379  7
  2.728458  7.5
  203.425907  7.5
  503.081065  7.5
  960.556122  7.5
  1570.992387  7.5
  2334.215634  7.5
  3250.158379  7.5
  61.065505  6
  190.211112  6
  496.222850  6
  953.785330  6
  1564.290943  6
  2327.548939  6
  3.747083  6.5
  194.638492  6.5
  496.172325  6.5
  953.785507  6.5
  1564.290942  6.5
  2327.548939  6.5
  51.740340  5
  184.807265  5
  490.351311  5
  948.065305  5
  1558.625836  5
  5.082517  5.5
  187.366207  5.5
  490.332327  5.5
  948.065344  5.5
  1558.625836  5.5
  43.385027  4
  180.267545  4
  485.564696  4
  943.391171  4
  6.804691  4.5
  181.559049  4.5
  485.559264  4.5
  943.391176  4.5
  35.978783  3
  176.638738  3
  481.851706  3
  8.988614  3.5
  177.159118  3.5
  481.850800  3.5
  29.489812  2
  173.972004  2
  11.711909  2.5
  174.102777  2.5
  23.875608  1
  15.052043  1.5
