  124.746081  10
  297.910902  10
  744.643763  10
  1406.930791  10
  2291.416248  10
  3397.400165  10
  4724.740949  10
  6273.384358  10
  8043.306150  10
  10034.494158  10
  2.583571  10.5
  314.577650  10.5
  744.240827  10.5
  1406.934070  10.5
  2291.416236  10.5
  3397.400165  10.5
  4724.740949  10.5
  6273.384358  10.5
  8043.306150  10.5
  10034.494158  10.5
  110.759139  9
  289.160296  9
  734.415034  9
  1397.056915  9
  2281.651422  9
  3387.690833  9
  4715.063495  9
  6263.726892  9
  8033.662037  9
  3.404811  9.5
  301.442875  9.5
  734.179384  9.5
  1397.058430  9.5
  2281.651418  9.5
  3387.690833  9.5
  4715.063495  9.5
  6263.726892  9.5
  8033.662037  9.5
  97.741872  8
  281.170713  8
  725.311483  8
  1388.235938  8
  2272.922973  8
  3379.009264  8
  4706.408838  8
  6255.089104  8
  4.452483  8.5
  289.871948  8.5
  725.182663  8.5
  1388.236570  8.5
  2272.922971  8.5
  3379.009264  8.5
  4706.408838  8.5
  6255.089104  8.5
  85.700262  7
  273.973324  7
  717.314887  7
  1380.463401  7
  2265.228059  7
  3371.353547  7
  4698.775607  7
  5.774924  7.5
  279.836162  7.5
  717.250355  7.5
  1380.463630  7.5
  2265.228059  7.5
  3371.353547  7.5
  4698.775607  7.5
  74.632840  6
  267.601390  6
  710.410181  6
  1373.735329  6
  2258.564181  6
  3364.721997  6
  7.425865  6.5
  271.299763  6.5
  710.381455  6.5
  1373.735398  6.5
  2258.564181  6.5
  3364.721997  6.5
  64.530601  5
  262.090596  5
  704.585208  5
  1368.048255  5
  2252.929172  5
  9.463626  5.5
  264.220627  5.5
  704.574421  5.5
  1368.048270  5.5
  2252.929172  5.5
  55.376962  4
  257.479349  4
  699.830441  4
  1363.399230  4
  11.949981  4.5
  258.551241  4.5
  699.827356  4.5
  1363.399232  4.5
  47.147783  3
  253.809023  3
  696.138715  3
  14.948760  3.5
  254.239931  3.5
  696.138200  3.5
  39.811497  2
  251.124105  2
  18.524299  2.5
  251.232217  2.5
  33.329377  1
  22.739834  1.5
