  38.178504  10
  38.178504  10
  102.371690  10
  102.371726  10
  150.118612  10
  150.168433  10
  178.457827  10
  182.732060  10
  197.556998  10
  213.282522  10
  -0.000000  10.5
  72.307575  10.5
  72.307575  10.5
  128.339364  10.5
  128.341156  10.5
  167.227556  10.5
  167.949301  10.5
  186.487112  10.5
  197.055235  10.5
  213.301751  10.5
  34.158182  9
  34.158182  9
  90.301351  9
  90.301758  9
  129.750924  9
  130.064669  9
  149.442159  9
  157.553166  9
  172.053353  9
  -0.000000  9.5
  64.265290  9.5
  64.265295  9.5
  112.214942  9.5
  112.230744  9.5
  141.833697  9.5
  144.447947  9.5
  158.422364  9.5
  172.013241  9.5
  30.137770  8
  30.137770  8
  78.224155  8
  78.228292  8
  108.869999  8
  110.290100  8
  123.807569  8
  135.178574  8
  -0.000000  8.5
  56.222095  8.5
  56.222164  8.5
  96.019287  8.5
  96.136897  8.5
  116.538603  8.5
  122.394699  8.5
  135.260283  8.5
  26.117208  7
  26.117215  7
  66.121911  7
  66.158449  7
  87.625671  7
  91.535783  7
  102.931687  7
  0.000000  7.5
  48.177002  7.5
  48.177824  7.5
  79.542054  7.5
  80.206879  7.5
  93.663557  7.5
  102.770433  7.5
  22.096347  6
  22.096449  6
  53.899115  6
  54.156873  6
  67.880380  6
  74.775265  6
  0.000000  6.5
  40.125189  6.5
  40.133885  6.5
  62.578967  6.5
  64.926371  6.5
  75.079868  6.5
  18.074412  5
  18.075723  5
  41.305504  5
  42.514578  5
  51.713127  5
  0.000000  5.5
  32.035156  5.5
  32.112198  5.5
  46.313532  5.5
  51.172332  5.5
  14.045019  4
  14.059846  4
  28.826283  4
  31.933117  4
  0.000000  4.5
  23.758496  4.5
  24.251062  4.5
  32.814608  4.5
  9.959965  3
  10.092533  3
  18.314296  3
  0.000000  3.5
  15.313807  3.5
  17.022912  3.5
  5.706099  2
  6.404428  2
  0.000028  2.5
  8.090449  2.5
  2.015063  1
  0.005038  1.5
