  40.010265  10
  40.010367  10
  105.996175  10
  106.134557  10
  147.201868  10
  155.356123  10
  179.904957  10
  206.613216  10
  238.787324  10
  275.575767  10
  0.000000  10.5
  75.434447  10.5
  75.440064  10.5
  130.571328  10.5
  132.221624  10.5
  160.639630  10.5
  179.124865  10.5
  206.663652  10.5
  238.785748  10.5
  275.575786  10.5
  35.779930  9
  35.780413  9
  93.011249  9
  93.461903  9
  124.866902  9
  137.184022  9
  161.006170  9
  188.859951  9
  221.505495  9
  0.000000  9.5
  66.943331  9.5
  66.966075  9.5
  112.182029  9.5
  115.953126  9.5
  139.185930  9.5
  160.833555  9.5
  188.866459  9.5
  221.505402  9.5
  31.547715  8
  31.549940  8
  79.693795  8
  80.981549  8
  104.838818  8
  120.887527  8
  144.869386  8
  173.344990  8
  0.000000  8.5
  58.415831  8.5
  58.502308  8.5
  93.676638  8.5
  100.597105  8.5
  121.425924  8.5
  144.843710  8.5
  173.345424  8.5
  27.310597  7
  27.320427  7
  65.932487  7
  68.958880  7
  88.088194  7
  106.724154  7
  131.096461  7
  0.000000  7.5
  49.789511  7.5
  50.090224  7.5
  76.214570  7.5
  86.629652  7.5
  106.819323  7.5
  131.094489  7.5
  23.058131  6
  23.099097  6
  52.195157  6
  57.791381  6
  74.779517  6
  94.752721  6
  0.000000  6.5
  40.931601  6.5
  41.843150  6.5
  61.002286  6.5
  74.457527  6.5
  94.761356  6.5
  18.756419  5
  18.913021  5
  39.567516  5
  47.929251  5
  64.349448  5
  0.000000  5.5
  31.768144  5.5
  33.996383  5.5
  48.870811  5.5
  64.313579  5.5
  14.323466  4
  14.843021  4
  29.097558  4
  39.753632  4
  0.000006  4.5
  22.761533  4.5
  26.911856  4.5
  39.890892  4.5
  9.721255  3
  11.071859  3
  21.456484  3
  0.000154  3.5
  14.907656  3.5
  21.001744  3.5
  5.384046  2
  7.894894  2
  0.003567  2.5
  9.048679  2.5
  2.173233  1
  0.059886  1.5
