  42.312562  10
  42.315398  10
  109.621407  10
  111.082791  10
  146.772115  10
  167.793498  10
  201.189366  10
  240.606132  10
  286.360366  10
  338.204100  10
  0.000000  10.5
  79.247057  10.5
  79.347453  10.5
  130.723589  10.5
  139.158901  10.5
  169.065423  10.5
  201.096424  10.5
  240.609670  10.5
  286.360297  10.5
  338.204100  10.5
  37.811737  9
  37.821041  9
  95.020158  9
  98.089789  9
  127.338148  9
  151.839577  9
  185.564808  9
  225.476594  9
  271.521196  9
  0.000000  9.5
  70.102483  9.5
  70.379442  9.5
  111.323514  9.5
  123.706869  9.5
  152.225984  9.5
  185.546198  9.5
  225.477027  9.5
  271.521192  9.5
  33.300867  8
  33.330394  8
  80.121133  8
  85.685817  8
  111.052935  8
  137.808961  8
  171.923788  8
  212.163072  8
  0.000000  8.5
  60.795365  8.5
  61.505825  8.5
  93.462559  8.5
  109.683836  8.5
  137.899236  8.5
  171.921189  8.5
  212.163100  8.5
  28.764749  7
  28.854418  7
  65.543798  7
  74.185581  7
  97.722014  7
  125.693306  7
  160.130224  7
  0.000000  7.5
  51.209358  7.5
  52.848492  7.5
  77.954149  7.5
  97.332668  7.5
  125.708014  7.5
  160.130032  7.5
  24.166691  6
  24.422571  6
  52.152829  6
  63.907990  6
  86.856611  6
  115.422319  6
  0.000001  6.5
  41.352786  6.5
  44.607898  6.5
  65.297805  6.5
  86.780039  6.5
  115.423592  6.5
  19.437977  5
  20.102575  5
  40.712879  5
  55.116035  5
  78.046875  5
  0.000009  5.5
  31.635665  5.5
  37.053351  5.5
  55.466057  5.5
  78.038848  5.5
  14.534072  4
  16.023446  4
  31.753661  4
  47.969490  4
  0.000117  4.5
  22.805121  4.5
  30.481182  4.5
  48.016320  4.5
  9.665038  3
  12.382254  3
  25.399308  3
  0.001485  3.5
  15.550760  3.5
  25.160909  3.5
  5.420368  2
  9.418365  2
  0.016391  2.5
  10.333377  2.5
  2.381666  1
  0.137184  1.5
