  656.680564  10
  3776.190891  10
  10391.383494  10
  20315.989522  10
  33549.786267  10
  50092.349028  10
  69943.557200  10
  93103.365516  10
  119571.753846  10
  149348.712121  10
  245.228450  10.5
  3780.737336  10.5
  10391.376592  10.5
  20315.989526  10.5
  33549.786267  10.5
  50092.349028  10.5
  69943.557200  10.5
  93103.365516  10.5
  119571.753846  10.5
  149348.712121  10.5
  628.636128  9
  3766.097031  9
  10381.470059  9
  20306.279934  9
  33540.157845  9
  50082.761230  9
  69933.992630  9
  93093.815468  9
  119562.213481  9
  259.109362  9.5
  3769.406511  9.5
  10381.466032  9.5
  20306.279936  9.5
  33540.157845  9.5
  50082.761230  9.5
  69933.992630  9.5
  93093.815468  9.5
  119562.213481  9.5
  601.451151  8
  3757.010818  8
  10372.602196  8
  20297.593312  8
  33531.543497  8
  50074.183051  8
  69925.435128  8
  93085.270891  8
  273.604793  8.5
  3759.329318  8.5
  10372.599999  8.5
  20297.593312  8.5
  33531.543497  8.5
  50074.183051  8.5
  69925.435128  8.5
  93085.270891  8.5
  575.115205  7
  3748.944653  7
  10364.779187  7
  20289.929353  7
  33523.943039  7
  50066.614365  7
  69917.884602  7
  288.730741  7.5
  3750.491416  7.5
  10364.778088  7.5
  20289.929353  7.5
  33523.943039  7.5
  50066.614365  7.5
  69917.884602  7.5
  549.617412  6
  3741.911130  6
  10358.000415  6
  20283.287792  6
  33517.356307  6
  50060.055060  6
  304.503037  6.5
  3742.878452  6.5
  10357.999927  6.5
  20283.287792  6.5
  33517.356307  6.5
  50060.055060  6.5
  524.946462  5
  3735.923039  5
  10352.265361  5
  20277.668399  5
  33511.783158  5
  320.937318  5.5
  3736.476082  5.5
  10352.265178  5.5
  20277.668399  5.5
  33511.783158  5.5
  501.090618  4
  3730.993351  4
  10347.573596  4
  20273.070979  4
  338.049004  4.5
  3731.269990  4.5
  10347.573544  4.5
  20273.070979  4.5
  478.037730  3
  3727.135220  3
  10343.924782  3
  355.853276  3.5
  3727.245912  3.5
  10343.924773  3.5
  455.775245  2
  3724.361968  2
  374.365052  2.5
  3724.389648  2.5
  434.290224  1
  393.598967  1.5
