  45.027362  10
  45.050017  10
  112.403403  10
  117.733440  10
  153.487226  10
  186.830613  10
  231.045425  10
  283.259749  10
  343.379606  10
  411.269783  10
  0.000000  10.5
  83.447623  10.5
  84.024822  10.5
  131.777058  10.5
  150.128766  10.5
  187.154741  10.5
  231.029789  10.5
  283.260162  10.5
  343.379600  10.5
  411.269783  10.5
  40.189506  9
  40.248349  9
  96.364191  9
  104.760684  9
  137.094427  9
  172.497317  9
  217.102737  9
  269.626222  9
  329.943758  9
  0.000000  9.5
  73.358041  9.5
  74.594052  9.5
  113.296241  9.5
  135.706978  9.5
  172.589295  9.5
  217.099705  9.5
  269.626272  9.5
  329.943758  9.5
  35.318895  8
  35.466506  8
  80.828256  8
  92.701969  8
  123.331698  8
  159.910366  8
  204.836190  8
  257.577280  8
  0.000000  8.5
  62.976282  8.5
  65.409602  8.5
  97.168478  8.5
  122.861364  8.5
  159.930953  8.5
  204.835776  8.5
  257.577283  8.5
  30.379976  7
  30.733232  7
  66.492038  7
  81.801572  7
  111.797521  7
  149.009793  7
  194.170689  7
  0.000001  7.5
  52.354803  7.5
  56.642004  7.5
  83.722023  7.5
  111.672279  7.5
  149.013057  7.5
  194.170659  7.5
  25.314888  6
  26.105292  6
  53.959045  6
  72.261010  6
  102.169853  6
  139.724371  6
  0.000010  6.5
  41.846819  6.5
  48.504903  6.5
  72.903375  6.5
  102.146136  6.5
  139.724648  6.5
  20.078485  5
  21.680448  5
  43.673522  5
  64.212747  5
  94.241162  5
  0.000091  5.5
  32.045387  5.5
  41.229948  5.5
  64.365070  5.5
  94.238728  5.5
  14.770406  4
  17.602451  4
  35.824141  4
  57.709825  4
  0.000781  4.5
  23.534910  4.5
  35.035835  4.5
  57.729586  4.5
  9.770273  3
  14.050028  3
  30.241827  3
  0.006246  3.5
  16.750455  3.5
  30.101143  3.5
  5.603178  2
  11.215388  2
  0.043662  2.5
  11.972049  2.5
  2.642428  1
  0.241000  1.5
