  90.072525  10
  143.603933  10
  326.387244  10
  584.020214  10
  930.191287  10
  1363.373604  10
  1883.400481  10
  2490.201591  10
  3183.745482  10
  3964.016330  10
  0.163693  10.5
  168.135909  10.5
  324.729847  10.5
  584.055744  10.5
  930.190931  10.5
  1363.373606  10.5
  1883.400481  10.5
  2490.201591  10.5
  3183.745482  10.5
  3964.016330  10.5
  77.999467  9
  135.627105  9
  315.484889  9
  573.870492  9
  920.193506  9
  1353.457537  9
  1873.531388  9
  2480.362005  9
  3173.925635  9
  0.270007  9.5
  154.016612  9.5
  314.509356  9.5
  573.886937  9.5
  920.193378  9.5
  1353.457537  9.5
  1873.531388  9.5
  2480.362005  9.5
  3173.925635  9.5
  66.751600  8
  128.274658  8
  305.890970  8
  564.822596  8
  911.270622  8
  1344.600336  8
  1864.711969  8
  2471.566311  8
  0.439693  8.5
  141.516487  8.5
  305.354958  8.5
  564.829464  8.5
  911.270583  8.5
  1344.600336  8.5
  1864.711969  8.5
  2471.566311  8.5
  56.397108  7
  121.587716  7
  297.544739  7
  556.866068  7
  903.415072  7
  1336.796966  7
  1856.938612  7
  0.705442  7.5
  130.647132  7.5
  297.275144  7.5
  556.868570  7.5
  903.415062  7.5
  1336.796966  7.5
  1856.938612  7.5
  46.986953  6
  115.609244  6
  290.395535  6
  549.991211  6
  896.620225  6
  1330.042992  6
  1.112667  6.5
  121.403723  6.5
  290.275146  6.5
  549.991963  6.5
  896.620223  6.5
  1330.042992  6.5
  38.553844  5
  110.385050  5
  284.402603  5
  544.189316  5
  890.880362  5
  1.721550  5.5
  113.762955  5.5
  284.357288  5.5
  544.189483  5.5
  890.880362  5.5
  31.111510  4
  105.965024  4
  279.534441  4
  539.452829  4
  2.607707  4.5
  107.682161  4.5
  279.521456  4.5
  539.452850  4.5
  24.654157  3
  102.404511  3
  275.767855  3
  3.860795  3.5
  103.100320  3.5
  275.765686  3.5
  19.156156  2
  99.765655  2
  5.580770  2.5
  99.941226  2.5
  14.572144  1
  7.872237  1.5
