  132.511804  10
  336.292931  10
  849.993566  10
  1613.646813  10
  2633.207253  10
  3908.026458  10
  5437.965656  10
  7222.971905  10
  9263.021556  10
  11558.102746  10
  3.607333  10.5
  351.933651  10.5
  849.668330  10.5
  1613.649103  10.5
  2633.207245  10.5
  3908.026458  10.5
  5437.965656  10.5
  7222.971905  10.5
  9263.021556  10.5
  11558.102746  10.5
  118.188345  9
  327.438993  9
  839.814850  9
  1603.796372  9
  2623.461946  9
  3898.334498  9
  5428.304326  9
  7213.329777  9
  9253.392253  9
  4.642273  9.5
  338.946110  9.5
  839.624718  9.5
  1603.797430  9.5
  2623.461944  9.5
  3898.334498  9.5
  5428.304326  9.5
  7213.329777  9.5
  9253.392253  9.5
  104.837863  8
  319.364124  8
  830.748143  8
  1594.994581  8
  2614.749814  8
  3889.667700  8
  5419.663544  8
  7204.705294  8
  5.932667  8.5
  327.503420  8.5
  830.644240  8.5
  1594.995022  8.5
  2614.749813  8.5
  3889.667700  8.5
  5419.663544  8.5
  7204.705294  8.5
  92.461872  7
  312.098405  7
  822.778249  7
  1587.237556  7
  2607.068401  7
  3882.024413  7
  5412.042119  7
  7.526478  7.5
  317.574981  7.5
  822.726214  7.5
  1587.237716  7.5
  2607.068401  7.5
  3882.024413  7.5
  5412.042119  7.5
  81.055391  6
  305.673887  6
  815.892589  6
  1580.521844  6
  2600.415542  6
  3875.403176  6
  9.475995  6.5
  309.124372  6.5
  815.869431  6.5
  1580.521893  6.5
  2600.415542  6.5
  3875.403176  6.5
  70.606895  5
  300.124851  5
  810.080984  5
  1574.844438  5
  2594.789365  5
  11.837041  5.5
  302.110037  5.5
  810.072290  5.5
  1574.844448  5.5
  2594.789365  5.5
  61.098294  4
  295.488028  4
  805.335438  4
  1570.202780  4
  14.667954  4.5
  296.486172  4.5
  805.332952  4.5
  1570.202782  4.5
  52.504986  3
  291.802775  3
  801.649911  3
  18.028398  3.5
  292.203767  3.5
  801.649497  3.5
  44.795988  2
  289.111158  2
  21.978089  2.5
  289.211717  2.5
  37.934183  1
  26.575512  1.5
