  39.656577  10
  39.656620  10
  105.333816  10
  105.407336  10
  147.862220  10
  153.917494  10
  177.415715  10
  201.584465  10
  231.294378  10
  265.366049  10
  0.000000  10.5
  74.835511  10.5
  74.838169  10.5
  130.358329  10.5
  131.372985  10.5
  160.599372  10.5
  176.226970  10.5
  201.672623  10.5
  231.291301  10.5
  265.366091  10.5
  35.467044  9
  35.467270  9
  92.561279  9
  92.826851  9
  125.294757  9
  135.317213  9
  157.533873  9
  183.136520  9
  213.364167  9
  0.000000  9.5
  66.434358  9.5
  66.446213  9.5
  112.407380  9.5
  115.033077  9.5
  138.036026  9.5
  157.259827  9.5
  183.148121  9.5
  213.363983  9.5
  31.276185  8
  31.277331  8
  79.531186  8
  80.378953  8
  104.616302  8
  118.504718  8
  140.696843  8
  167.038463  8
  0.000000  8.5
  58.008659  8.5
  58.058371  8.5
  94.074498  8.5
  99.460135  8.5
  119.277325  8.5
  140.655090  8.5
  167.039246  8.5
  27.082008  7
  27.087576  7
  66.058130  7
  68.294600  7
  87.039747  7
  103.829066  7
  126.392486  7
  0.000000  7.5
  49.512452  7.5
  49.703570  7.5
  76.395455  7.5
  85.159529  7.5
  103.970052  7.5
  126.389231  7.5
  22.877218  6
  22.902761  6
  52.399785  6
  56.962427  6
  73.039188  6
  91.414415  6
  0.000000  6.5
  40.829167  6.5
  41.472767  6.5
  60.700543  6.5
  72.605893  6.5
  91.427432  6.5
  18.635664  5
  18.743287  5
  39.594113  5
  46.863933  5
  62.155447  5
  0.000000  5.5
  31.829801  5.5
  33.579334  5.5
  48.010572  5.5
  62.106078  5.5
  14.283229  4
  14.677702  4
  28.811132  4
  38.437423  4
  0.000003  4.5
  22.840468  4.5
  26.385986  4.5
  38.609701  4.5
  9.749069  3
  10.878492  3
  20.855280  3
  0.000087  3.5
  14.867156  3.5
  20.335602  3.5
  5.399437  2
  7.648993  2
  0.002424  2.5
  8.859342  2.5
  2.142176  1
  0.048844  1.5
