  48.114752  10
  48.217546  10
  114.791444  10
  126.675474  10
  167.049364  10
  212.443661  10
  269.161087  10
  335.868547  10
  412.425719  10
  498.740345  10
  0.000000  10.5
  87.678184  10.5
  89.629795  10.5
  135.963532  10.5
  165.645857  10.5
  212.535425  10.5
  269.157880  10.5
  335.868610  10.5
  412.425718  10.5
  498.740345  10.5
  42.855360  9
  43.080091  9
  98.190995  9
  113.938261  9
  152.713497  9
  199.254270  9
  256.295290  9
  323.221174  9
  399.921640  9
  0.000000  9.5
  76.396513  9.5
  79.827379  9.5
  119.098494  9.5
  152.172761  9.5
  199.279598  9.5
  256.294677  9.5
  323.221181  9.5
  399.921640  9.5
  37.522033  8
  37.995470  8
  82.811979  8
  102.318874  8
  140.434736  8
  187.641861  8
  244.928106  8
  312.011283  8
  0.000002  8.5
  64.908194  8.5
  70.445728  8.5
  104.790144  8.5
  140.259468  8.5
  187.647425  8.5
  244.928023  8.5
  312.011284  8.5
  32.064918  7
  33.012998  7
  69.145734  7
  91.977920  7
  129.953076  7
  177.548217  7
  235.009580  7
  0.000012  7.5
  53.528474  7.5
  61.661483  7.5
  92.966317  7.5
  129.907679  7.5
  177.549088  7.5
  235.009574  7.5
  26.442724  6
  28.211294  6
  57.568626  6
  83.026608  6
  121.091810  6
  168.917025  6
  0.000080  6.5
  42.746666  6.5
  53.663570  6.5
  83.341760  6.5
  121.083357  6.5
  168.917098  6.5
  20.703932  5
  23.701710  5
  48.283835  5
  75.519755  5
  113.735248  5
  0.000516  5.5
  33.061826  5.5
  46.633976  5.5
  75.592476  5.5
  113.734389  5.5
  15.091790  4
  19.623235  4
  41.239077  4
  69.460731  4
  0.003180  4.5
  24.874343  4.5
  40.730244  4.5
  69.470029  4.5
  10.021948  3
  16.129899  3
  36.160506  3
  0.018164  3.5
  18.469453  3.5
  36.071958  3.5
  5.900409  2
  13.379840  2
  0.091464  2.5
  14.020267  2.5
  2.961729  1
  0.377469  1.5
