  411.064424  10
  2048.410254  10
  5594.124717  10
  10913.287797  10
  18006.511485  10
  26873.361678  10
  37513.716426  10
  49927.529916  10
  64114.781769  10
  80075.461787  10
  106.864441  10.5
  2054.599595  10.5
  5594.107117  10.5
  10913.287815  10.5
  18006.511485  10.5
  26873.361678  10.5
  37513.716426  10.5
  49927.529916  10.5
  64114.781769  10.5
  80075.461787  10.5
  388.281122  9
  2038.517716  9
  5584.195003  9
  10903.568092  9
  17996.874678  9
  26863.766401  9
  37504.144904  9
  49917.973250  9
  64105.235009  9
  115.557073  9.5
  2043.026624  9.5
  5584.184733  9.5
  10903.568100  9.5
  17996.874678  9.5
  26863.766401  9.5
  37504.144904  9.5
  49917.973250  9.5
  64105.235009  9.5
  366.388904  8
  2029.593980  8
  5575.314620  8
  10894.873200  8
  17988.253313  8
  26855.181857  8
  37495.581416  8
  49909.422929  8
  124.810941  8.5
  2032.754962  8.5
  5575.309017  8.5
  10894.873204  8.5
  17988.253313  8.5
  26855.181857  8.5
  37495.581416  8.5
  49909.422929  8.5
  345.375476  7
  2021.655132  7
  5567.482116  7
  10887.202559  7
  17980.647041  7
  26847.607809  7
  37488.025794  7
  134.648403  7.5
  2023.765248  7.5
  5567.479313  7.5
  10887.202560  7.5
  17980.647041  7.5
  26847.607809  7.5
  37488.025794  7.5
  325.227670  6
  2014.717638  6
  5560.696249  6
  10880.555673  6
  17974.055558  6
  26841.044053  6
  145.091642  6.5
  2016.037976  6.5
  5560.695004  6.5
  10880.555674  6.5
  17974.055558  6.5
  26841.044053  6.5
  305.931463  5
  2008.798344  5
  5554.955985  5
  10874.932113  5
  17968.478597  5
  156.162605  5.5
  2009.553556  5.5
  5554.955518  5.5
  10874.932113  5.5
  17968.478597  5.5
  287.471996  4
  2003.914465  4
  5550.260480  4
  10870.331514  4
  167.882933  4.5
  2004.292371  4.5
  5550.260346  4.5
  10870.331514  4.5
  269.833601  3
  2000.083569  3
  5546.609067  3
  180.273900  3.5
  2000.234825  3.5
  5546.609045  3.5
  252.999826  2
  1997.323569  2
  193.356351  2.5
  1997.361399  2.5
  236.953468  1
  207.150646  1.5
