  54.422822  10
  55.152810  10
  121.384043  10
  150.356505  10
  207.158119  10
  277.333050  10
  362.505131  10
  462.233505  10
  576.409822  10
  704.977678  10
  0.000003  10.5
  94.657097  10.5
  102.938123  10.5
  154.187583  10.5
  206.858563  10.5
  277.344585  10.5
  362.504883  10.5
  462.233508  10.5
  576.409822  10.5
  704.977678  10.5
  48.125736  9
  49.392399  9
  105.266839  9
  138.248715  9
  194.800116  9
  265.463601  9
  350.845799  9
  450.707044  9
  564.971718  9
  0.000015  9.5
  81.415120  9.5
  92.725604  9.5
  140.160521  9.5
  194.689995  9.5
  265.466721  9.5
  350.845752  9.5
  450.707044  9.5
  564.971718  9.5
  41.675201  8
  43.783617  8
  91.033333  8
  127.406316  8
  183.977526  8
  254.959912  8
  340.497551  8
  440.456412  8
  0.000066  8.5
  68.623114  8.5
  83.203927  8.5
  128.247982  8.5
  183.942923  8.5
  254.960587  8.5
  340.497544  8.5
  440.456412  8.5
  35.075495  7
  38.401445  7
  78.884467  7
  117.882910  7
  174.590994  7
  245.783238  7
  331.432042  7
  0.000290  7.5
  56.666595  7.5
  74.510216  7.5
  118.200747  7.5
  174.582212  7.5
  245.783343  7.5
  331.432041  7.5
  28.426321  6
  33.338960  6
  68.884381  6
  109.699721  6
  166.569041  6
  237.899106  6
  0.001249  6.5
  45.888105  6.5
  66.771121  6.5
  109.797530  6.5
  166.567427  6.5
  237.899115  6.5
  21.957329  5
  28.702857  5
  60.934428  5
  102.850762  5
  159.858709  5
  0.005203  5.5
  36.561208  5.5
  60.095442  5.5
  102.872867  5.5
  159.858547  5.5
  15.988147  4
  24.607054  4
  54.816909  4
  97.311543  4
  0.020659  4.5
  28.891606  4.5
  54.568397  4.5
  97.314337  4.5
  10.831552  3
  21.167852  3
  50.290228  3
  0.076374  3.5
  23.018864  3.5
  50.247902  3.5
  6.710004  2
  18.505413  2
  0.254019  2.5
  18.997070  2.5
  3.714407  1
  0.732243  1.5
