  68.016477  10
  76.016743  10
  157.731880  10
  240.973906  10
  360.408540  10
  510.250469  10
  690.449911  10
  900.869219  10
  1141.451508  10
  1412.168152  10
  0.001082  10.5
  110.454994  10.5
  149.958069  10.5
  241.530749  10.5
  360.391303  10.5
  510.250753  10.5
  690.449908  10.5
  900.869219  10.5
  1141.451508  10.5
  1412.168152  10.5
  58.887774  9
  69.173382  9
  144.337677  9
  229.995384  9
  349.634864  9
  499.657245  9
  679.956410  9
  890.438301  9
  1131.062442  9
  0.002827  9.5
  95.852443  9.5
  139.558620  9.5
  230.256489  9.5
  349.628667  9.5
  499.657321  9.5
  679.956409  9.5
  890.438301  9.5
  1131.062442  9.5
  49.912542  8
  62.718609  8
  132.845453  8
  220.241575  8
  340.070289  8
  490.226828  8
  670.601627  8
  881.131014  8
  0.007277  8.5
  82.581875  8.5
  130.130389  8.5
  220.351683  8.5
  340.068373  8.5
  490.226844  8.5
  670.601627  8.5
  881.131014  8.5
  41.284262  7
  56.721564  7
  123.128217  7
  211.699687  7
  331.688255  7
  481.943192  7
  662.374131  7
  0.018395  7.5
  70.779222  7.5
  121.728755  7.5
  211.740089  7.5
  331.687774  7.5
  481.943195  7.5
  662.374131  7.5
  33.208935  6
  51.252882  6
  115.034221  6
  204.351935  6
  324.466498  6
  474.792266  6
  0.045403  6.5
  60.553525  6.5
  114.398354  6.5
  204.364137  6.5
  324.466410  6.5
  474.792266  6.5
  25.876203  5
  46.383963  5
  108.414608  5
  198.178213  5
  318.386366  5
  0.108620  5.5
  51.985517  5.5
  108.172388  5.5
  198.180938  5.5
  318.386357  5.5
  19.437652  4
  42.187695  4
  103.142507  4
  193.158440  4
  0.249454  4.5
  45.121092  4.5
  103.072539  4.5
  193.158782  4.5
  13.994060  3
  38.741189  3
  99.121445  3
  0.543851  3.5
  39.959826  3.5
  99.109696  3.5
  9.588824  2
  36.130864  2
  1.113371  2.5
  36.444103  2.5
  6.204411  1
  2.123305  1.5
