  114.494543  10
  249.004682  10
  610.851819  10
  1144.263154  10
  1857.070827  10
  2748.472671  10
  3818.322178  10
  5066.562714  10
  6493.168950  10
  8098.128167  10
  1.501692  10.5
  267.321205  10.5
  610.293903  10.5
  1144.268813  10.5
  1857.070800  10.5
  2748.472671  10.5
  3818.322178  10.5
  5066.562714  10.5
  6493.168950  10.5
  8098.128167  10.5
  100.981317  9
  240.417949  9
  600.528700  9
  1134.346616  9
  1847.270385  9
  2738.731661  9
  3808.615327  9
  5056.877293  9
  6483.497849  9
  2.061050  9.5
  253.956401  9.5
  600.202158  9.5
  1134.349231  9.5
  1847.270375  9.5
  2738.731661  9.5
  3808.615327  9.5
  5056.877293  9.5
  6483.497849  9.5
  88.426192  8
  232.563727  8
  591.355903  8
  1125.490685  8
  1838.512171  8
  2730.023159  8
  3799.935383  8
  5048.215255  8
  2.803465  8.5
  242.181099  8.5
  591.177281  8.5
  1125.491776  8.5
  1838.512168  8.5
  2730.023159  8.5
  3799.935383  8.5
  5048.215255  8.5
  76.843839  7
  225.474931  7
  583.309368  7
  1117.689874  7
  1830.792641  7
  2722.344785  7
  3792.280634  7
  3.776580  7.5
  231.971292  7.5
  583.219842  7.5
  1117.690271  7.5
  1830.792640  7.5
  2722.344785  7.5
  3792.280634  7.5
  66.239783  6
  219.186701  6
  576.369242  6
  1110.939270  6
  1824.108673  6
  2715.694438  6
  5.035270  6.5
  223.293797  6.5
  576.329372  6.5
  1110.939389  6.5
  1824.108672  6.5
  2715.694438  6.5
  56.610247  5
  213.736866  5
  570.519548  5
  1105.234573  5
  1818.457566  5
  6.640963  5.5
  216.106793  5.5
  570.504572  5.5
  1105.234600  5.5
  1818.457566  5.5
  47.942041  4
  209.166394  4
  565.747826  4
  1100.572119  4
  8.660394  4.5
  210.360877  4.5
  565.743542  4.5
  1100.572122  4.5
  40.212531  3
  205.519782  3
  562.044752  3
  11.163885  3.5
  206.000559  3.5
  562.044037  3.5
  33.389744  2
  202.845338  2
  14.223292  2.5
  202.966068  2.5
  27.432653  1
  17.909791  1.5
