  368.788913  10
  1764.641194  10
  4806.499393  10
  9369.514776  10
  15454.548316  10
  23061.162167  10
  32189.233896  10
  42838.717497  10
  55009.592499  10
  68701.848662  10
  86.059591  10.5
  1771.315666  10.5
  4806.477237  10.5
  9369.514802  10.5
  15454.548316  10.5
  23061.162167  10.5
  32189.233896  10.5
  42838.717497  10.5
  55009.592499  10.5
  68701.848662  10.5
  347.051730  9
  1754.806783  9
  4796.563700  9
  9359.791456  9
  15444.908514  9
  23051.564218  9
  32179.659890  9
  42829.158466  9
  55000.043456  9
  93.731684  9.5
  1759.670464  9.5
  4796.550771  9.5
  9359.791468  9.5
  15444.908514  9.5
  23051.564218  9.5
  32179.659890  9.5
  42829.158466  9.5
  55000.043456  9.5
  326.214090  8
  1745.930077  8
  4787.678741  8
  9351.093609  8
  15436.284641  8
  23042.977399  8
  32171.094264  8
  42820.606092  8
  101.949006  8.5
  1749.340625  8.5
  4787.671687  8.5
  9351.093614  8.5
  15436.284641  8.5
  23042.977399  8.5
  32171.094264  8.5
  42820.606092  8.5
  306.263363  7
  1738.028162  7
  4779.842782  7
  9343.420580  7
  15428.676292  7
  23035.401436  7
  32163.536821  7
  110.735786  7.5
  1740.305378  7.5
  4779.839254  7.5
  9343.420582  7.5
  15428.676292  7.5
  23035.401436  7.5
  32163.536821  7.5
  287.185891  6
  1731.118575  6
  4773.054346  6
  9336.771791  6
  15422.083111  6
  23028.836089  6
  120.116103  6.5
  1732.543743  6.5
  4773.052778  6.5
  9336.771792  6.5
  15422.083111  6.5
  23028.836089  6.5
  268.967005  5
  1725.219299  5
  4767.312204  5
  9331.146742  5
  15416.504789  5
  130.113798  5.5
  1726.034604  5.5
  4767.311616  5.5
  9331.146742  5.5
  15416.504789  5.5
  251.591051  4
  1720.348751  4
  4762.615355  4
  9326.545007  4
  140.752397  4.5
  1720.756781  4.5
  4762.615187  4.5
  9326.545007  4.5
  235.041419  3
  1716.525770  3
  4758.963011  3
  152.055024  3.5
  1716.689099  3.5
  4758.962983  3.5
  219.300574  2
  1713.769596  2
  164.044325  2.5
  1713.810450  2.5
  204.350096  1
  176.742398  1.5
