  79.980382  10
  107.618234  10
  232.936697  10
  397.533355  10
  621.109203  10
  901.110038  10
  1237.365773  10
  1629.789944  10
  2078.344214  10
  2583.009281  10
  0.028615  10.5
  136.241562  10.5
  229.752813  10.5
  397.642628  10.5
  621.107478  10.5
  901.110052  10.5
  1237.365773  10.5
  1629.789944  10.5
  2078.344214  10.5
  2583.009281  10.5
  68.887345  9
  100.063372  9
  221.333980  9
  387.136842  9
  610.895339  9
  891.003351  9
  1227.320405  9
  1619.783100  9
  2068.363149  9
  0.055169  9.5
  121.772002  9.5
  219.443148  9.5
  387.187548  9.5
  610.894721  9.5
  891.003355  9.5
  1227.320405  9.5
  1619.783100  9.5
  2068.363149  9.5
  58.421274  8
  93.051630  8
  211.229118  8
  377.883362  8
  601.792699  8
  881.984473  8
  1218.349618  8
  1610.842530  8
  0.104873  8.5
  108.869187  8.5
  210.183124  8.5
  377.904581  8.5
  601.792509  8.5
  881.984474  8.5
  1218.349618  8.5
  1610.842530  8.5
  48.707206  7
  86.633006  7
  202.521869  7
  369.758835  7
  593.789041  7
  874.045392  7
  1210.447678  7
  0.195956  7.5
  97.581993  7.5
  201.993104  7.5
  369.766577  7.5
  593.788993  7.5
  874.045392  7.5
  1210.447678  7.5
  39.848978  6
  80.858436  6
  195.124697  6
  362.749404  6
  586.873713  6
  867.179055  6
  0.358579  6.5
  87.940663  6.5
  194.887692  6.5
  362.751733  6.5
  586.873704  6.5
  867.179055  6.5
  31.924907  5
  75.780848  5
  188.965480  5
  356.842100  5
  581.037579  5
  0.639959  5.5
  79.952351  5.5
  188.876027  5.5
  356.842619  5.5
  581.037578  5.5
  24.985148  4
  71.456843  4
  183.988010  4
  352.025356  4
  1.109175  4.5
  73.596528  4.5
  183.962328  4.5
  352.025421  4.5
  19.050035  3
  67.948980  3
  180.151034  3
  1.859573  3.5
  68.822309  3.5
  180.146739  3.5
  14.108974  2
  65.328455  2
  3.006498  2.5
  65.549979  2.5
  10.119933  1
  4.679457  1.5
