  77.645587  10
  100.360114  10
  214.756129  10
  360.673786  10
  559.902730  10
  809.485453  10
  1109.256434  10
  1459.123163  10
  1859.044839  10
  2309.000919  10
  0.016919  10.5
  130.073866  10.5
  210.983396  10.5
  360.820994  10.5
  559.900107  10.5
  809.485478  10.5
  1109.256434  10.5
  1459.123163  10.5
  1859.044839  10.5
  2309.000919  10.5
  66.855027  9
  92.925205  9
  202.900590  9
  350.193106  9
  549.612881  9
  799.312050  9
  1099.149465  9
  1449.057929  9
  1849.007532  9
  0.034223  9.5
  115.538952  9.5
  200.651461  9.5
  350.261489  9.5
  549.611942  9.5
  799.312056  9.5
  1099.149465  9.5
  1449.057929  9.5
  1849.007532  9.5
  56.618950  8
  86.008841  8
  192.608679  8
  340.868771  8
  540.447195  8
  790.236646  8
  1090.125826  8
  1440.066814  8
  0.068245  8.5
  102.544550  8.5
  191.360891  8.5
  340.897410  8.5
  540.446906  8.5
  790.236647  8.5
  1090.125826  8.5
  1440.066814  8.5
  47.079644  7
  79.664065  7
  183.768720  7
  332.685950  7
  532.391692  7
  782.250163  7
  1082.179022  7
  0.133711  7.5
  91.151589  7.5
  183.136615  7.5
  332.696407  7.5
  532.391619  7.5
  782.250163  7.5
  1082.179022  7.5
  38.358792  6
  73.944642  6
  176.280733  6
  325.629649  6
  525.434257  6
  775.344616  6
  0.256360  6.5
  81.401868  6.5
  175.996981  6.5
  325.632796  6.5
  525.434244  6.5
  775.344616  6.5
  30.551041  5
  68.906000  5
  170.061187  5
  319.685576  5
  519.564520  5
  0.478689  5.5
  73.313342  5.5
  169.953976  5.5
  319.686277  5.5
  519.564519  5.5
  23.720118  4
  64.606946  4
  165.044559  4
  314.840835  4
  0.866086  4.5
  66.874477  4.5
  165.013756  4.5
  314.840923  4.5
  17.896522  3
  61.112178  3
  161.182693  3
  1.510939  3.5
  62.040004  3.5
  161.177539  3.5
  13.076021  2
  58.495408  2
  2.531634  2.5
  58.731187  2.5
  9.218865  1
  4.064560  1.5
