  93.939579  10
  158.903405  10
  367.050353  10
  664.457359  10
  1063.354930  10
  1562.427076  10
  2161.511014  10
  2860.540051  10
  3659.484338  10
  4558.328863  10
  0.267875  10.5
  182.146247  10.5
  365.711366  10.5
  664.482092  10.5
  1063.354716  10.5
  1562.427077  10.5
  2161.511014  10.5
  2860.540051  10.5
  3659.484338  10.5
  4558.328863  10.5
  81.582924  9
  150.799087  9
  356.305789  9
  654.367528  9
  1053.408348  9
  1552.556347  9
  2151.683908  9
  2850.740340  9
  3649.702950  9
  0.423383  9.5
  168.165058  9.5
  355.518997  9.5
  654.378969  9.5
  1053.408271  9.5
  1552.556347  9.5
  2151.683908  9.5
  2850.740340  9.5
  3649.702950  9.5
  70.093079  8
  143.342370  8
  346.826320  8
  645.369111  8
  1044.528145  8
  1543.737637  8
  2142.900568  8
  2841.979205  8
  0.661059  8.5
  155.806715  8.5
  346.394578  8.5
  645.373887  8.5
  1044.528122  8.5
  1543.737637  8.5
  2142.900568  8.5
  2841.979205  8.5
  59.524000  7
  136.572290  7
  338.561104  7
  637.452805  7
  1036.707821  7
  1535.966606  7
  2135.157880  7
  1.017897  7.5
  145.073261  7.5
  338.344171  7.5
  637.454544  7.5
  1036.707815  7.5
  1535.966606  7.5
  2135.157880  7.5
  49.914246  6
  130.529923  6
  331.467983  6
  630.610077  6
  1029.941669  6
  1529.239430  6
  1.542966  6.5
  135.951481  6.5
  331.371185  6.5
  630.610600  6.5
  1029.941668  6.5
  1529.239430  6.5
  41.286291  5
  125.259300  5
  325.513117  5
  624.833323  5
  1024.224761  5
  2.298578  5.5
  128.411646  5.5
  325.476702  5.5
  624.833439  5.5
  1024.224760  5.5
  33.646020  4
  120.808458  4
  320.670332  4
  620.115980  4
  3.360136  4.5
  122.407425  4.5
  320.659903  4.5
  620.115994  4.5
  26.982346  3
  117.230560  3
  316.920312  3
  4.814289  3.5
  117.877360  3.5
  316.918570  3.5
  21.267042  2
  114.584924  2
  6.755375  2.5
  114.747926  2.5
  16.454930  1
  9.280597  1.5
