  44.828625  10
  44.848707  10
  112.236903  10
  117.210206  10
  152.797991  10
  185.317290  10
  228.740049  10
  280.032854  10
  339.111378  10
  405.836025  10
  0.000000  10.5
  83.154140  10.5
  83.676599  10.5
  131.619781  10.5
  149.235867  10.5
  185.672059  10.5
  228.722509  10.5
  280.033328  10.5
  339.111372  10.5
  405.836025  10.5
  40.016354  9
  40.069227  9
  96.269286  9
  104.227635  9
  136.226309  9
  170.889995  9
  214.706191  9
  266.316649  9
  325.597663  9
  0.000000  9.5
  73.139131  9.5
  74.275092  9.5
  113.044193  9.5
  134.744270  9.5
  170.990955  9.5
  214.702784  9.5
  266.316706  9.5
  325.597662  9.5
  35.173483  8
  35.307957  8
  80.746060  8
  92.140797  8
  122.330449  8
  158.221806  8
  202.364065  8
  254.197565  8
  0.000000  8.5
  62.836181  8.5
  65.108225  8.5
  96.787784  8.5
  121.825700  8.5
  158.244446  8.5
  202.363600  8.5
  254.197568  8.5
  30.265900  7
  30.592253  7
  66.374876  7
  81.199845  7
  110.703394  7
  147.253688  7
  191.636075  7
  0.000001  7.5
  52.279410  7.5
  56.344694  7.5
  83.211151  7.5
  110.568607  7.5
  147.257282  7.5
  191.636041  7.5
  25.236336  6
  25.977087  6
  53.777659  6
  71.613670  6
  101.009916  6
  137.913563  6
  0.000009  6.5
  41.802513  6.5
  48.198878  6.5
  72.289604  6.5
  100.984349  6.5
  137.913869  6.5
  20.035522  5
  21.558692  5
  43.417133  5
  63.521797  5
  93.033015  5
  0.000079  5.5
  31.998249  5.5
  40.905751  5.5
  63.682516  5.5
  93.030390  5.5
  14.751974  4
  17.480588  4
  35.502315  4
  56.982321  4
  0.000699  4.5
  23.465096  4.5
  34.688862  4.5
  57.003200  4.5
  9.758254  3
  13.923124  3
  29.877344  3
  0.005742  3.5
  16.651648  3.5
  29.731827  3.5
  5.586810  2
  11.081302  2
  0.041210  2.5
  11.847232  2.5
  2.622745  1
  0.232910  1.5
