  47.563061  10
  47.644685  10
  114.363641  10
  124.961567  10
  164.282298  10
  207.584156  10
  262.027285  10
  326.100516  10
  399.664104  10
  482.620380  10
  0.000000  10.5
  86.968373  10.5
  88.596467  10.5
  134.977546  10.5
  162.652217  10.5
  207.697238  10.5
  262.023124  10.5
  326.100601  10.5
  399.664103  10.5
  482.620380  10.5
  42.382641  9
  42.565879  9
  97.801644  9
  112.174359  9
  149.661026  9
  194.225865  9
  249.005309  9
  313.309160  9
  387.023633  9
  0.000000  9.5
  75.898558  9.5
  78.849965  9.5
  117.818327  9.5
  149.027692  9.5
  194.257183  9.5
  249.004512  9.5
  313.309170  9.5
  387.023633  9.5
  37.136449  8
  37.533008  8
  82.359475  8
  100.477877  8
  137.178120  8
  182.470809  8
  237.507018  8
  301.976482  8
  0.000001  8.5
  64.586806  8.5
  69.494669  8.5
  103.215621  8.5
  136.971730  8.5
  182.477705  8.5
  237.506910  8.5
  301.976482  8.5
  31.775677  7
  32.591975  7
  68.562887  7
  90.046199  7
  126.548728  7
  172.259278  7
  227.479233  7
  0.000008  7.5
  53.311019  7.5
  60.708470  7.5
  91.151659  7.5
  126.495087  7.5
  172.260360  7.5
  227.479226  7.5
  26.252479  6
  27.818331  6
  56.822530  6
  81.003665  6
  117.577479  6
  163.532376  6
  0.000058  6.5
  42.555850  6.5
  52.685768  6.5
  81.358261  6.5
  117.567471  6.5
  163.532468  6.5
  20.596026  5
  23.322178  5
  47.379733  5
  73.415411  5
  110.137660  5
  0.000395  5.5
  32.843782  5.5
  45.616854  5.5
  73.497513  5.5
  110.136642  5.5
  15.029164  4
  19.244149  4
  40.215513  4
  67.290716  4
  0.002563  4.5
  24.602605  4.5
  39.668482  4.5
  67.301234  4.5
  9.968936  3
  15.742466  3
  35.064184  3
  0.015410  3.5
  18.138010  3.5
  34.968673  3.5
  5.841985  2
  12.980276  2
  0.081545  2.5
  13.638387  2.5
  2.902692  1
  0.351528  1.5
