  49.208001  10
  49.364419  10
  115.681929  10
  130.228699  10
  172.909330  10
  222.436376  10
  283.735715  10
  355.751863  10
  438.346996  10
  531.437940  10
  0.000000  10.5
  89.027444  10.5
  91.727637  10.5
  138.214956  10.5
  171.857657  10.5
  222.498061  10.5
  283.733756  10.5
  355.751898  10.5
  438.346996  10.5
  531.437940  10.5
  43.786882  9
  44.112660  9
  99.060649  9
  117.595866  9
  159.063429  9
  209.547897  9
  271.146669  9
  343.360313  9
  426.085552  9
  0.000001  9.5
  77.338024  9.5
  81.826003  9.5
  121.920791  9.5
  158.663674  9.5
  209.564829  9.5
  271.146295  9.5
  343.360317  9.5
  426.085552  9.5
  38.275242  8
  38.928484  8
  83.834190  8
  106.125512  8
  147.137020  8
  198.188963  8
  260.012292  8
  332.368828  8
  0.000004  8.5
  65.531697  8.5
  72.400947  8.5
  108.151636  8.5
  147.008570  8.5
  198.192669  8.5
  260.012242  8.5
  332.368828  8.5
  32.623727  7
  33.867469  7
  70.431762  7
  95.953688  7
  136.913424  7
  188.304758  7
  250.288066  7
  0.000024  7.5
  53.979543  7.5
  63.624798  7.5
  96.751346  7.5
  136.880338  7.5
  188.305337  7.5
  250.288062  7.5
  26.808197  6
  29.013300  6
  59.166560  6
  87.168764  6
  128.246195  6
  179.843768  6
  0.000143  6.5
  43.163982  6.5
  55.675217  6.5
  87.420616  6.5
  128.240056  6.5
  179.843816  6.5
  20.915915  5
  24.478682  5
  50.171598  5
  79.808402  5
  121.037388  5
  0.000841  5.5
  33.537026  5.5
  48.718700  5.5
  79.866191  5.5
  121.036766  5.5
  15.223015  4
  20.398806  4
  43.339735  4
  73.866722  4
  0.004718  4.5
  25.451216  4.5
  42.896286  4.5
  73.874088  4.5
  10.136087  3
  16.919819  3
  38.389537  3
  0.024550  3.5
  19.156620  3.5
  38.312797  3.5
  6.022279  2
  14.190986  2
  0.112984  2.5
  14.799296  2.5
  3.081523  1
  0.431031  1.5
