  59.568603  10
  61.729667  10
  130.576577  10
  176.645075  10
  252.011433  10
  346.362474  10
  460.210098  10
  593.305618  10
  745.565842  10
  916.948666  10
  0.000042  10.5
  99.805368  10.5
  116.839819  10.5
  178.493969  10.5
  251.913287  10.5
  346.365162  10.5
  460.210057  10.5
  593.305618  10.5
  745.565842  10.5
  916.948666  10.5
  52.246419  9
  55.523071  9
  115.410157  9
  165.019533  9
  240.460220  9
  335.120273  9
  449.122423  9
  582.314937  9
  734.639882  9
  0.000150  9.5
  85.709070  9.5
  106.488089  9.5
  165.908164  9.5
  240.424613  9.5
  335.120995  9.5
  449.122415  9.5
  582.314937  9.5
  734.639882  9.5
  44.795073  8
  49.560333  8
  102.287970  8
  154.668863  8
  230.267455  8
  325.143183  8
  439.260302  8
  572.524932  8
  0.000524  8.5
  72.522337  8.5
  96.969236  8.5
  155.050096  8.5
  230.256370  8.5
  325.143338  8.5
  439.260301  8.5
  572.524932  8.5
  37.320411  7
  43.920712  7
  91.232442  7
  145.605026  7
  221.378066  7
  316.403754  7
  430.604089  7
  0.001803  7.5
  60.515511  7.5
  88.384125  7.5
  145.746568  7.5
  221.375271  7.5
  316.403778  7.5
  430.604089  7.5
  30.021169  6
  38.692304  6
  82.150557  6
  137.821776  6
  213.749281  6
  308.877839  6
  0.006057  6.5
  49.909260  6.5
  80.820401  6.5
  137.864864  6.5
  213.748770  6.5
  308.877841  6.5
  23.159815  5
  33.968181  5
  74.865059  5
  131.300002  5
  207.347187  5
  0.019694  5.5
  40.876460  5.5
  74.349168  5.5
  131.309675  5.5
  207.347135  5.5
  17.002912  4
  29.843335  4
  69.173343  4
  126.013713  4
  0.061140  4.5
  33.544076  4.5
  69.022668  4.5
  126.014931  4.5
  11.765614  3
  26.414506  3
  64.898838  3
  0.177798  3.5
  27.984921  3.5
  64.873373  3.5
  7.579018  2
  23.785040  2
  0.473145  2.5
  24.195669  2.5
  4.475455  1
  1.127832  1.5
