  51.972294  10
  52.354227  10
  118.344438  10
  140.201768  10
  189.785466  10
  249.952163  10
  323.416641  10
  409.543813  10
  508.210742  10
  619.350844  10
  0.000001  10.5
  92.142790  10.5
  97.388034  10.5
  145.621151  10.5
  189.256545  10.5
  249.976620  10.5
  323.416017  10.5
  409.543822  10.5
  508.210742  10.5
  619.350844  10.5
  46.108913  9
  46.825290  9
  101.900161  9
  127.847240  9
  176.857368  9
  237.671690  9
  311.383037  9
  397.668111  9
  496.439720  9
  0.000004  9.5
  79.538456  9.5
  87.293272  9.5
  130.636772  9.5
  176.660689  9.5
  237.678340  9.5
  311.382919  9.5
  397.668112  9.5
  496.439720  9.5
  40.115463  8
  41.406329  8
  87.164260  8
  116.727312  8
  165.603990  8
  226.823296  8
  300.717618  8
  387.117965  8
  0.000020  8.5
  67.111465  8.5
  77.799001  8.5
  117.983070  8.5
  165.541703  8.5
  226.824742  8.5
  300.717602  8.5
  387.117965  8.5
  33.960819  7
  36.165376  7
  74.435987  7
  106.927904  7
  155.885422  7
  217.361173  7
  291.385865  7
  0.000100  7.5
  55.278140  7.5
  69.060349  7.5
  107.409083  7.5
  155.869531  7.5
  217.361398  7.5
  291.385864  7.5
  27.682269  6
  31.193675  6
  63.887104  6
  98.494794  6
  147.604757  6
  209.243926  6
  0.000498  6.5
  44.453818  6.5
  61.226722  6.5
  98.644215  6.5
  147.601827  6.5
  209.243945  6.5
  21.455405  5
  26.602564  5
  55.506289  5
  91.436599  5
  140.693356  5
  0.002401  5.5
  34.984300  5.5
  54.430982  5.5
  91.470553  5.5
  140.693060  5.5
  15.598857  4
  22.516087  4
  49.102786  4
  85.733930  4
  0.011029  4.5
  27.131330  4.5
  48.780732  4.5
  85.738235  4.5
  10.474540  3
  19.063053  3
  44.407321  3
  0.047069  3.5
  21.077950  3.5
  44.352145  3.5
  6.364884  2
  16.375139  2
  0.179262  2.5
  16.915594  2.5
  3.403036  1
  0.580452  1.5
