  76.680232  10
  97.502790  10
  207.701424  10
  346.270625  10
  535.967158  10
  773.640306  10
  1059.127806  10
  1392.334258  10
  1773.217710  10
  2201.757040  10
  0.013404  10.5
  127.679522  10.5
  203.648448  10.5
  346.437758  10.5
  535.964021  10.5
  773.640337  10.5
  1059.127806  10.5
  1392.334258  10.5
  1773.217710  10.5
  2201.757040  10.5
  66.025690  9
  90.120189  9
  195.728263  9
  335.751334  9
  525.641992  9
  763.435955  9
  1048.992279  9
  1382.241965  9
  1763.154347  9
  0.027700  9.5
  113.121249  9.5
  193.307488  9.5
  335.829015  9.5
  525.640868  9.5
  763.435964  9.5
  1048.992279  9.5
  1382.241965  9.5
  1763.154347  9.5
  55.892196  8
  83.245201  8
  185.348635  8
  326.394349  8
  516.447034  8
  754.334341  8
  1039.944145  8
  1373.227433  8
  0.056427  8.5
  100.090462  8.5
  184.003706  8.5
  326.426896  8.5
  516.446687  8.5
  754.334343  8.5
  1039.944145  8.5
  1373.227433  8.5
  46.429358  7
  76.932257  7
  176.446218  7
  318.184590  7
  508.367479  7
  746.325888  7
  1031.976554  7
  0.112924  7.5
  88.653581  7.5
  175.764196  7.5
  318.196476  7.5
  508.367392  7.5
  746.325888  7.5
  1031.976554  7.5
  37.766876  6
  71.236431  6
  168.915487  6
  311.106593  6
  501.390522  6
  739.402173  6
  0.221074  6.5
  78.857629  6.5
  168.609102  6.5
  311.110171  6.5
  501.390506  6.5
  739.402173  6.5
  30.006952  5
  66.214319  5
  162.667617  5
  305.145487  5
  495.505214  5
  0.421269  5.5
  70.725506  5.5
  162.551795  5.5
  305.146285  5.5
  495.505212  5.5
  23.219700  4
  61.925748  4
  157.632680  4
  300.287776  4
  0.777087  4.5
  64.249932  4.5
  157.599391  4.5
  300.287876  4.5
  17.440460  3
  58.436376  3
  153.759227  3
  1.380216  3.5
  59.388479  3.5
  153.753655  3.5
  12.668098  2
  55.821008  2
  2.350136  2.5
  56.063161  2.5
  8.864072  1
  3.826168  1.5
