  95.546807  10
  165.452594  10
  384.558004  10
  699.025480  10
  1120.567373  10
  1647.938230  10
  2280.976877  10
  3019.617883  10
  3863.831961  10
  4813.604382  10
  0.321785  10.5
  188.200856  10.5
  383.325890  10.5
  699.046963  10.5
  1120.567197  10.5
  1647.938231  10.5
  2280.976877  10.5
  3019.617883  10.5
  3863.831961  10.5
  4813.604382  10.5
  83.081639  9
  157.299710  9
  373.867765  9
  688.956787  9
  1110.638767  9
  1638.083432  9
  2271.164530  9
  3009.832193  9
  3854.064099  9
  0.500677  9.5
  174.275582  9.5
  373.144172  9.5
  688.966723  9.5
  1110.638704  9.5
  1638.083433  9.5
  2271.164530  9.5
  3009.832193  9.5
  3854.064099  9.5
  71.497025  8
  149.803150  8
  364.427708  8
  679.975801  8
  1101.773558  8
  1629.278252  8
  2262.393876  8
  3001.083212  8
  0.769787  8.5
  161.973097  8.5
  364.030818  8.5
  679.979949  8.5
  1101.773538  8.5
  1629.278252  8.5
  2262.393876  8.5
  3001.083212  8.5
  60.841934  7
  143.001220  7
  356.190443  7
  672.073650  7
  1093.965612  7
  1621.518591  7
  2254.661974  7
  1.167646  7.5
  151.292060  7.5
  355.991089  7.5
  672.075160  7.5
  1093.965608  7.5
  1621.518591  7.5
  2254.661974  7.5
  51.150634  6
  136.934328  6
  349.116732  6
  665.242222  6
  1087.209547  6
  1614.800838  6
  1.744515  6.5
  142.216386  6.5
  349.027800  6.5
  665.242676  6.5
  1087.209546  6.5
  1614.800838  6.5
  42.442101  5
  131.645852  5
  343.175091  5
  659.474308  5
  1081.500711  5
  2.563253  5.5
  134.714264  5.5
  343.141643  5.5
  659.474409  5.5
  1081.500711  5.5
  34.719572  4
  127.183132  4
  338.341163  4
  654.763698  4
  3.698924  4.5
  128.738320  4.5
  338.331584  4.5
  654.763710  4.5
  27.970222  3
  123.598489  3
  334.596945  3
  5.236845  3.5
  124.227195  3.5
  334.595346  3.5
  22.165035  2
  120.950156  2
  7.269150  2.5
  121.108528  2.5
  17.259022  1
  9.890265  1.5
