  38.240372  10
  38.240372  10
  102.500036  10
  102.500137  10
  150.135740  10
  150.237824  10
  177.481394  10
  183.278281  10
  199.025974  10
  216.444875  10
  -0.000000  10.5
  72.414073  10.5
  72.414074  10.5
  128.454441  10.5
  128.458759  10.5
  166.820542  10.5
  168.041043  10.5
  186.185101  10.5
  198.706386  10.5
  216.455573  10.5
  34.213002  9
  34.213002  9
  90.404995  9
  90.405980  9
  129.592674  9
  130.138107  9
  148.951364  9
  158.739457  9
  174.529210  9
  0.000000  9.5
  64.357105  9.5
  64.357121  9.5
  112.281216  9.5
  112.313928  9.5
  141.120994  9.5
  144.789499  9.5
  159.341241  9.5
  174.505174  9.5
  30.185508  8
  30.185509  8
  78.299477  8
  78.308098  8
  108.434994  8
  110.497597  8
  124.272483  8
  137.082293  8
  0.000000  8.5
  56.298871  8.5
  56.299040  8.5
  95.996496  8.5
  96.204704  8.5
  116.015616  8.5
  123.208166  8.5
  137.135054  8.5
  26.157809  7
  26.157827  7
  66.154576  7
  66.219996  7
  87.175521  7
  92.063867  7
  104.281538  7
  0.000000  7.5
  48.237822  7.5
  48.239543  7.5
  79.337348  7.5
  80.332316  7.5
  93.800357  7.5
  104.169239  7.5
  22.129674  6
  22.129888  6
  53.839668  6
  54.233784  6
  67.828764  6
  75.753165  6
  0.000000  6.5
  40.166244  6.5
  40.181919  6.5
  62.256328  6.5
  65.247252  6.5
  75.982192  6.5
  18.099856  5
  18.102228  5
  41.121690  5
  42.693442  5
  52.251790  5
  0.000000  5.5
  32.039042  5.5
  32.158354  5.5
  46.191489  5.5
  51.812615  5.5
  14.058973  4
  14.082086  4
  28.708247  4
  32.315644  4
  0.000000  4.5
  23.686293  4.5
  24.338416  4.5
  33.086236  4.5
  9.947035  3
  10.124723  3
  18.422639  3
  0.000000  3.5
  15.233237  3.5
  17.220655  3.5
  5.668344  2
  6.480627  2
  0.000051  2.5
  8.121917  2.5
  2.020298  1
  0.006796  1.5
