  42.200230  10
  42.202761  10
  109.474692  10
  110.829029  10
  146.642404  10
  167.091695  10
  200.038586  10
  238.903081  10
  284.044919  10
  335.206698  10
  0.000000  10.5
  79.065380  10.5
  79.156475  10.5
  130.722667  10.5
  138.766056  10.5
  168.447245  10.5
  199.937253  10.5
  238.907011  10.5
  284.044841  10.5
  335.206699  10.5
  37.712858  9
  37.721268  9
  94.951727  9
  97.842377  9
  127.058211  9
  151.051254  9
  184.314935  9
  223.687770  9
  269.125625  9
  0.000000  9.5
  69.955872  9.5
  70.210565  9.5
  111.314247  9.5
  123.269257  9.5
  151.465190  9.5
  184.294600  9.5
  223.688251  9.5
  269.125620  9.5
  33.216059  8
  33.243094  8
  80.106757  8
  85.427506  8
  110.627187  8
  136.940190  8
  170.594507  8
  210.302019  8
  0.000000  8.5
  60.691019  8.5
  61.353543  8.5
  93.389308  8.5
  109.188163  8.5
  137.037198  8.5
  170.591663  8.5
  210.302050  8.5
  28.695407  7
  28.778571  7
  65.537206  7
  73.900735  7
  97.186435  7
  124.755528  7
  158.736393  7
  0.000000  7.5
  51.153012  7.5
  52.704068  7.5
  77.784078  7.5
  96.775243  7.5
  124.771363  7.5
  158.736183  7.5
  24.115509  6
  24.355960  6
  52.114265  6
  63.586369  6
  86.246741  6
  114.428338  6
  0.000001  6.5
  41.335741  6.5
  44.460472  6.5
  65.027324  6.5
  86.165653  6.5
  114.429709  6.5
  19.408309  5
  20.041284  5
  40.620204  5
  54.754739  5
  77.385798  5
  0.000008  5.5
  31.630877  5.5
  36.892779  5.5
  55.119150  5.5
  77.377285  5.5
  14.524648  4
  15.962211  4
  31.602670  4
  47.572493  4
  0.000106  4.5
  22.787376  4.5
  30.301002  4.5
  47.621352  4.5
  9.663950  3
  12.316184  3
  25.204406  3
  0.001373  3.5
  15.509247  3.5
  24.959779  3.5
  5.415184  2
  9.344997  2
  0.015548  2.5
  10.268539  2.5
  2.371237  1
  0.133190  1.5
