  65.134728  10
  70.510268  10
  146.384204  10
  215.351788  10
  317.410088  10
  445.471783  10
  599.593944  10
  779.613767  10
  985.467028  10
  1217.121401  10
  0.000394  10.5
  106.299425  10.5
  136.834565  10.5
  216.191186  10.5
  317.379067  10.5
  445.472388  10.5
  599.593938  10.5
  779.613767  10.5
  985.467028  10.5
  1217.121401  10.5
  56.612404  9
  63.872138  9
  132.397547  9
  204.174033  9
  306.420178  9
  434.694411  9
  588.931466  9
  769.023365  9
  974.924802  9
  0.001133  9.5
  91.784591  9.5
  126.434308  9.5
  204.569849  9.5
  306.409002  9.5
  434.694573  9.5
  588.931465  9.5
  769.023365  9.5
  974.924802  9.5
  48.121534  8
  57.575503  8
  120.399899  8
  194.242052  8
  296.679092  8
  425.108631  8
  579.432192  8
  759.578391  8
  0.003207  8.5
  78.492620  8.5
  116.968279  8.5
  194.409638  8.5
  296.675630  8.5
  425.108666  8.5
  579.432192  8.5
  759.578391  8.5
  39.844848  7
  51.694248  7
  110.291303  7
  185.547613  7
  288.153535  7
  416.695247  7
  571.082433  7
  0.008917  7.5
  66.595317  7.5
  108.505278  7.5
  185.609279  7.5
  288.152666  7.5
  416.695253  7.5
  571.082433  7.5
  32.003327  6
  46.305242  6
  101.919160  6
  178.074254  6
  280.816137  6
  409.437405  6
  0.024205  6.5
  56.231368  6.5
  101.102150  6.5
  178.092914  6.5
  280.815979  6.5
  409.437406  6.5
  24.818706  5
  41.486634  5
  95.115098  5
  171.800853  5
  274.644268  5
  0.063634  5.5
  47.507235  5.5
  94.802493  5.5
  171.805026  5.5
  274.644252  5.5
  18.479475  4
  37.317654  4
  89.726630  4
  166.704950  4
  0.160228  4.5
  40.492593  4.5
  89.636079  4.5
  166.705474  4.5
  13.119004  3
  33.880854  3
  85.634494  3
  0.381148  3.5
  35.208189  3.5
  85.619263  3.5
  8.804336  2
  31.267527  2
  0.844300  2.5
  31.610394  2.5
  5.530620  1
  1.722036  1.5
