  221.827656  10
  831.948248  10
  2219.609083  10
  4298.967126  10
  7072.522908  10
  10539.800844  10
  14700.674472  10
  19555.096143  10
  25103.044631  10
  31344.509310  10
  25.496295  10.5
  841.735713  10.5
  2219.536955  10.5
  4298.967311  10.5
  7072.522908  10.5
  10539.800844  10.5
  14700.674472  10.5
  19555.096143  10.5
  25103.044631  10.5
  31344.509310  10.5
  204.263177  9
  822.473177  9
  2209.620470  9
  4289.213378  9
  7062.857890  9
  10530.180408  9
  14691.079570  9
  19545.517221  9
  25093.476373  9
  29.202086  9.5
  829.622032  9.5
  2209.578365  9.5
  4289.213464  9.5
  7062.857890  9.5
  10530.180408  9.5
  14691.079570  9.5
  19545.517221  9.5
  25093.476373  9.5
  187.642371  8
  813.888477  8
  2200.695348  8
  4280.490663  8
  7054.212914  8
  10521.574453  8
  14682.495955  8
  19536.947585  8
  33.349129  8.5
  818.911992  8.5
  2200.672368  8.5
  4280.490699  8.5
  7054.212914  8.5
  10521.574453  8.5
  14682.495955  8.5
  19536.947585  8.5
  171.952957  7
  806.216803  7
  2192.829332  7
  4272.797542  7
  7046.587087  7
  10513.982378  7
  14674.923195  7
  37.972938  7.5
  809.577218  7.5
  2192.817835  7.5
  4272.797555  7.5
  7046.587087  7.5
  10513.982378  7.5
  14674.923195  7.5
  157.180291  6
  799.481779  6
  2186.018734  6
  4266.132743  6
  7039.979626  6
  10507.403651  6
  43.109440  6.5
  801.588234  6.5
  2186.013622  6.5
  4266.132747  6.5
  7039.979626  6.5
  10507.403651  6.5
  143.307383  5
  793.708012  5
  2180.260517  5
  4260.495165  5
  7034.389848  5
  48.794688  5.5
  794.914703  5.5
  2180.258599  5.5
  4260.495166  5.5
  7034.389848  5.5
  130.314946  4
  788.921103  4
  2175.552245  4
  4255.883874  4
  55.064582  4.5
  789.525680  4.5
  2175.551697  4.5
  4255.883874  4.5
  118.181452  3
  785.147639  3
  2171.892035  3
  61.954578  3.5
  785.389853  3.5
  2171.891943  3.5
  106.883213  2
  782.415157  2
  69.499423  2.5
  782.475779  2.5
  96.394471  1
  77.732887  1.5
