  43.443739  10
  43.451431  10
  110.939001  10
  113.727959  10
  148.798274  10
  175.272207  10
  213.182366  10
  258.018319  10
  309.824170  10
  368.417670  10
  0.000000  10.5
  81.044632  10.5
  81.278892  10.5
  130.891993  10.5
  143.396902  10.5
  175.965129  10.5
  213.140841  10.5
  258.019653  10.5
  309.824147  10.5
  368.417670  10.5
  38.805494  9
  38.828057  9
  95.620776  9
  100.708422  9
  130.784880  9
  160.092269  9
  198.395115  9
  243.625088  9
  295.674237  9
  0.000000  9.5
  71.527852  9.5
  72.101342  9.5
  111.746877  9.5
  128.391221  9.5
  160.294869  9.5
  198.386944  9.5
  243.625249  9.5
  295.674236  9.5
  34.149550  8
  34.213540  8
  80.316375  8
  88.434168  8
  115.760886  8
  146.764072  8
  185.432678  8
  230.932780  8
  0.000000  8.5
  61.779756  8.5
  63.078339  8.5
  94.585915  8.5
  114.909179  8.5
  146.810300  8.5
  185.431550  8.5
  230.932790  8.5
  29.452348  7
  29.625789  7
  65.760889  7
  77.195087  7
  103.344416  7
  135.244216  7
  174.193693  7
  0.000000  7.5
  51.726880  7.5
  54.358687  7.5
  80.008066  7.5
  103.110864  7.5
  135.251637  7.5
  174.193611  7.5
  24.665431  6
  25.106228  6
  52.716432  6
  67.257190  6
  93.101263  6
  125.457124  6
  0.000002  6.5
  41.533579  6.5
  46.155755  6.5
  68.243136  6.5
  93.056271  6.5
  125.457760  6.5
  19.720831  5
  20.737607  5
  41.792635  5
  58.819127  5
  84.727707  5
  0.000026  5.5
  31.741393  5.5
  38.726324  5.5
  59.059480  5.5
  84.723045  5.5
  14.629382  4
  16.658655  4
  33.358749  4
  51.984532  4
  0.000290  4.5
  23.045312  4.5
  32.331447  4.5
  52.016158  4.5
  9.692047  3
  13.060289  3
  27.383731  3
  0.002950  3.5
  16.008454  3.5
  27.196081  3.5
  5.484638  2
  10.159683  2
  0.026134  2.5
  10.999132  2.5
  2.488243  1
  0.178716  1.5
