  55.515050  10
  56.458928  10
  122.989081  10
  155.330500  10
  215.670573  10
  290.567307  10
  381.309642  10
  487.514734  10
  609.080274  10
  745.953532  10
  0.000006  10.5
  95.740532  10.5
  105.607934  10.5
  158.612312  10.5
  215.435890  10.5
  290.575681  10.5
  381.309475  10.5
  487.514736  10.5
  609.080274  10.5
  745.953532  10.5
  49.012350  9
  50.599487  9
  107.050404  9
  143.329876  9
  203.519122  9
  278.853433  9
  369.791965  9
  476.120778  9
  597.768671  9
  0.000025  9.5
  82.266747  9.5
  95.355329  9.5
  144.950415  9.5
  203.433170  9.5
  278.855694  9.5
  369.791934  9.5
  476.120779  9.5
  597.768671  9.5
  42.351872  8
  44.910959  8
  93.050623  8
  132.601614  8
  192.855483  8
  268.480252  8
  359.563993  8
  465.983939  8
  0.000107  8.5
  69.355545  8.5
  85.828631  8.5
  133.309840  8.5
  192.828544  8.5
  268.480741  8.5
  359.563989  8.5
  465.983939  8.5
  35.557968  7
  39.470286  7
  81.149502  7
  123.187884  7
  183.593161  7
  259.411796  7
  350.599613  7
  0.000445  7.5
  57.369523  7.5
  77.156893  7.5
  123.454055  7.5
  183.586336  7.5
  259.411872  7.5
  350.599612  7.5
  28.756637  6
  34.370288  6
  71.369379  6
  115.101833  6
  175.668829  6
  251.616191  6
  0.001806  6.5
  46.621024  6.5
  69.457508  6.5
  115.183497  6.5
  175.667576  6.5
  251.616198  6.5
  22.193046  5
  29.715032  5
  63.584258  5
  108.333141  5
  169.034747  5
  0.007097  5.5
  37.357335  5.5
  62.829984  5.5
  108.351563  5.5
  169.034621  5.5
  16.179962  4
  25.614095  4
  57.573757  4
  102.856246  4
  0.026593  4.5
  29.764010  4.5
  57.351186  4.5
  102.858571  4.5
  11.008122  3
  22.178945  3
  53.110242  3
  0.092875  3.5
  23.964247  3.5
  53.072412  3.5
  6.877130  2
  19.525487  2
  0.292880  2.5
  19.997887  2.5
  3.862632  1
  0.806707  1.5
