  101.006217  10
  188.419580  10
  446.308833  10
  820.745323  10
  1321.971658  10
  1948.928723  10
  2701.460452  10
  3579.504892  10
  4583.034313  10
  5712.034774  10
  0.555819  10.5
  209.648790  10.5
  445.359796  10.5
  820.759147  10.5
  1321.971563  10.5
  1948.928724  10.5
  2701.460452  10.5
  3579.504892  10.5
  4583.034313  10.5
  5712.034774  10.5
  88.202906  9
  180.118153  9
  435.766686  9
  810.735847  9
  1312.093172  9
  1939.118384  9
  2691.689306  9
  3569.758351  9
  4573.304223  9
  0.825997  9.5
  195.904405  9.5
  435.210140  9.5
  810.742239  9.5
  1312.093139  9.5
  1939.118384  9.5
  2691.689306  9.5
  3569.758351  9.5
  4573.304223  9.5
  76.315403  8
  172.499412  8
  426.434181  8
  801.803614  8
  1303.269784  8
  1930.350966  8
  2682.954071  8
  3561.043310  8
  1.214068  8.5
  183.777812  8.5
  426.129263  8.5
  801.806281  8.5
  1303.269774  8.5
  1930.350966  8.5
  2682.954071  8.5
  3561.043310  8.5
  65.378914  7
  165.599616  7
  418.273377  7
  793.941009  7
  1295.496383  7
  1922.623048  7
  2675.252289  7
  1.762727  7.5
  173.258308  7.5
  418.120356  7.5
  793.941980  7.5
  1295.496380  7.5
  1922.623048  7.5
  2675.252289  7.5
  55.416003  6
  159.457256  6
  411.252952  6
  787.141137  6
  1288.768475  6
  1915.931610  6
  2.525082  6.5
  164.322203  6.5
  411.184737  6.5
  787.141429  6.5
  1288.768474  6.5
  1915.931610  6.5
  46.436216  5
  154.113784  5
  405.347780  5
  781.397907  5
  1283.082178  5
  3.564755  5.5
  156.932576  5.5
  405.322137  5.5
  781.397972  5.5
  1283.082178  5.5
  38.435782  4
  149.614398  4
  400.538382  4
  776.706097  4
  4.954944  4.5
  151.039970  4.5
  400.531041  4.5
  776.706105  4.5
  31.397425  3
  146.008810  3
  396.810305  3
  6.776379  3.5
  146.584133  3.5
  396.809080  3.5
  25.290345  2
  143.351895  2
  9.114299  2.5
  143.496642  2.5
  20.070484  1
  12.054834  1.5
