  105.681753  10
  208.861521  10
  501.616781  10
  929.584158  10
  1502.016526  10
  2217.967970  10
  3077.286219  10
  4079.911570  10
  5225.817306  10
  6514.990000  10
  0.822787  10.5
  228.962084  10.5
  500.840073  10.5
  929.594023  10.5
  1502.016467  10.5
  2217.967970  10.5
  3077.286219  10.5
  4079.911570  10.5
  5225.817306  10.5
  6514.990000  10.5
  92.616653  9
  200.449861  9
  491.168564  9
  919.613647  9
  1492.170844  9
  2208.186756  9
  3067.542077  9
  4070.190695  9
  5216.111985  9
  1.184137  9.5
  215.360159  9.5
  490.713470  9.5
  919.618206  9.5
  1492.170823  9.5
  2208.186756  9.5
  3067.542077  9.5
  4070.190695  9.5
  5216.111985  9.5
  80.487388  8
  192.740220  8
  481.904424  8
  910.713432  8
  1483.374842  8
  2199.444086  8
  3058.830062  8
  4061.497911  8
  1.686790  8.5
  203.367841  8.5
  481.655261  8.5
  910.715334  8.5
  1483.374836  8.5
  2199.444086  8.5
  3058.830062  8.5
  4061.497911  8.5
  69.320351  7
  185.767490  7
  473.792405  7
  902.876771  7
  1475.624072  7
  2191.736975  7
  3051.148029  7
  2.375884  7.5
  192.968524  7.5
  473.667434  7.5
  902.877463  7.5
  1475.624071  7.5
  2191.736975  7.5
  3051.148029  7.5
  59.130725  6
  179.568835  6
  466.806152  6
  896.097589  6
  1468.914619  6
  2185.062791  6
  3.305798  6.5
  184.134058  6.5
  466.750465  6.5
  896.097797  6.5
  1468.914619  6.5
  2185.062791  6.5
  49.922210  5
  174.184310  5
  460.924504  5
  890.370541  5
  1463.243100  5
  4.539848  5.5
  176.824900  5.5
  460.903578  5.5
  890.370587  5.5
  1463.243100  5.5
  41.686811  4
  169.657504  4
  456.131024  4
  885.691057  4
  6.149132  4.5
  170.991045  4.5
  456.125035  4.5
  885.691063  4.5
  34.404726  3
  166.036149  3
  452.413477  3
  8.210555  3.5
  166.573728  3.5
  452.412478  3.5
  28.044378  2
  163.372598  2
  10.804174  2.5
  163.507740  2.5
  22.562710  1
  14.010179  1.5
