  48.302797  10
  48.413658  10
  114.940033  10
  127.271662  10
  168.022398  10
  214.127973  10
  271.626036  10
  339.237770  10
  416.822993  10
  504.291154  10
  0.000000  10.5
  87.915613  10.5
  89.985732  10.5
  136.322776  10.5
  166.687855  10.5
  214.213547  10.5
  271.623095  10.5
  339.237826  10.5
  416.822992  10.5
  504.291154  10.5
  43.016090  9
  43.256359  9
  98.331096  9
  114.551961  9
  153.777541  9
  200.993381  9
  258.810768  9
  326.637041  9
  404.363126  9
  0.000000  9.5
  76.562509  9.5
  80.165185  9.5
  119.557310  9.5
  153.264708  9.5
  201.016975  9.5
  258.810207  9.5
  326.637048  9.5
  404.363126  9.5
  37.652622  8
  38.154332  8
  82.975935  8
  102.958581  8
  141.564003  8
  189.427191  8
  247.486046  8
  315.466950  8
  0.000002  8.5
  65.016449  8.5
  70.775271  8.5
  105.345886  8.5
  141.398056  8.5
  189.432370  8.5
  247.485970  8.5
  315.466951  8.5
  32.162375  7
  33.158018  7
  69.354638  7
  92.647705  7
  131.129810  7
  179.371737  7
  237.602931  7
  0.000014  7.5
  53.604024  7.5
  61.992047  7.5
  93.599668  7.5
  131.086872  7.5
  179.372547  7.5
  237.602925  7.5
  26.506628  6
  28.347004  6
  57.832294  6
  83.726322  6
  122.304050  6
  170.771564  6
  0.000089  6.5
  42.814733  6.5
  54.002528  6.5
  84.029290  6.5
  122.296061  6.5
  170.771632  6.5
  20.740524  5
  23.832973  5
  48.599504  5
  76.246004  5
  114.974445  5
  0.000564  5.5
  33.139525  5.5
  46.985948  5.5
  76.315839  5.5
  114.973634  5.5
  15.113681  4
  19.754306  4
  41.593520  4
  70.208313  4
  0.003413  4.5
  24.969968  4.5
  41.096849  4.5
  70.217237  4.5
  10.040736  3
  16.263637  3
  36.538445  3
  0.019172  3.5
  18.584776  3.5
  36.452104  3.5
  5.920802  2
  13.517482  2
  0.094987  2.5
  14.152120  2.5
  2.982064  1
  0.386475  1.5
