  48.879466  10
  49.018001  10
  115.407011  10
  129.138625  10
  171.097526  10
  219.382318  10
  279.293277  10
  349.700517  10
  430.465092  10
  521.501296  10
  0.000000  10.5
  88.629761  10.5
  91.089794  10.5
  137.497200  10.5
  169.951821  10.5
  219.451672  10.5
  279.291011  10.5
  349.700559  10.5
  430.465092  10.5
  521.501296  10.5
  43.507699  9
  43.800319  9
  98.785105  9
  116.473835  9
  157.113871  9
  206.407733  9
  266.625206  9
  337.235833  9
  418.134245  9
  0.000000  9.5
  77.060793  9.5
  81.216440  9.5
  121.033753  9.5
  156.676771  9.5
  206.426798  9.5
  266.624774  9.5
  337.235838  9.5
  418.134245  9.5
  38.050421  8
  38.645647  8
  83.509492  8
  104.959263  8
  145.088058  8
  194.976341  8
  255.424292  8
  326.181879  8
  0.000003  8.5
  65.345537  8.5
  71.803290  8.5
  107.108718  8.5
  144.947274  8.5
  194.980518  8.5
  255.424234  8.5
  326.181879  8.5
  32.457749  7
  33.607754  7
  70.027242  7
  94.738044  7
  134.791242  7
  185.032266  7
  245.644497  7
  0.000019  7.5
  53.840850  7.5
  63.024188  7.5
  95.587954  7.5
  134.754924  7.5
  185.032919  7.5
  245.644492  7.5
  26.699846  6
  28.768940  6
  58.669971  6
  85.904995  6
  126.068714  6
  176.522600  6
  0.000121  6.5
  43.033087  6.5
  55.060209  6.5
  86.174069  6.5
  126.061969  6.5
  176.522655  6.5
  20.852355  5
  24.241645  5
  49.591020  5
  78.502516  5
  118.817688  5
  0.000730  5.5
  33.388304  5.5
  48.082371  5.5
  78.564353  5.5
  118.817004  5.5
  15.182571  4
  20.162263  4
  42.698251  4
  72.527205  4
  0.004208  4.5
  25.272574  4.5
  42.236443  4.5
  72.535094  4.5
  10.100555  3
  16.679249  3
  37.711479  3
  0.022495  3.5
  18.945873  3.5
  37.631437  3.5
  5.984823  2
  13.944396  2
  0.106252  2.5
  14.561983  2.5
  3.045119  1
  0.414626  1.5
