  39.318913  10
  39.318929  10
  104.681377  10
  104.715908  10
  148.587215  10
  152.709780  10
  175.505146  10
  196.861260  10
  224.008823  10
  255.254013  10
  0.000000  10.5
  74.261312  10.5
  74.262407  10.5
  130.057372  10.5
  130.615192  10.5
  161.077443  10.5
  173.666016  10.5
  197.022554  10.5
  224.002424  10.5
  255.254111  10.5
  35.168206  9
  35.168298  9
  92.094763  9
  92.235376  9
  125.976136  9
  133.687390  9
  154.390880  9
  177.593114  9
  205.307049  9
  0.000000  9.5
  65.944203  9.5
  65.949674  9.5
  112.573622  9.5
  114.238977  9.5
  137.383833  9.5
  153.941037  9.5
  177.614925  9.5
  205.306661  9.5
  31.016581  8
  31.017104  8
  79.326756  8
  79.836201  8
  104.718278  8
  116.317697  8
  136.690692  8
  160.803228  8
  0.000000  8.5
  57.611431  8.5
  57.637165  8.5
  94.542726  8.5
  98.468526  8.5
  117.448136  8.5
  136.619798  8.5
  160.804727  8.5
  26.862807  7
  26.865649  7
  66.167859  7
  67.706271  7
  86.263148  7
  101.057821  7
  121.748734  7
  0.000000  7.5
  49.231845  7.5
  49.343068  7.5
  76.738417  7.5
  83.822503  7.5
  101.273586  7.5
  121.743096  7.5
  22.702141  6
  22.716745  6
  52.659837  6
  56.210781  6
  71.440538  6
  88.123370  6
  0.000000  6.5
  40.712264  6.5
  41.135389  6.5
  60.571315  6.5
  70.845149  6.5
  88.143777  6.5
  18.515720  5
  18.584711  5
  39.704719  5
  45.855955  5
  60.003751  5
  0.000000  5.5
  31.894468  5.5
  33.198999  5.5
  47.266352  5.5
  59.933770  5.5
  14.240695  4
  14.524935  4
  28.592003  4
  37.143932  4
  0.000001  4.5
  22.950763  4.5
  25.889386  4.5
  37.364403  4.5
  9.782356  3
  10.695809  3
  20.280323  3
  0.000044  3.5
  14.855086  3.5
  19.680598  3.5
  5.424249  2
  7.406321  2
  0.001537  2.5
  8.680526  2.5
  2.112758  1
  0.038505  1.5
