  58.448379  10
  60.196585  10
  128.197539  10
  170.261931  10
  241.155383  10
  329.781227  10
  436.811432  10
  561.969358  10
  705.167040  10
  866.359822  10
  0.000025  10.5
  98.655628  10.5
  113.502622  10.5
  172.428419  10.5
  241.031021  10.5
  329.784884  10.5
  436.811371  10.5
  561.969358  10.5
  705.167040  10.5
  866.359822  10.5
  51.360300  9
  54.082899  9
  112.804652  9
  158.536633  9
  229.459399  9
  318.422693  9
  425.617594  9
  550.878968  9
  694.145641  9
  0.000094  9.5
  84.698265  9.5
  103.171595  9.5
  159.584115  9.5
  229.414187  9.5
  318.423676  9.5
  425.617582  9.5
  550.878968  9.5
  694.145641  9.5
  44.127497  8
  48.192861  8
  99.441203  8
  148.088386  8
  219.151860  8
  308.347835  8
  415.665045  8
  541.003137  8
  0.000347  8.5
  71.565923  8.5
  93.647161  8.5
  148.539598  8.5
  219.137763  8.5
  308.348047  8.5
  415.665044  8.5
  541.003137  8.5
  36.833628  7
  42.605772  7
  88.164533  7
  138.935851  7
  210.170920  7
  299.527103  7
  406.932584  7
  0.001255  7.5
  59.553664  7.5
  85.037610  7.5
  139.103827  7.5
  210.167361  7.5
  299.527136  7.5
  406.932584  7.5
  29.662051  6
  37.411491  6
  78.906981  6
  131.076783  6
  202.469264  6
  291.934471  6
  0.004428  6.5
  48.904293  6.5
  77.438122  6.5
  131.128008  6.5
  202.468612  6.5
  291.934474  6.5
  22.875950  5
  32.706217  5
  71.498728  5
  124.493618  5
  196.009818  5
  0.015116  5.5
  39.808272  5.5
  70.926809  5.5
  124.505130  5.5
  196.009753  5.5
  16.756739  4
  28.588714  4
  65.729291  4
  119.160080  4
  0.049251  4.5
  32.406782  4.5
  65.561858  4.5
  119.161530  4.5
  11.539207  3
  25.159345  3
  61.408525  3
  0.150092  3.5
  26.785244  3.5
  61.380190  3.5
  7.371143  2
  22.524508  2
  0.417037  2.5
  22.950913  2.5
  4.295105  1
  1.031255  1.5
