  189.925379  10
  645.825244  10
  1704.284977  10
  3288.784212  10
  5402.571394  10
  8045.145048  10
  11216.376421  10
  14916.216915  10
  19144.644869  10
  23901.649433  10
  15.857107  10.5
  656.972162  10.5
  1704.176462  10.5
  3288.784578  10.5
  5402.571394  10.5
  8045.145048  10.5
  11216.376421  10.5
  14916.216915  10.5
  19144.644869  10.5
  23901.649433  10.5
  173.425968  9
  636.500175  9
  1694.264193  9
  3279.012973  9
  5392.891874  9
  8035.511685  9
  11206.769509  9
  14906.626563  9
  19135.065569  9
  18.609886  9.5
  644.652895  9.5
  1694.200832  9.5
  3279.013142  9.5
  5392.891874  9.5
  8035.511685  9.5
  11206.769509  9.5
  14906.626563  9.5
  19135.065569  9.5
  157.883666  8
  628.038040  8
  1685.314873  8
  3270.275960  8
  5384.234763  8
  8026.894731  8
  11198.175556  8
  14898.047006  8
  21.758751  8.5
  633.773870  8.5
  1685.280284  8.5
  3270.276031  8.5
  5384.234763  8.5
  8026.894731  8.5
  11198.175556  8.5
  14898.047006  8.5
  143.287782  7
  620.463507  7
  1677.430916  7
  3262.571287  7
  5376.598890  7
  8019.293395  7
  11190.593994  7
  25.343414  7.5
  624.304503  7.5
  1677.413608  7.5
  3262.571313  7.5
  5376.598890  7.5
  8019.293395  7.5
  11190.593994  7.5
  129.624486  6
  613.802463  6
  1670.607211  6
  3255.897285  6
  5369.983220  6
  8012.706980  6
  29.404542  6.5
  616.212393  6.5
  1670.599514  6.5
  3255.897292  6.5
  5369.983220  6.5
  8012.706980  6.5
  116.876836  5
  608.082061  5
  1664.839572  5
  3250.252505  5
  5364.386860  5
  33.983352  5.5
  609.463679  5.5
  1664.836684  5.5
  3250.252507  5.5
  5364.386860  5.5
  105.024819  4
  603.330753  4
  1660.124658  4
  3245.635722  4
  39.121182  4.5
  604.023413  4.5
  1660.123832  4.5
  3245.635722  4.5
  94.045420  3
  599.578292  3
  1656.459901  3
  44.859065  3.5
  599.855934  3.5
  1656.459763  3.5
  83.912719  2
  596.855713  2
  51.237305  2.5
  596.925227  2.5
  74.598023  1
  58.295073  1.5
