  39.888325  10
  39.888402  10
  105.770439  10
  105.883344  10
  147.414438  10
  154.841600  10
  179.002865  10
  204.871643  10
  236.216764  10
  272.091005  10
  0.000000  10.5
  75.228262  10.5
  75.232673  10.5
  130.508873  10.5
  131.922510  10.5
  160.569566  10.5
  178.104334  10.5
  204.932347  10.5
  236.214798  10.5
  272.091030  10.5
  35.672074  9
  35.672452  9
  92.860706  9
  93.241014  9
  124.983170  9
  136.524079  9
  159.793217  9
  186.894281  9
  218.726103  9
  0.000000  9.5
  66.768405  9.5
  66.786840  9.5
  112.262853  9.5
  115.626179  9.5
  138.744763  9.5
  159.591918  9.5
  186.902161  9.5
  218.725986  9.5
  31.454149  8
  31.455945  8
  79.643126  8
  80.769894  8
  104.728739  8
  120.056804  8
  143.433162  8
  171.191393  8
  0.000000  8.5
  58.276540  8.5
  58.348886  8.5
  93.802269  8.5
  100.194795  8.5
  120.664257  8.5
  143.402999  8.5
  171.191920  8.5
  27.231913  7
  27.240094  7
  65.975894  7
  68.724685  7
  87.704417  7
  105.726518  7
  129.489449  7
  0.000000  7.5
  49.695942  7.5
  49.955846  7.5
  76.258348  7.5
  86.115670  7.5
  105.834940  7.5
  129.487122  7.5
  22.996053  6
  23.031225  6
  52.258230  6
  57.501240  6
  74.173629  6
  93.611787  6
  0.000000  6.5
  40.898326  6.5
  41.713573  6.5
  60.881727  6.5
  73.818201  6.5
  93.621678  6.5
  18.715336  5
  18.854089  5
  39.567732  5
  47.560852  5
  63.598580  5
  0.000000  5.5
  31.788453  5.5
  33.850617  5.5
  48.566592  5.5
  63.558711  5.5
  14.310020  4
  14.785450  4
  28.993220  4
  39.303351  4
  0.000005  4.5
  22.785022  4.5
  26.729891  4.5
  39.451351  4.5
  9.730091  3
  11.004958  3
  21.249263  3
  0.000128  3.5
  14.890977  3.5
  20.773878  3.5
  5.388332  2
  7.810868  2
  0.003148  2.5
  8.983165  2.5
  2.162497  1
  0.056054  1.5
