  38.138167  10
  38.138167  10
  102.287874  10
  102.287888  10
  150.100112  10
  150.126823  10
  179.195452  10
  182.422579  10
  196.660645  10
  211.020604  10
  -0.000000  10.5
  72.238111  10.5
  72.238111  10.5
  128.263542  10.5
  128.264380  10.5
  167.463963  10.5
  167.915736  10.5
  186.911088  10.5
  195.954706  10.5
  211.051085  10.5
  34.122440  9
  34.122440  9
  90.233534  9
  90.233724  9
  129.836571  9
  130.029596  9
  149.927243  9
  156.768512  9
  170.293933  9
  -0.000000  9.5
  64.205390  9.5
  64.205393  9.5
  112.169200  9.5
  112.177618  9.5
  142.337841  9.5
  144.257188  9.5
  157.911511  9.5
  170.234019  9.5
  30.106642  8
  30.106642  8
  78.174319  8
  78.176513  8
  109.158677  8
  110.174328  8
  123.598682  8
  133.821603  8
  -0.000000  8.5
  56.171979  8.5
  56.172011  8.5
  96.026437  8.5
  96.097984  8.5
  116.990280  8.5
  121.860098  8.5
  133.936543  8.5
  26.090730  7
  26.090733  7
  66.098022  7
  66.120093  7
  87.986351  7
  91.190381  7
  101.988048  7
  0.000000  7.5
  48.137187  7.5
  48.137622  7.5
  79.669830  7.5
  80.135455  7.5
  93.655369  7.5
  101.774582  7.5
  22.074598  6
  22.074651  6
  53.933286  6
  54.111285  6
  67.973562  6
  74.079280  6
  0.000000  6.5
  40.097781  6.5
  40.103011  6.5
  62.823745  6.5
  64.717117  6.5
  74.458454  6.5
  18.057728  5
  18.058514  5
  41.438360  5
  42.398104  5
  51.349414  5
  0.000000  5.5
  32.030864  5.5
  32.083633  5.5
  46.432698  5.5
  50.716130  5.5
  14.035557  4
  14.045671  4
  28.927499  4
  31.659813  4
  0.000000  4.5
  23.808478  4.5
  24.194203  4.5
  32.634823  4.5
  9.968650  3
  10.071578  3
  18.243503  3
  0.000000  3.5
  15.379421  3.5
  16.881033  3.5
  5.736034  2
  6.349466  2
  0.000017  2.5
  8.069965  2.5
  2.011654  1
  0.003895  1.5
