  41.663519  10
  41.664921  10
  108.730744  10
  109.636798  10
  146.220407  10
  163.853554  10
  194.657577  10
  230.828656  10
  273.000657  10
  320.858734  10
  0.000000  10.5
  78.190353  10.5
  78.245214  10.5
  130.740395  10.5
  136.962719  10.5
  165.707341  10.5
  194.501420  10.5
  230.835324  10.5
  273.000513  10.5
  320.858736  10.5
  37.240005  9
  37.244981  9
  94.592138  9
  96.691659  9
  125.906838  9
  147.372018  9
  178.406109  9
  215.162116  9
  257.660354  9
  0.000000  9.5
  69.243616  9.5
  69.408002  9.5
  111.352003  9.5
  121.253648  9.5
  147.955099  9.5
  178.374368  9.5
  215.162939  9.5
  257.660346  9.5
  32.809683  8
  32.826775  8
  80.042488  8
  84.231768  8
  108.723050  8
  132.843445  8
  164.266354  8
  201.396819  8
  0.000000  8.5
  60.175532  8.5
  60.634948  8.5
  93.145684  8.5
  106.884081  8.5
  132.982547  8.5
  164.261876  8.5
  201.396872  8.5
  28.361619  7
  28.417834  7
  65.544141  7
  72.577651  7
  94.695752  7
  120.297473  7
  152.068753  7
  0.000000  7.5
  50.868265  7.5
  52.027952  7.5
  77.070788  7.5
  94.155886  7.5
  120.320426  7.5
  152.068420  7.5
  23.866800  6
  24.040746  6
  51.979321  6
  62.079056  6
  83.358754  6
  109.675233  6
  0.000000  6.5
  41.253783  6.5
  43.772617  6.5
  63.801493  6.5
  83.250652  6.5
  109.677234  6.5
  19.262046  5
  19.752933  5
  40.219728  5
  53.044040  5
  74.226860  5
  0.000004  5.5
  31.623334  5.5
  36.140312  5.5
  53.489764  5.5
  74.215416  5.5
  14.479215  4
  15.674443  4
  30.905582  4
  45.676237  4
  0.000062  4.5
  22.720473  4.5
  29.448805  4.5
  45.736715  4.5
  9.663338  3
  12.003587  3
  24.277760  3
  0.000917  3.5
  15.322363  3.5
  23.999339  3.5
  5.394072  2
  8.994327  2
  0.011829  2.5
  9.961859  2.5
  2.321782  1
  0.114427  1.5
