  39.912388  10
  39.912469  10
  105.815209  10
  105.932870  10
  147.371140  10
  154.941639  10
  179.177579  10
  205.214701  10
  236.724979  10
  272.781326  10
  0.000000  10.5
  75.268975  10.5
  75.273608  10.5
  130.522073  10.5
  131.980986  10.5
  160.578929  10.5
  178.304038  10.5
  205.273193  10.5
  236.723098  10.5
  272.781350  10.5
  35.693358  9
  35.693756  9
  92.890799  9
  93.284435  9
  124.957694  9
  136.653013  9
  160.031386  9
  187.282738  9
  219.276645  9
  0.000000  9.5
  66.802971  9.5
  66.822207  9.5
  112.247072  9.5
  115.689901  9.5
  138.828381  9.5
  159.836188  9.5
  187.290322  9.5
  219.276534  9.5
  31.472617  8
  31.474493  8
  79.653551  8
  80.811337  8
  104.747832  8
  120.220007  8
  143.716750  8
  171.617932  8
  0.000000  8.5
  58.304119  8.5
  58.379129  8.5
  93.776501  8.5
  100.273357  8.5
  120.812985  8.5
  143.687546  8.5
  171.618439  8.5
  27.247451  7
  27.255942  7
  65.967300  7
  68.770480  7
  87.778436  7
  105.923411  7
  129.807682  7
  0.000000  7.5
  49.714569  7.5
  49.982273  7.5
  76.248227  7.5
  86.216529  7.5
  106.029037  7.5
  129.805430  7.5
  23.008328  6
  23.044603  6
  52.245175  6
  57.558146  6
  74.292747  6
  93.837686  6
  0.000000  6.5
  40.905052  6.5
  41.738989  6.5
  60.904223  6.5
  73.944279  6.5
  93.847311  6.5
  18.723488  5
  18.865684  5
  39.566985  5
  47.633456  5
  63.747171  5
  0.000000  5.5
  31.784360  5.5
  33.879221  5.5
  48.626037  5.5
  63.708139  5.5
  14.312707  4
  14.796764  4
  29.013373  4
  39.392469  4
  0.000005  4.5
  22.780092  4.5
  26.765743  4.5
  39.538251  4.5
  9.728287  3
  11.018140  3
  21.290156  3
  0.000133  3.5
  14.894057  3.5
  20.818978  3.5
  5.387407  2
  7.827505  2
  0.003229  2.5
  8.996074  2.5
  2.164613  1
  0.056808  1.5
