  58.818756  10
  60.696283  10
  128.958397  10
  172.327461  10
  244.670876  10
  335.156937  10
  444.401045  10
  572.136391  10
  718.276629  10
  882.777973  10
  0.000030  10.5
  99.032233  10.5
  114.584451  10.5
  174.383328  10.5
  244.555909  10.5
  335.160239  10.5
  444.400992  10.5
  572.136392  10.5
  718.276629  10.5
  882.777973  10.5
  51.653816  9
  54.551634  9
  113.639543  9
  160.635490  9
  233.024266  9
  323.837901  9
  433.243243  9
  561.079836  9
  707.287609  9
  0.000110  9.5
  85.026435  9.5
  104.246080  9.5
  161.627430  9.5
  232.982499  9.5
  323.838789  9.5
  433.243233  9.5
  561.079836  9.5
  707.287609  9.5
  44.348627  8
  48.637322  8
  100.356146  8
  150.220046  8
  222.755786  8
  313.796231  8
  423.321382  8
  551.233124  8
  0.000399  8.5
  71.874535  8.5
  94.723247  8.5
  150.646728  8.5
  222.742770  8.5
  313.796423  8.5
  423.321380  8.5
  551.233124  8.5
  36.994308  7
  43.032683  7
  89.153696  7
  141.097452  7
  213.805958  7
  305.003092  7
  414.614790  7
  0.001417  7.5
  59.863279  7.5
  86.121750  7.5
  141.256148  7.5
  213.802673  7.5
  305.003122  7.5
  414.614790  7.5
  29.779731  6
  37.827024  6
  79.955596  6
  133.264045  6
  206.129043  6
  297.433097  6
  0.004919  6.5
  49.227896  6.5
  78.534225  6.5
  133.312411  6.5
  206.128442  6.5
  297.433099  6.5
  22.968240  5
  33.115512  5
  72.589084  5
  126.701688  5
  199.689059  5
  0.016519  5.5
  40.152825  5.5
  72.036402  5.5
  126.712553  5.5
  199.688998  5.5
  16.836450  4
  28.995642  4
  66.846107  4
  121.384175  4
  0.052955  4.5
  32.774409  4.5
  66.684438  4.5
  121.385544  4.5
  11.612542  3
  25.566544  3
  62.541075  3
  0.158855  3.5
  27.173806  3.5
  62.513728  3.5
  7.438616  2
  22.933577  2
  0.435009  2.5
  23.354670  2.5
  4.353722  1
  1.062465  1.5
