  68.898963  10
  77.857984  10
  161.707311  10
  249.708232  10
  375.029973  10
  532.240204  10
  721.266430  10
  941.977201  10
  1194.317603  10
  1478.260002  10
  0.001449  10.5
  111.868813  10.5
  154.422059  10.5
  250.199384  10.5
  375.015558  10.5
  532.240430  10.5
  721.266428  10.5
  941.977201  10.5
  1194.317603  10.5
  1478.260002  10.5
  59.591770  9
  70.954228  9
  148.485659  9
  238.786116  9
  364.314752  9
  521.697172  9
  710.819044  9
  931.589847  9
  1183.970399  9
  0.003682  9.5
  97.252241  9.5
  144.025387  9.5
  239.016103  9.5
  364.309573  9.5
  521.697232  9.5
  710.819044  9.5
  931.589847  9.5
  1183.970399  9.5
  50.477730  8
  64.452826  8
  137.135150  8
  229.082010  8
  354.798100  8
  512.309136  8
  701.503722  8
  922.320191  8
  0.009223  8.5
  83.995681  8.5
  134.609518  8.5
  229.178901  8.5
  354.796499  8.5
  512.309149  8.5
  701.503722  8.5
  922.320191  8.5
  41.749990  7
  58.421361  7
  127.524798  7
  220.582262  7
  346.455145  7
  504.060926  7
  693.309639  7
  0.022682  7.5
  72.225711  7.5
  126.226144  7.5
  220.617790  7.5
  346.454743  7.5
  504.060928  7.5
  693.309639  7.5
  33.607892  6
  52.928614  6
  119.505676  6
  213.269000  6
  339.264935  6
  496.939215  6
  0.054477  6.5
  62.043458  6.5
  118.916608  6.5
  213.279725  6.5
  339.264862  6.5
  496.939215  6.5
  26.231045  5
  48.044096  5
  112.935507  5
  207.122563  5
  333.209863  5
  0.126860  5.5
  53.522549  5.5
  112.711364  5.5
  207.124957  5.5
  333.209856  5.5
  19.760641  4
  43.838977  4
  107.694700  4
  202.123610  4
  0.283806  4.5
  46.702221  4.5
  107.629999  4.5
  202.123910  4.5
  14.288683  3
  40.388900  3
  103.692885  3
  0.603646  3.5
  41.576304  3.5
  103.682026  3.5
  9.852356  2
  37.778920  2
  1.208562  2.5
  38.083718  2.5
  6.430927  1
  2.261429  1.5
