  52.199740  10
  52.607303  10
  118.596748  10
  141.089525  10
  191.301360  10
  252.368488  10
  326.878725  10
  414.220045  10
  514.270894  10
  626.965773  10
  0.000001  10.5
  92.383680  10.5
  97.880043  10.5
  146.337553  10.5
  190.800337  10.5
  252.391245  10.5
  326.878153  10.5
  414.220053  10.5
  514.270894  10.5
  626.965773  10.5
  46.297757  9
  47.056325  9
  102.177527  9
  128.758122  9
  178.433831  9
  240.130416  9
  314.883749  9
  402.380328  9
  502.534143  9
  0.000004  9.5
  79.713076  9.5
  87.772497  9.5
  131.450357  9.5
  178.247768  9.5
  240.136600  9.5
  314.883641  9.5
  402.380329  9.5
  502.534143  9.5
  40.262907  8
  41.619062  8
  87.486374  8
  117.665250  8
  167.225697  8
  229.317584  8
  304.251022  8
  391.861018  8
  0.000022  8.5
  67.245662  8.5
  78.274562  8.5
  118.874195  8.5
  167.166824  8.5
  229.318928  8.5
  304.251008  8.5
  391.861018  8.5
  34.066656  7
  36.364350  7
  74.812973  7
  107.893395  7
  157.541680  7
  219.884887  7
  294.946684  7
  0.000111  7.5
  55.396841  7.5
  69.539740  7.5
  108.355877  7.5
  157.526668  7.5
  219.885096  7.5
  294.946683  7.5
  27.752028  6
  31.383769  6
  64.318374  6
  99.485613  6
  149.287775  6
  211.791646  6
  0.000546  6.5
  44.575168  6.5
  61.715214  6.5
  99.629083  6.5
  149.285008  6.5
  211.791664  6.5
  21.500733  5
  26.788327  5
  55.981557  5
  92.448814  5
  142.397100  5
  0.002593  5.5
  35.118880  5.5
  54.931406  5.5
  92.481396  5.5
  142.396821  5.5
  15.632698  4
  22.701117  4
  49.607734  4
  86.762930  4
  0.011740  4.5
  27.283738  4.5
  49.293594  4.5
  86.767059  4.5
  10.505435  3
  19.249682  3
  44.929808  3
  0.049385  3.5
  21.248256  3.5
  44.876022  3.5
  6.395248  2
  16.564494  2
  0.185529  2.5
  17.100039  2.5
  3.430809  1
  0.593722  1.5
