  38.010261  10
  38.010261  10
  102.021419  10
  102.021419  10
  150.008939  10
  150.008981  10
  181.852268  10
  181.947451  10
  196.102701  10
  200.785480  10
  0.000000  10.5
  72.017693  10.5
  72.017693  10.5
  128.019740  10.5
  128.019740  10.5
  167.978207  10.5
  167.981035  10.5
  191.078455  10.5
  192.305624  10.5
  201.345234  10.5
  34.009094  9
  34.009094  9
  90.017401  9
  90.017402  9
  129.995591  9
  129.996743  9
  153.378964  9
  154.210539  9
  162.926070  9
  -0.000000  9.5
  64.015265  9.5
  64.015265  9.5
  112.013083  9.5
  112.013096  9.5
  143.921085  9.5
  143.970976  9.5
  158.395626  9.5
  162.211317  9.5
  30.007921  8
  30.007921  8
  78.013098  8
  78.013102  8
  109.963936  8
  109.987891  8
  124.687483  8
  127.712747  8
  -0.000000  8.5
  56.012788  8.5
  56.012788  8.5
  96.004830  8.5
  96.005244  8.5
  119.609624  8.5
  120.139836  8.5
  128.604379  8.5
  26.006740  7
  26.006740  7
  66.008165  7
  66.008290  7
  89.775481  7
  90.088821  7
  98.369935  7
  -0.000000  7.5
  48.010223  7.5
  48.010224  7.5
  79.988279  7.5
  79.998543  7.5
  94.967126  7.5
  97.285743  7.5
  22.005544  6
  22.005545  6
  54.000035  6
  54.003795  6
  69.225393  6
  70.926200  6
  0.000000  6.5
  40.007472  6.5
  40.007501  6.5
  63.885460  6.5
  64.053280  6.5
  72.209342  6.5
  18.004318  5
  18.004322  5
  41.951046  5
  42.029521  5
  50.107301  5
  0.000000  5.5
  32.003771  5.5
  32.004858  5.5
  47.454911  5.5
  48.630087  5.5
  14.002921  4
  14.003127  4
  29.649888  4
  30.393615  4
  0.000000  4.5
  23.984564  4.5
  24.014393  4.5
  32.048288  4.5
  9.997583  3
  10.005305  3
  18.018141  3
  0.000000  3.5
  15.805921  3.5
  16.213381  3.5
  5.919993  2
  6.086345  2
  0.000000  2.5
  8.005185  2.5
  2.000864  1
  0.000288  1.5
