  46.127025  10
  46.168635  10
  113.273677  10
  120.740205  10
  157.744497  10
  195.507791  10
  244.123312  10
  301.445437  10
  367.347480  10
  441.713844  10
  0.000000  10.5
  85.026353  10.5
  85.975500  10.5
  132.893689  10.5
  155.306550  10.5
  195.708836  10.5
  244.114761  10.5
  301.445638  10.5
  367.347477  10.5
  441.713844  10.5
  41.144470  9
  41.245346  9
  96.926474  9
  107.836400  9
  142.226824  9
  181.643465  9
  230.628368  9
  288.219931  9
  354.296473  9
  0.000000  9.5
  74.515123  9.5
  76.395162  9.5
  114.969537  9.5
  141.251661  9.5
  181.699789  9.5
  230.626721  9.5
  288.219955  9.5
  354.296473  9.5
  36.115974  8
  36.351996  8
  81.381705  8
  95.935178  8
  129.102204  8
  169.458783  8
  218.734360  8
  276.517599  8
  0.000000  8.5
  63.709539  8.5
  67.125356  8.5
  99.534012  8.5
  128.778468  8.5
  169.471283  8.5
  218.734136  8.5
  276.517601  8.5
  30.998844  7
  31.524976  7
  67.262803  7
  85.248944  7
  118.015485  7
  158.891870  7
  208.377543  7
  0.000003  7.5
  52.766179  7.5
  58.343027  7.5
  86.748040  7.5
  117.930370  7.5
  158.893841  7.5
  208.377527  7.5
  25.735465  6
  26.830146  6
  55.080905  6
  75.942063  6
  108.708841  6
  149.876755  6
  0.000023  6.5
  42.120899  6.5
  50.255217  6.5
  76.432714  6.5
  108.692847  6.5
  149.876922  6.5
  20.308772  5
  22.372132  5
  45.185854  5
  68.113141  5
  101.017453  5
  0.000182  5.5
  32.348497  5.5
  43.075173  5.5
  68.228053  5.5
  101.015820  5.5
  14.877007  4
  18.294487  4
  37.664759  4
  61.792163  4
  0.001370  4.5
  23.959444  4.5
  36.996926  4.5
  61.806974  4.5
  9.846681  3
  14.766893  3
  32.292216  3
  0.009566  3.5
  17.324095  3.5
  32.174352  3.5
  5.700318  2
  11.967580  2
  0.058571  2.5
  12.677475  2.5
  2.753160  1
  0.287234  1.5
