  38.634323  10
  38.634324  10
  103.310513  10
  103.313410  10
  149.906635  10
  150.865578  10
  174.401630  10
  187.737792  10
  208.551745  10
  232.671724  10
  0.000000  10.5
  73.090917  10.5
  73.090979  10.5
  129.140427  10.5
  129.213273  10.5
  164.011615  10.5
  169.428483  10.5
  188.517638  10.5
  208.505013  10.5
  232.672738  10.5
  34.562008  9
  34.562013  9
  91.051388  9
  91.068562  9
  128.189868  9
  131.032737  9
  149.270188  9
  165.933510  9
  187.351882  9
  0.000000  9.5
  64.940008  9.5
  64.940451  9.5
  112.575537  9.5
  112.907059  9.5
  138.240863  9.5
  147.695088  9.5
  166.053374  9.5
  187.348844  9.5
  30.489342  8
  30.489383  8
  78.741073  8
  78.832770  8
  106.280051  8
  112.298772  8
  128.534264  8
  146.941325  8
  0.000000  8.5
  56.784661  8.5
  56.787673  8.5
  95.599565  8.5
  96.827896  8.5
  115.129082  8.5
  128.242604  8.5
  146.950226  8.5
  26.416011  7
  26.416335  7
  66.262325  7
  66.680631  7
  85.860128  7
  95.387123  7
  111.471778  7
  0.000000  7.5
  48.616645  7.5
  48.635514  7.5
  78.097377  7.5
  81.403176  7.5
  96.045573  7.5
  111.446432  7.5
  22.340827  6
  22.343221  6
  53.381100  6
  54.850997  6
  68.623460  6
  80.856788  6
  0.000000  6.5
  40.400957  6.5
  40.506009  6.5
  61.059550  6.5
  67.289748  6.5
  80.926173  6.5
  18.257747  5
  18.274064  5
  40.320682  5
  43.838751  5
  55.334105  5
  0.000000  5.5
  32.015400  5.5
  32.497588  5.5
  46.179330  5.5
  55.154736  5.5
  14.136311  4
  14.233845  4
  28.419738  4
  34.303489  4
  0.000000  4.5
  23.324583  4.5
  24.898744  4.5
  34.727421  4.5
  9.874702  3
  10.331139  3
  19.106842  3
  0.000005  3.5
  14.967165  3.5
  18.238535  3.5
  5.527958  2
  6.867470  2
  0.000356  2.5
  8.323755  2.5
  2.053807  1
  0.018147  1.5
