  39.503873  10
  39.503901  10
  105.041014  10
  105.094435  10
  148.182680  10
  153.349829  10
  176.482249  10
  199.437322  10
  228.018749  10
  260.846317  10
  0.000000  10.5
  74.576111  10.5
  74.577937  10.5
  130.234638  10.5
  131.024149  10.5
  160.747161  10.5
  175.040442  10.5
  199.552028  10.5
  228.014521  10.5
  260.846377  10.5
  35.331913  9
  35.332067  9
  92.354636  9
  92.557718  9
  125.568401  9
  134.559606  9
  156.086206  9
  180.641161  9
  209.762017  9
  0.000000  9.5
  66.213169  9.5
  66.221715  9.5
  112.491128  9.5
  114.663350  9.5
  137.677999  9.5
  155.745875  9.5
  180.656422  9.5
  209.761763  9.5
  31.158825  8
  31.159646  8
  79.445154  8
  80.129536  8
  104.619777  8
  117.503579  8
  138.888140  8
  164.249986  8
  0.000000  8.5
  57.829991  8.5
  57.867615  8.5
  94.276605  8.5
  98.999322  8.5
  118.416902  8.5
  138.835581  8.5
  164.251024  8.5
  26.982987  7
  26.987174  7
  66.110133  7
  68.022625  7
  86.656468  7
  102.577060  7
  124.314721  7
  0.000000  7.5
  49.387489  7.5
  49.539520  7.5
  76.528003  7.5
  84.545904  7.5
  102.746759  7.5
  124.310591  7.5
  22.798318  6
  22.818473  6
  52.509284  6
  56.617228  6
  72.306750  6
  89.941299  6
  0.000000  6.5
  40.778858  6.5
  41.318151  6.5
  60.620162  6.5
  71.808858  6.5
  89.957120  6.5
  18.581997  5
  18.671147  5
  39.632452  5
  46.407001  5
  61.190645  5
  0.000000  5.5
  31.858604  5.5
  33.405002  5.5
  47.662937  5.5
  61.133197  5.5
  14.264561  4
  14.607964  4
  28.704450  4
  37.857911  4
  0.000002  4.5
  22.885623  4.5
  26.160748  4.5
  38.049713  4.5
  9.763249  3
  10.795644  3
  20.595444  3
  0.000065  3.5
  14.857961  3.5
  20.042210  3.5
  5.409223  2
  7.540416  2
  0.001998  2.5
  8.778241  2.5
  2.128844  1
  0.044144  1.5
