  38.350584  10
  38.350584  10
  102.728010  10
  102.728386  10
  150.130383  10
  150.380082  10
  176.145705  10
  184.396166  10
  201.720969  10
  221.492971  10
  -0.000000  10.5
  72.603655  10.5
  72.603661  10.5
  128.655200  10.5
  128.668285  10.5
  166.022751  10.5
  168.306027  10.5
  186.313597  10.5
  201.556061  10.5
  221.497635  10.5
  34.310651  9
  34.310652  9
  90.588371  9
  90.591381  9
  129.248248  9
  130.320787  9
  148.586676  9
  160.808111  9
  178.503661  9
  0.000000  9.5
  64.520491  9.5
  64.520548  9.5
  112.386548  9.5
  112.468126  9.5
  140.046015  9.5
  145.501717  9.5
  161.155779  9.5
  178.492044  9.5
  30.270535  8
  30.270540  8
  78.429960  8
  78.451737  8
  107.716514  8
  110.933221  8
  125.330709  8
  140.135150  8
  0.000000  8.5
  56.435348  8.5
  56.435867  8.5
  95.924140  8.5
  96.347837  8.5
  115.434348  8.5
  124.639826  8.5
  140.163429  8.5
  26.230106  7
  26.230161  7
  66.201384  7
  66.337371  7
  86.592217  7
  92.999967  7
  106.483775  7
  0.000000  7.5
  48.345352  7.5
  48.349735  7.5
  78.967299  7.5
  80.592106  7.5
  94.265651  7.5
  106.416962  7.5
  22.188942  6
  22.189490  6
  53.719819  6
  54.387338  6
  67.908120  6
  77.326322  6
  0.000000  6.5
  40.236484  6.5
  40.269479  6.5
  61.799370  6.5
  65.818726  6.5
  77.477793  6.5
  18.144743  5
  18.149772  5
  40.842475  5
  43.012742  5
  53.165437  5
  0.000000  5.5
  32.039525  5.5
  32.246298  5.5
  46.088756  5.5
  52.842107  5.5
  14.082416  4
  14.122952  4
  28.567674  4
  32.929004  4
  0.000000  4.5
  23.569521  4.5
  24.494460  4.5
  33.559280  4.5
  9.925118  3
  10.182218  3
  18.614981  3
  0.000001  3.5
  15.127078  3.5
  17.536149  3.5
  5.616252  2
  6.601380  2
  0.000109  2.5
  8.178130  2.5
  2.029642  1
  0.009945  1.5
