  253.043009  10
  1021.045904  10
  2743.665259  10
  5326.206425  10
  8770.648079  10
  13076.529316  10
  18243.725113  10
  24272.188410  10
  31161.898252  10
  38912.844152  10
  36.407136  10.5
  1029.860269  10.5
  2743.613175  10.5
  5326.206533  10.5
  8770.648079  10.5
  13076.529316  10.5
  18243.725113  10.5
  24272.188410  10.5
  31161.898252  10.5
  38912.844152  10.5
  234.503875  9
  1011.460965  9
  2733.696089  9
  5316.463578  9
  8760.992096  9
  13066.916936  9
  18234.137696  9
  24262.616613  9
  31152.336876  9
  41.015389  9.5
  1017.893665  9.5
  2733.665690  9.5
  5316.463628  9.5
  8760.992096  9.5
  13066.916936  9.5
  18234.137696  9.5
  24262.616613  9.5
  31152.336876  9.5
  216.896561  8
  1002.786744  8
  2724.785664  8
  5307.749773  8
  8752.354680  8
  13058.317836  8
  18225.560525  8
  24254.053160  8
  46.097468  8.5
  1007.303618  8.5
  2724.769074  8.5
  5307.749793  8.5
  8752.354680  8.5
  13058.317836  8.5
  18225.560525  8.5
  24254.053160  8.5
  200.208201  7
  995.044309  7
  2716.930599  7
  5300.063850  7
  8744.735115  7
  13050.731533  7
  18217.993251  7
  51.685555  7.5
  998.063808  7.5
  2716.922300  7.5
  5300.063857  7.5
  8744.735115  7.5
  13050.731533  7.5
  18217.993251  7.5
  184.424042  6
  988.255522  6
  2710.128042  6
  5293.404787  6
  8738.132769  6
  13044.157598  6
  57.811974  6.5
  990.147187  6.5
  2710.124353  6.5
  5293.404789  6.5
  8738.132769  6.5
  13044.157598  6.5
  169.527471  5
  982.443041  5
  2704.375634  5
  5287.771697  5
  8732.547095  5
  64.508992  5.5
  983.526161  5.5
  2704.374250  5.5
  5287.771697  5.5
  8732.547095  5.5
  155.500050  4
  977.630322  4
  2699.671476  4
  5283.163828  4
  71.808603  4.5
  978.172771  4.5
  2699.671080  4.5
  5283.163828  4.5
  142.321572  3
  973.841602  3
  2696.014090  3
  79.742337  3.5
  974.058858  3.5
  2696.014024  3.5
  129.970119  2
  971.101870  2
  88.341058  2.5
  971.156233  2.5
  118.422138  1
  97.634790  1.5
