  46.515000  10
  46.565510  10
  113.568767  10
  121.847162  10
  159.409620  10
  198.688485  10
  248.867380  10
  308.001261  10
  375.957623  10
  452.626386  10
  0.000000  10.5
  85.564539  10.5
  86.674623  10.5
  133.387235  10.5
  157.226904  10.5
  198.859737  10.5
  248.860389  10.5
  308.001419  10.5
  375.957621  10.5
  452.626386  10.5
  41.480033  9
  41.599815  9
  97.144914  9
  108.972460  9
  144.158810  9
  184.971457  9
  235.511022  9
  294.902656  9
  363.026503  9
  0.000000  9.5
  74.902354  9.5
  77.046287  9.5
  115.667777  9.5
  143.293628  9.5
  185.019264  9.5
  235.509677  9.5
  294.902675  9.5
  363.026503  9.5
  36.394021  8
  36.668084  8
  81.617319  8
  97.126933  8
  131.225832  8
  172.912236  8
  223.732746  8
  283.308282  8
  0.000000  8.5
  63.953929  8.5
  67.750738  8.5
  100.466179  8.5
  130.940269  8.5
  172.922820  8.5
  223.732564  8.5
  283.308283  8.5
  31.212194  7
  31.809351  7
  67.582278  7
  86.512199  7
  120.274711  7
  162.449178  7
  213.472042  7
  0.000004  7.5
  52.911345  7.5
  58.965885  7.5
  87.890109  7.5
  120.199901  7.5
  162.450844  7.5
  213.472028  7.5
  25.878512  6
  27.092342  6
  55.521845  6
  77.280914  6
  111.066722  6
  153.518246  6
  0.000030  6.5
  42.229678  6.5
  50.895679  6.5
  77.729108  6.5
  111.052695  6.5
  153.518387  6.5
  20.387576  5
  22.623512  5
  45.755123  5
  69.521579  5
  103.448956  5
  0.000227  5.5
  32.471647  5.5
  43.746998  5.5
  69.626178  5.5
  103.447526  5.5
  14.916611  4
  18.545868  4
  38.337683  4
  63.257697  4
  0.001639  4.5
  24.123735  4.5
  37.705995  4.5
  63.271154  4.5
  9.877348  3
  15.025931  3
  33.030052  3
  0.010967  3.5
  17.536931  3.5
  32.918930  3.5
  5.737035  2
  12.237536  2
  0.064380  2.5
  12.932523  2.5
  2.792991  1
  0.304157  1.5
