  114.998478  10
  251.356836  10
  617.271590  10
  1156.872116  10
  1877.922448  10
  2779.626730  10
  3861.838736  10
  5124.501975  10
  6567.591180  10
  8191.093665  10
  1.547551  10.5
  269.582742  10.5
  616.723266  10.5
  1156.877612  10.5
  1877.922422  10.5
  2779.626730  10.5
  3861.838736  10.5
  5124.501975  10.5
  6567.591180  10.5
  8191.093665  10.5
  101.460963  9
  242.761161  9
  606.954148  9
  1146.958092  9
  1868.124108  9
  2769.887589  9
  3852.133620  9
  5114.818202  9
  6557.921671  9
  2.119092  9.5
  256.230327  9.5
  606.633235  9.5
  1146.960632  9.5
  1868.124098  9.5
  2769.887589  9.5
  3852.133620  9.5
  5114.818202  9.5
  6557.921671  9.5
  88.882399  8
  234.899553  8
  597.785507  8
  1138.104222  8
  1859.367650  8
  2761.180677  8
  3843.455168  8
  5106.157595  8
  2.875959  8.5
  244.466173  8.5
  597.609971  8.5
  1138.105281  8.5
  1859.367648  8.5
  2761.180677  8.5
  3843.455168  8.5
  5106.157595  8.5
  77.276927  7
  227.804828  7
  589.741961  7
  1130.305079  7
  1851.649573  7
  2753.503639  7
  3835.801688  7
  3.865872  7.5
  234.265962  7.5
  589.653984  7.5
  1130.305464  7.5
  1851.649572  7.5
  2753.503639  7.5
  3835.801688  7.5
  66.649643  6
  221.512024  6
  582.803948  6
  1123.555804  6
  1844.966790  6
  2746.854400  6
  5.143687  6.5
  225.596318  6.5
  582.764769  6.5
  1123.555920  6.5
  1844.966789  6.5
  2746.854400  6.5
  56.996443  5
  216.058856  5
  576.955724  5
  1117.852147  5
  1839.316633  5
  6.770690  5.5
  218.415362  5.5
  576.941009  5.5
  1117.852173  5.5
  1839.316633  5.5
  48.303916  4
  211.486154  4
  572.185008  4
  1113.190485  4
  8.813365  4.5
  212.673763  4.5
  572.180798  4.5
  1113.190488  4.5
  40.549322  3
  207.838249  3
  568.482605  3
  11.341687  3.5
  208.316225  3.5
  568.481903  3.5
  33.700689  2
  205.163239  2
  14.427095  2.5
  205.283259  2.5
  27.717108  1
  18.140320  1.5
