  56.292694  10
  57.414952  10
  124.236690  10
  159.056151  10
  222.040550  10
  300.417791  10
  395.278534  10
  506.274053  10
  633.306111  10
  776.324349  10
  0.000009  10.5
  96.507831  10.5
  107.592458  10.5
  161.995677  10.5
  221.842744  10.5
  300.424487  10.5
  395.278406  10.5
  506.274054  10.5
  633.306111  10.5
  776.324349  10.5
  49.639269  9
  51.486489  9
  108.434398  9
  147.130395  9
  210.022506  9
  288.806270  9
  383.854083  9
  494.967396  9
  622.077909  9
  0.000037  9.5
  82.887138  9.5
  97.315211  9.5
  148.572491  9.5
  209.950225  9.5
  288.808076  9.5
  383.854059  9.5
  494.967396  9.5
  622.077909  9.5
  42.827827  8
  45.742829  8
  94.602831  8
  136.480015  8
  199.462371  8
  278.518979  8
  373.705334  8
  484.905572  8
  0.000149  8.5
  69.904467  8.5
  87.787085  8.5
  137.107434  8.5
  199.439753  8.5
  278.519369  8.5
  373.705331  8.5
  484.905572  8.5
  35.898020  7
  40.261927  7
  82.873331  7
  127.140002  7
  190.281403  7
  269.521793  7
  364.807615  7
  0.000594  7.5
  57.904747  7.5
  79.131466  7.5
  127.375112  7.5
  190.275679  7.5
  269.521853  7.5
  364.807615  7.5
  28.993198  6
  35.136107  6
  73.241113  6
  119.118608  6
  182.421241  6
  261.784535  6
  0.002319  6.5
  47.180201  6.5
  71.459494  6.5
  119.190608  6.5
  182.420192  6.5
  261.784540  6.5
  22.366485  5
  30.467434  5
  65.564631  5
  112.403044  5
  175.837387  5
  0.008761  5.5
  37.961270  5.5
  64.864528  5.5
  112.419268  5.5
  175.837282  5.5
  16.323848  4
  26.362492  4
  59.624082  4
  106.967296  4
  0.031566  4.5
  30.420521  4.5
  59.417989  4.5
  106.969342  4.5
  11.140642  3
  22.929554  3
  55.201903  3
  0.106101  3.5
  24.670353  3.5
  55.166920  3.5
  7.001459  2
  20.281755  2
  0.322852  2.5
  20.741212  2.5
  3.972151  1
  0.862576  1.5
