  100.674467  10
  186.994696  10
  442.464333  10
  813.174547  10
  1309.446459  10
  1930.211538  10
  2675.313426  10
  3544.689990  10
  4538.313418  10
  5656.169727  10
  0.539259  10.5
  208.309655  10.5
  441.500970  10.5
  813.188725  10.5
  1309.446361  10.5
  1930.211538  10.5
  2675.313426  10.5
  3544.689990  10.5
  4538.313418  10.5
  5656.169727  10.5
  87.890581  9
  178.701642  9
  431.914522  9
  803.161944  9
  1299.565335  9
  1920.398856  9
  2665.540109  9
  3534.941386  9
  4528.581337  9
  0.803399  9.5
  194.554714  9.5
  431.349533  9.5
  803.168499  9.5
  1299.565300  9.5
  1920.398856  9.5
  2665.540109  9.5
  3534.941386  9.5
  4528.581337  9.5
  76.020777  8
  171.089798  8
  422.576445  8
  794.227138  8
  1290.739744  8
  1911.629449  8
  2656.803008  8
  3526.224557  8
  1.183752  8.5
  182.418034  8.5
  422.266884  8.5
  794.229874  8.5
  1290.739733  8.5
  1911.629449  8.5
  2656.803008  8.5
  3526.224557  8.5
  65.100978  7
  164.195533  7
  414.411671  7
  786.362449  7
  1282.964522  7
  1903.899858  7
  2649.099638  7
  1.722803  7.5
  171.889399  7.5
  414.256314  7.5
  786.363445  7.5
  1282.964520  7.5
  1903.899858  7.5
  2649.099638  7.5
  55.154351  6
  158.057440  6
  407.388473  6
  779.560914  6
  1276.235131  6
  1897.207033  6
  2.473532  6.5
  162.945500  6.5
  407.319214  6.5
  779.561213  6.5
  1276.235131  6.5
  1897.207033  6.5
  46.190925  5
  152.717080  5
  401.481397  5
  773.816382  5
  1270.547646  5
  3.499556  5.5
  155.549653  5.5
  401.455360  5.5
  773.816449  5.5
  1270.547646  5.5
  38.207284  4
  148.219771  4
  396.670713  4
  769.123581  4
  4.874210  4.5
  149.652477  4.5
  396.663259  4.5
  769.123590  4.5
  31.186369  3
  144.615374  3
  392.941788  3
  6.678499  3.5
  145.193629  3.5
  392.940544  3.5
  25.097456  2
  141.958955  2
  8.998055  2.5
  142.104449  2.5
  19.896422  1
  11.919469  1.5
