  38.903376  10
  38.903379  10
  103.855879  10
  103.865542  10
  149.469240  10
  151.483463  10
  174.203130  10
  191.215382  10
  214.771315  10
  242.023704  10
  0.000000  10.5
  73.551824  10.5
  73.552072  10.5
  129.547908  10.5
  129.745869  10.5
  162.510472  10.5
  170.896937  10.5
  191.604909  10.5
  214.752229  10.5
  242.024056  10.5
  34.800299  9
  34.800319  9
  91.475432  9
  91.523279  9
  127.201992  9
  131.948192  9
  150.957713  9
  170.606033  9
  194.779079  9
  0.000000  9.5
  65.336146  9.5
  65.337645  9.5
  112.644612  9.5
  113.384333  9.5
  137.450322  9.5
  150.042265  9.5
  170.661811  9.5
  194.777884  9.5
  30.696681  8
  30.696822  8
  78.999652  8
  79.212041  8
  105.399567  8
  113.790561  8
  131.731598  8
  152.668386  8
  0.000000  8.5
  57.112620  8.5
  57.121148  8.5
  95.193224  8.5
  97.403160  8.5
  115.709791  8.5
  131.576498  8.5
  152.672360  8.5
  26.591940  7
  26.592866  7
  66.256455  7
  67.053734  7
  85.762681  7
  97.627439  7
  115.706534  7
  0.000000  7.5
  48.865491  7.5
  48.910180  7.5
  77.442099  7.5
  82.294968  7.5
  98.029528  7.5
  115.693688  7.5
  22.483768  6
  22.489513  6
  53.069928  6
  55.353270  6
  69.624458  6
  83.848748  6
  0.000000  6.5
  40.536677  6.5
  40.744020  6.5
  60.709971  6.5
  68.685433  6.5
  83.888705  6.5
  18.361565  5
  18.394374  5
  39.997582  5
  44.627392  5
  57.236841  5
  0.000000  5.5
  31.973310  5.5
  32.760042  5.5
  46.511055  5.5
  57.119279  5.5
  14.180899  4
  14.344841  4
  28.427954  4
  35.470481  4
  0.000000  4.5
  23.148024  4.5
  25.285506  4.5
  35.787391  4.5
  9.833940  3
  10.473551  3
  19.569790  3
  0.000014  3.5
  14.892861  3.5
  18.831967  3.5
  5.475237  2
  7.090165  2
  0.000722  2.5
  8.463054  2.5
  2.076866  1
  0.026052  1.5
