  38.007126  10
  38.007126  10
  102.014875  10
  102.014875  10
  150.006222  10
  150.006239  10
  181.903009  10
  181.958580  10
  196.345250  10
  200.270805  10
  -0.000000  10.5
  72.012286  10.5
  72.012286  10.5
  128.013710  10.5
  128.013710  10.5
  167.985211  10.5
  167.986578  10.5
  191.330216  10.5
  192.212469  10.5
  200.963638  10.5
  34.006315  9
  34.006315  9
  90.012085  9
  90.012085  9
  129.997079  9
  129.997635  9
  153.554185  9
  154.146296  9
  162.657483  9
  -0.000000  9.5
  64.010600  9.5
  64.010600  9.5
  112.009090  9.5
  112.009095  9.5
  143.948164  9.5
  143.977200  9.5
  158.614632  9.5
  161.806495  9.5
  30.005500  8
  30.005500  8
  78.009097  8
  78.009099  8
  109.976384  8
  109.990294  8
  124.875504  8
  127.402276  8
  -0.000000  8.5
  56.008880  8.5
  56.008880  8.5
  96.003405  8.5
  96.003605  8.5
  119.722690  8.5
  120.097136  8.5
  128.425858  8.5
  26.004680  7
  26.004680  7
  66.005686  7
  66.005746  7
  89.841823  7
  90.061686  7
  98.259136  7
  -0.000000  7.5
  48.007100  7.5
  48.007100  7.5
  79.992471  7.5
  79.998422  7.5
  95.120508  7.5
  97.055035  7.5
  22.003850  6
  22.003850  6
  54.000247  6
  54.002425  6
  69.343572  6
  70.761679  6
  0.000000  6.5
  40.005192  6.5
  40.005206  6.5
  63.919788  6.5
  64.036999  6.5
  72.146037  6.5
  18.002999  5
  18.003001  5
  41.965853  5
  42.020499  5
  50.074661  5
  0.000000  5.5
  32.002683  5.5
  32.003312  5.5
  47.539779  5.5
  48.519239  5.5
  14.002040  4
  14.002159  4
  29.705232  4
  30.324975  4
  0.000000  4.5
  23.989259  4.5
  24.009994  4.5
  32.033554  4.5
  9.998320  3
  10.003684  3
  18.012599  3
  0.000000  3.5
  15.836948  3.5
  16.176455  3.5
  5.932896  2
  6.071504  2
  0.000000  2.5
  8.003601  2.5
  2.000600  1
  0.000200  1.5
