  347.206384  10
  1621.933399  10
  4410.460957  10
  8593.261743  10
  14171.346949  10
  21144.276239  10
  29511.926875  10
  39274.252726  10
  50431.233263  10
  62982.858216  10
  75.914312  10.5
  1628.899256  10.5
  4410.435710  10.5
  8593.261775  10.5
  14171.346949  10.5
  21144.276239  10.5
  29511.926875  10.5
  39274.252726  10.5
  50431.233263  10.5
  62982.858216  10.5
  326.025167  9
  1612.133618  9
  4400.521401  9
  8583.536110  9
  14161.705230  9
  21134.676581  9
  29502.351281  9
  39264.692182  9
  50421.682758  9
  83.046678  9.5
  1617.210537  9.5
  4400.506668  9.5
  8583.536125  9.5
  14161.705230  9.5
  21134.676581  9.5
  29502.351281  9.5
  39264.692182  9.5
  50421.682758  9.5
  305.748373  8
  1603.284955  8
  4391.633490  8
  8574.836373  8
  14153.079753  8
  21126.088307  8
  29493.784287  8
  39256.138496  8
  90.714616  8.5
  1606.845601  8.5
  4391.625452  8.5
  8574.836379  8.5
  14153.079753  8.5
  21126.088307  8.5
  29493.784287  8.5
  39256.138496  8.5
  286.363223  7
  1595.405082  7
  4383.795307  7
  8567.161817  7
  14145.470075  7
  21118.511119  7
  29486.225680  7
  98.943469  7.5
  1597.782853  7.5
  4383.791286  7.5
  8567.161819  7.5
  14145.470075  7.5
  21118.511119  7.5
  29486.225680  7.5
  267.855804  6
  1588.512162  6
  4377.005220  6
  8560.511811  6
  14138.875809  6
  21111.944755  6
  107.758453  6.5
  1590.000442  6.5
  4377.003433  6.5
  8560.511812  6.5
  14138.875809  6.5
  21111.944755  6.5
  250.211097  5
  1582.624847  5
  4371.261873  5
  8554.885809  5
  14133.296615  5
  117.184555  5.5
  1583.476345  5.5
  4371.261202  5.5
  8554.885809  5.5
  14133.296615  5.5
  233.412998  4
  1577.762265  4
  4366.564162  4
  8550.283348  4
  127.246438  4.5
  1578.188445  4.5
  4366.563970  4.5
  8550.283348  4.5
  217.444351  3
  1573.944010  3
  4362.911222  3
  137.968349  3.5
  1574.114616  3.5
  4362.911190  3.5
  202.286989  2
  1571.190117  2
  149.374027  2.5
  1571.232793  2.5
  187.921768  1
  161.486625  1.5
