  43.022342  10
  43.027796  10
  110.480341  10
  112.722776  10
  147.897908  10
  172.402973  10
  208.633417  10
  251.474792  10
  301.045782  10
  357.144524  10
  0.000000  10.5
  80.382114  10.5
  80.557273  10.5
  130.790454  10.5
  141.759570  10.5
  173.265801  10.5
  208.578059  10.5
  251.476680  10.5
  301.045749  10.5
  357.144525  10.5
  38.435731  9
  38.452357  9
  95.411817  9
  99.705872  9
  129.378017  9
  156.954023  9
  193.563962  9
  236.831257  9
  286.661248  9
  0.000000  9.5
  71.007988  9.5
  71.454983  9.5
  111.519708  9.5
  126.589361  9.5
  157.209317  9.5
  193.553009  9.5
  236.831486  9.5
  286.661246  9.5
  33.834577  8
  33.883599  8
  80.230470  8
  87.379741  8
  113.925754  8
  143.384887  8
  180.371397  8
  223.927524  8
  0.000000  8.5
  61.426843  8.5
  62.483988  8.5
  94.089312  8.5
  112.914871  8.5
  143.443573  8.5
  180.369879  8.5
  223.927538  8.5
  29.198526  7
  29.336724  7
  65.648582  7
  76.044920  7
  101.204569  7
  131.661880  7
  168.943773  7
  0.000000  7.5
  51.543466  7.5
  53.784258  7.5
  79.175366  7.5
  100.924176  7.5
  131.671346  7.5
  168.943662  7.5
  24.483149  6
  24.848752  6
  52.471215  6
  65.986645  6
  90.752916  6
  121.710015  6
  0.000001  6.5
  41.463401  6.5
  45.565963  6.5
  67.102495  6.5
  90.698545  6.5
  121.710829  6.5
  19.618619  5
  20.497269  5
  41.361220  5
  57.425609  5
  82.231715  5
  0.000018  5.5
  31.690207  5.5
  38.091447  5.5
  57.700485  5.5
  82.226060  5.5
  14.593624  4
  16.418135  4
  32.743882  4
  50.483883  4
  0.000212  4.5
  22.943633  4.5
  31.634462  4.5
  50.520245  4.5
  9.678781  3
  12.804967  3
  26.639549  3
  0.002327  3.5
  15.830037  3.5
  26.435204  3.5
  5.458345  2
  9.882736  2
  0.022237  2.5
  10.748358  2.5
  2.448205  1
  0.162962  1.5
