  78.935130  10
  104.309957  10
  224.607776  10
  380.687795  10
  593.144265  10
  859.252951  10
  1178.845320  10
  1551.832352  10
  1978.174659  10
  2457.852412  10
  0.022763  10.5
  133.415862  10.5
  221.174980  10.5
  380.812457  10.5
  593.142189  10.5
  859.252970  10.5
  1178.845320  10.5
  1551.832352  10.5
  1978.174659  10.5
  2457.852412  10.5
  67.973041  9
  96.807658  9
  212.897212  9
  370.255157  9
  582.897950  9
  849.117750  9
  1168.773618  9
  1541.800543  9
  1968.169546  9
  0.044812  9.5
  118.915671  9.5
  210.855307  9.5
  370.313030  9.5
  582.897206  9.5
  849.117755  9.5
  1168.773618  9.5
  1541.800543  9.5
  1968.169546  9.5
  57.606926  8
  89.837795  8
  202.712791  8
  360.971318  8
  573.768374  8
  840.074710  8
  1159.780235  8
  1532.838360  8
  0.086974  8.5
  105.971348  8.5
  201.581870  8.5
  360.995544  8.5
  573.768145  8.5
  840.074711  8.5
  1159.780235  8.5
  1532.838360  8.5
  47.969424  7
  83.451676  7
  193.949165  7
  352.821841  7
  565.742558  7
  832.115363  7
  1151.859112  7
  0.165891  7.5
  94.636967  7.5
  193.376965  7.5
  352.830683  7.5
  565.742500  7.5
  832.115363  7.5
  1151.859112  7.5
  39.172083  6
  77.701445  6
  186.513409  6
  345.792362  6
  558.809230  6
  825.232261  6
  0.309763  6.5
  84.947760  6.5
  186.256774  6.5
  345.795022  6.5
  558.809219  6.5
  825.232261  6.5
  31.300197  5
  72.641097  5
  180.328533  5
  339.869335  5
  552.958729  5
  0.563766  5.5
  76.915516  5.5
  180.231628  5.5
  339.869927  5.5
  552.958727  5.5
  24.409688  4
  68.328177  4
  175.334381  4
  335.040619  4
  0.995445  4.5
  70.523515  4.5
  175.306550  4.5
  335.040693  4.5
  18.525182  3
  64.826172  3
  171.486782  3
  1.697839  3.5
  65.723176  3.5
  171.482127  3.5
  13.638750  2
  62.207383  2
  2.787713  2.5
  62.435090  2.5
  9.709279  1
  4.397614  1.5
