  1108.021201  10
  7147.818335  10
  19755.368972  10
  38669.440313  10
  63889.182291  10
  95414.174533  10
  133244.297177  10
  177379.505250  10
  227819.778762  10
  284565.107713  10
  543.117719  10.5
  7151.117750  10.5
  19755.366349  10.5
  38669.440314  10.5
  63889.182291  10.5
  95414.174533  10.5
  133244.297177  10.5
  177379.505250  10.5
  227819.778762  10.5
  284565.107713  10.5
  1072.389905  9
  7137.566981  9
  19745.464119  9
  38659.736274  9
  63879.558467  9
  95404.590839  9
  133234.736420  9
  177369.958833  9
  227810.241904  9
  564.544709  9.5
  7139.967687  9.5
  19745.462589  9.5
  38659.736275  9.5
  63879.558467  9.5
  95404.590839  9.5
  133234.736420  9.5
  177369.958833  9.5
  227810.241904  9.5
  1037.591118  8
  7128.354058  8
  19736.602903  8
  38651.054187  8
  63870.947969  8
  95396.016152  8
  133226.182202  8
  177361.417408  8
  586.625398  8.5
  7130.035261  8.5
  19736.602069  8.5
  38651.054187  8.5
  63870.947969  8.5
  95396.016152  8.5
  133226.182202  8.5
  177361.417408  8.5
  1003.616542  7
  7120.188871  7
  19728.784972  7
  38643.393893  7
  63863.350700  7
  95388.450406  7
  133218.634473  7
  609.371058  7.5
  7121.310090  7.5
  19728.784554  7.5
  38643.393893  7.5
  63863.350700  7.5
  95388.450406  7.5
  133218.634473  7.5
  970.457659  6
  7113.080824  6
  19722.010019  6
  38636.755253  6
  63856.766574  6
  95381.893544  6
  632.792844  6.5
  7113.781812  6.5
  19722.009834  6.5
  38636.755253  6.5
  63856.766574  6.5
  95381.893544  6.5
  938.105732  5
  7107.039414  5
  19716.277786  5
  38631.138147  5
  63851.195516  5
  656.901784  5.5
  7107.440088  5.5
  19716.277717  5.5
  38631.138147  5.5
  63851.195516  5.5
  906.551812  4
  7102.074229  4
  19711.588059  4
  38626.542472  4
  681.708775  4.5
  7102.274610  4.5
  19711.588039  4.5
  38626.542472  4.5
  875.786742  3
  7098.194944  3
  19707.940665  3
  707.224572  3.5
  7098.275110  3.5
  19707.940661  3.5
  845.801162  2
  7095.411320  2
  733.459780  2.5
  7095.431364  2.5
  816.585516  1
  760.424847  1.5
