  38.762759  10
  38.762761  10
  103.571790  10
  103.577227  10
  149.719363  10
  151.142030  10
  174.171488  10
  189.372924  10
  211.549429  10
  237.241436  10
  0.000000  10.5
  73.311080  10.5
  73.311208  10.5
  129.342001  10.5
  129.465062  10.5
  163.236990  10.5
  170.089958  10.5
  189.924259  10.5
  211.519710  10.5
  237.242029  10.5
  34.675767  9
  34.675777  9
  91.255839  9
  91.285191  9
  127.704830  9
  131.445118  9
  149.996068  9
  168.182377  9
  190.979105  9
  0.000000  9.5
  65.129327  9.5
  65.130165  9.5
  112.621380  9.5
  113.127332  9.5
  137.772568  9.5
  148.792215  9.5
  168.263854  9.5
  190.977212  9.5
  30.588337  8
  30.588415  8
  78.869086  8
  79.011485  8
  105.808674  8
  112.992742  8
  130.054663  8
  149.736800  8
  0.000000  8.5
  56.941655  8.5
  56.946843  8.5
  95.411996  8.5
  97.089644  8.5
  115.331818  8.5
  129.842404  8.5
  149.742716  8.5
  26.500041  7
  26.500601  7
  66.266062  7
  66.853413  7
  85.759634  7
  96.458939  7
  113.536107  7
  0.000000  7.5
  48.736518  7.5
  48.766129  7.5
  77.763370  7.5
  81.817093  7.5
  96.973306  7.5
  113.518142  7.5
  22.409203  6
  22.412983  6
  53.229168  6
  55.084532  6
  69.076055  6
  82.315101  6
  0.000000  6.5
  40.468081  6.5
  40.618034  6.5
  60.860170  6.5
  67.955825  6.5
  82.367586  6.5
  18.307706  5
  18.331203  5
  40.150040  5
  44.214559  5
  56.256624  5
  0.000000  5.5
  31.996849  5.5
  32.620386  5.5
  46.316747  5.5
  56.111695  5.5
  14.158274  4
  14.286209  4
  28.410881  4
  34.871897  4
  0.000000  4.5
  23.234585  4.5
  25.082956  4.5
  35.238156  4.5
  9.854452  3
  10.398975  3
  19.328192  3
  0.000009  3.5
  14.925124  3.5
  18.527814  3.5
  5.500174  2
  6.976226  2
  0.000515  2.5
  8.390104  2.5
  2.064796  1
  0.021905  1.5
