  62.583165  10
  66.217121  10
  138.238309  10
  196.026952  10
  284.841304  10
  396.240221  10
  530.435216  10
  687.232313  10
  866.559482  10
  1068.380423  10
  0.000149  10.5
  103.120521  10.5
  126.890018  10.5
  197.233222  10.5
  284.788896  10.5
  396.241413  10.5
  530.435201  10.5
  687.232313  10.5
  866.559482  10.5
  1068.380423  10.5
  54.613492  9
  59.770881  9
  123.707267  9
  184.654014  9
  273.621786  9
  385.270223  9
  519.596319  9
  676.475651  9
  855.857753  9
  0.000469  9.5
  88.749106  9.5
  116.502276  9.5
  185.226836  9.5
  273.602855  9.5
  385.270543  9.5
  519.596317  9.5
  676.475651  9.5
  855.857753  9.5
  46.585896  8
  53.622200  8
  111.213928  8
  174.543004  8
  263.694720  8
  375.522143  8
  509.946368  8
  666.887273  8
  0.001457  8.5
  75.476585  8.5
  107.007774  8.5
  174.786724  8.5
  263.688844  8.5
  375.522212  8.5
  509.946367  8.5
  666.887273  8.5
  38.656506  7
  47.848284  7
  100.702875  7
  165.692657  7
  255.018712  7
  366.973402  7
  501.469250  7
  0.004444  7.5
  63.514704  7.5
  98.488995  7.5
  165.782640  7.5
  255.017234  7.5
  366.973412  7.5
  501.469250  7.5
  31.046429  6
  42.531471  6
  92.036465  6
  158.089576  6
  247.560495  6
  359.604166  6
  0.013233  6.5
  53.034763  6.5
  91.015628  6.5
  158.116867  6.5
  247.560225  6.5
  359.604167  6.5
  24.001690  5
  37.756523  5
  85.035150  5
  151.712668  5
  241.292999  5
  0.038139  5.5
  44.170188  5.5
  84.642519  5.5
  151.718780  5.5
  241.292972  5.5
  17.746315  4
  33.609292  4
  79.522550  4
  146.537558  4
  0.105107  4.5
  37.014682  4.5
  79.408453  4.5
  146.538326  4.5
  12.447933  3
  30.178137  3
  75.355336  3
  0.272538  3.5
  31.610900  3.5
  75.336108  3.5
  8.199507  2
  27.559344  2
  0.652941  2.5
  27.931337  2.5
  5.010800  1
  1.423513  1.5
