  91.457118  10
  149.002953  10
  340.694255  10
  612.349455  10
  977.096786  10
  1433.492502  10
  1981.371300  10
  2620.664265  10
  3351.340564  10
  4173.384687  10
  0.197026  10.5
  173.056627  10.5
  339.162154  10.5
  612.380539  10.5
  977.096491  10.5
  1433.492503  10.5
  1981.371300  10.5
  2620.664265  10.5
  3351.340564  10.5
  4173.384687  10.5
  79.278424  9
  140.978642  9
  329.853328  9
  602.222799  9
  967.118772  9
  1423.593932  9
  1971.518409  9
  2610.840064  9
  3341.535554  9
  0.319780  9.5
  158.987232  9.5
  328.952147  9.5
  602.237183  9.5
  967.118666  9.5
  1423.593932  9.5
  1971.518409  9.5
  2610.840064  9.5
  3341.535554  9.5
  67.941381  8
  133.587417  8
  320.303965  8
  593.193975  8
  958.212363  8
  1414.751584  8
  1962.712910  8
  2602.057702  8
  0.512513  8.5
  146.539030  8.5
  319.809063  8.5
  593.199981  8.5
  958.212330  8.5
  1414.751584  8.5
  1962.712910  8.5
  2602.057702  8.5
  57.508682  7
  126.869597  7
  311.989252  7
  585.252960  7
  950.370407  7
  1406.960692  7
  1954.951385  7
  0.809556  7.5
  135.719953  7.5
  311.740433  7.5
  585.255148  7.5
  950.370399  7.5
  1406.960692  7.5
  1954.951385  7.5
  48.026473  6
  120.867419  6
  304.861838  6
  578.390498  6
  943.586633  6
  1400.217057  6
  1.257768  6.5
  126.521910  6.5
  304.750760  6.5
  578.391155  6.5
  943.586631  6.5
  1400.217057  6.5
  39.523472  5
  115.626015  5
  298.883670  5
  572.598302  5
  937.855626  5
  1.918236  5.5
  118.919042  5.5
  298.841869  5.5
  572.598448  5.5
  937.855626  5.5
  32.010328  4
  111.194581  4
  294.025332  4
  567.869201  4
  2.866616  4.5
  112.867159  4.5
  294.013356  4.5
  567.869219  4.5
  25.479149  3
  107.627652  3
  290.265148  3
  4.191531  3.5
  108.304952  3.5
  290.263148  3.5
  19.903245  2
  104.986325  2
  5.990881  2.5
  105.157144  2.5
  15.237266  1
  8.366493  1.5
