  39.221634  10
  39.221646  10
  104.490186  10
  104.516914  10
  148.802163  10
  152.395375  10
  175.073920  10
  195.519403  10
  221.877802  10
  252.250467  10
  0.000000  10.5
  74.095489  10.5
  74.096301  10.5
  129.951845  10.5
  130.405807  10.5
  161.323079  10.5
  172.974506  10.5
  195.714543  10.5
  221.869722  10.5
  252.250596  10.5
  35.082091  9
  35.082160  9
  91.954031  9
  92.067295  9
  126.224931  9
  133.250821  9
  153.531908  9
  175.976655  9
  202.915404  9
  0.000000  9.5
  65.802304  9.5
  65.806517  9.5
  112.606240  9.5
  114.026425  9.5
  137.300088  9.5
  153.006636  9.5
  176.003315  9.5
  202.914912  9.5
  30.941730  8
  30.942131  8
  79.257925  8
  79.685779  8
  104.816289  8
  115.707378  8
  135.532007  8
  158.953821  8
  0.000000  8.5
  57.495584  8.5
  57.516183  8.5
  94.690467  8.5
  98.202412  8.5
  116.978500  8.5
  135.448150  8.5
  158.955666  8.5
  26.799498  7
  26.801764  7
  66.194730  7
  67.545984  7
  86.092930  7
  100.257198  7
  120.373145  7
  0.000000  7.5
  49.148123  7.5
  49.240704  7.5
  76.872916  7.5
  83.451768  7.5
  100.503977  7.5
  120.366427  7.5
  22.651297  6
  22.663393  6
  52.747021  6
  56.002642  6
  70.996516  6
  87.149440  6
  0.000000  6.5
  40.674538  6.5
  41.041322  6.5
  60.569938  6.5
  70.338947  6.5
  87.172991  6.5
  18.480291  5
  18.539670  5
  39.755587  5
  45.567180  5
  59.369960  5
  0.000000  5.5
  31.913455  5.5
  33.093102  5.5
  47.070551  5.5
  59.291769  5.5
  14.227523  4
  14.481938  4
  28.541388  4
  36.761982  4
  0.000001  4.5
  22.990136  4.5
  25.747300  4.5
  37.000346  4.5
  9.793311  3
  10.643525  3
  20.114352  3
  0.000035  3.5
  14.857803  3.5
  19.487064  3.5
  5.433789  2
  7.334415  2
  0.001319  2.5
  8.629360  2.5
  2.104325  1
  0.035563  1.5
