  41.135847  10
  41.136560  10
  107.928947  10
  108.494470  10
  146.145007  10
  160.874114  10
  189.587961  10
  222.989767  10
  262.147417  10
  306.658942  10
  0.000000  10.5
  77.319759  10.5
  77.350379  10.5
  130.764135  10.5
  135.312629  10.5
  163.431608  10.5
  189.340228  10.5
  223.001551  10.5
  262.147135  10.5
  306.658945  10.5
  36.774508  9
  36.777237  9
  94.174373  9
  95.610418  9
  125.115471  9
  143.910250  9
  172.704795  9
  206.797080  9
  246.317106  9
  0.000000  9.5
  68.525560  9.5
  68.624791  9.5
  111.516724  9.5
  119.402116  9.5
  144.747438  9.5
  172.653573  9.5
  206.798549  9.5
  246.317090  9.5
  32.408414  8
  32.418529  8
  79.973478  8
  83.120655  8
  107.100593  8
  128.908598  8
  158.071971  8
  192.590013  8
  0.000000  8.5
  59.641440  8.5
  59.942065  8.5
  93.091120  8.5
  104.731540  8.5
  129.113181  8.5
  158.064665  8.5
  192.590108  8.5
  28.029673  7
  28.065574  7
  65.612516  7
  71.342110  7
  92.377131  7
  115.945608  7
  145.478482  7
  0.000000  7.5
  50.559889  7.5
  51.385749  7.5
  76.550156  7.5
  91.656651  7.5
  115.979848  7.5
  145.477935  7.5
  23.615583  6
  23.735582  6
  51.934309  6
  60.647586  6
  80.563000  6
  104.980726  6
  0.000000  6.5
  41.168109  6.5
  43.124199  6.5
  62.721365  6.5
  80.415777  6.5
  104.983737  6.5
  19.110328  5
  19.476790  5
  39.903156  5
  51.386660  5
  71.111416  5
  0.000002  5.5
  31.641668  5.5
  35.425577  5.5
  51.939109  5.5
  71.095663  5.5
  14.433135  4
  15.399592  4
  30.264732  4
  43.807349  4
  0.000034  4.5
  22.687450  4.5
  28.624783  4.5
  43.883477  4.5
  9.670959  3
  11.701148  3
  23.373075  3
  0.000578  3.5
  15.159645  3.5
  23.053159  3.5
  5.380246  2
  8.648244  2
  0.008669  2.5
  9.665288  2.5
  2.273756  1
  0.096489  1.5
