  41.263503  10
  41.264352  10
  108.129306  10
  108.768339  10
  146.130949  10
  161.574786  10
  190.791342  10
  224.877148  10
  264.774717  10
  310.107024  10
  0.000000  10.5
  77.531242  10.5
  77.566824  10.5
  130.760392  10.5
  135.700359  10.5
  163.937801  10.5
  190.570601  10.5
  224.887362  10.5
  264.774478  10.5
  310.107026  10.5
  36.887173  9
  36.890358  9
  94.282087  9
  95.867498  9
  125.272727  9
  144.732310  9
  174.073568  9
  208.820648  9
  249.071161  9
  0.000000  9.5
  68.700801  9.5
  68.813821  9.5
  111.465897  9.5
  119.837504  9.5
  145.497462  9.5
  174.028139  9.5
  208.821918  9.5
  249.071147  9.5
  32.505637  8
  32.517212  8
  79.991813  8
  83.383403  8
  107.466970  8
  129.851560  8
  159.568865  8
  194.727857  8
  0.000000  8.5
  59.773108  8.5
  60.108523  8.5
  93.086469  8.5
  105.241257  8.5
  130.037313  8.5
  159.562404  8.5
  194.727939  8.5
  28.110306  7
  28.150595  7
  65.590502  7
  71.634734  7
  92.924388  7
  116.996017  7
  147.077871  7
  0.000000  7.5
  50.637314  7.5
  51.539063  7.5
  76.657986  7.5
  92.253909  7.5
  117.026985  7.5
  147.077389  7.5
  23.676964  6
  23.808991  6
  51.936561  6
  60.989034  6
  81.235181  6
  106.119673  6
  0.000000  6.5
  41.189658  6.5
  43.278436  6.5
  62.969762  6.5
  81.098929  6.5
  106.122390  6.5
  19.147800  5
  19.542918  5
  39.971964  5
  51.785429  5
  71.866767  5
  0.000002  5.5
  31.634829  5.5
  35.596097  5.5
  52.309030  5.5
  71.852230  5.5
  14.444475  4
  15.465324  4
  30.415263  4
  44.260359  4
  0.000039  4.5
  22.692129  4.5
  28.822889  4.5
  44.332211  4.5
  9.668300  3
  11.773875  3
  23.591442  3
  0.000651  3.5
  15.196877  3.5
  23.282475  3.5
  5.382870  2
  8.732185  2
  0.009389  2.5
  9.736590  2.5
  2.285321  1
  0.100783  1.5
