  1008.348582  10
  6388.830865  10
  17647.324546  10
  34537.668129  10
  57059.107500  10
  85211.221756  10
  118993.890936  10
  158407.070030  10
  203450.739026  10
  254124.887919  10
  474.132027  10.5
  6392.321499  10.5
  17647.321438  10.5
  34537.668130  10.5
  57059.107500  10.5
  85211.221756  10.5
  118993.890936  10.5
  158407.070030  10.5
  203450.739026  10.5
  254124.887919  10.5
  974.238013  9
  6378.603925  9
  17637.418575  9
  34527.963357  9
  57049.483068  9
  85201.637519  9
  118984.329676  9
  158397.523132  9
  203441.201705  9
  494.043717  9.5
  6381.143909  9.5
  17637.416762  9.5
  34527.963357  9.5
  57049.483068  9.5
  85201.637519  9.5
  118984.329676  9.5
  158397.523132  9.5
  203441.201705  9.5
  940.964245  8
  6369.410623  8
  17628.556492  8
  34519.280670  8
  57040.872061  8
  85193.062371  8
  118975.775022  8
  158388.981291  8
  514.603183  8.5
  6371.189452  8.5
  17628.555503  8.5
  34519.280670  8.5
  57040.872061  8.5
  85193.062371  8.5
  118975.775022  8.5
  158388.981291  8.5
  908.518615  7
  6361.260757  7
  17620.737896  7
  34511.619891  7
  57033.274370  7
  85185.496236  7
  118968.226924  7
  535.822410  7.5
  6362.447137  7.5
  17620.737401  7.5
  34511.619891  7.5
  57033.274370  7.5
  85185.496236  7.5
  118968.226924  7.5
  876.892209  6
  6354.164232  6
  17613.962442  6
  34504.980865  6
  57026.689899  6
  85178.939051  6
  557.713257  6.5
  6354.905987  6.5
  17613.962222  6.5
  34504.980865  6.5
  57026.689899  6.5
  85178.939051  6.5
  846.075869  5
  6348.131062  5
  17608.229838  5
  34499.363456  5
  57021.118565  5
  580.287448  5.5
  6348.555052  5.5
  17608.229755  5.5
  34499.363456  5.5
  57021.118565  5.5
  816.060195  4
  6343.171362  4
  17603.539841  4
  34494.767550  4
  603.556560  4.5
  6343.383410  4.5
  17603.539818  4.5
  34494.767550  4.5
  786.835555  3
  6339.295350  3
  17599.892260  3
  627.532015  3.5
  6339.380185  3.5
  17599.892256  3.5
  758.392085  2
  6336.513335  2
  652.225068  2.5
  6336.534547  2.5
  730.719703  1
  677.646800  1.5
