  63.084956  10
  67.022394  10
  139.711171  10
  199.599894  10
  290.873896  10
  405.373970  10
  543.275469  10
  704.391410  10
  888.651407  10
  1096.020000  10
  0.000182  10.5
  103.714239  10.5
  128.733030  10.5
  200.723246  10.5
  290.826641  10.5
  405.375013  10.5
  543.275456  10.5
  704.391410  10.5
  888.651407  10.5
  1096.020000  10.5
  55.006312  9
  60.537650  9
  125.287559  9
  188.266707  9
  279.702789  9
  394.444317  9
  532.473496  9
  693.669524  9
  877.983027  9
  0.000561  9.5
  89.308908  9.5
  118.341674  9.5
  188.799317  9.5
  279.685729  9.5
  394.444597  9.5
  532.473493  9.5
  693.669524  9.5
  877.983027  9.5
  46.885459  8
  54.359240  8
  112.894800  8
  178.192557  8
  269.814803  8
  384.730213  8
  522.855065  8
  684.111130  8
  0.001711  8.5
  76.029207  8.5
  108.852294  8.5
  178.418920  8.5
  269.809510  8.5
  384.730273  8.5
  522.855064  8.5
  684.111130  8.5
  38.885038  7
  48.563811  7
  102.467116  7
  169.374541  7
  261.170339  7
  376.209792  7
  514.404578  7
  0.005119  7.5
  64.078348  7.5
  100.344546  7.5
  169.458054  7.5
  261.169008  7.5
  376.209801  7.5
  514.404578  7.5
  31.227363  6
  43.232649  6
  93.862460  6
  161.798483  6
  253.737417  6
  368.863851  6
  0.014958  6.5
  53.620642  6.5
  92.885431  6.5
  161.823799  6.5
  253.737174  6.5
  368.863852  6.5
  24.154222  5
  38.449175  5
  86.902772  5
  155.443188  5
  247.489922  5
  0.042310  5.5
  44.783825  5.5
  86.527417  5.5
  155.448855  5.5
  247.489898  5.5
  17.882521  4
  34.297861  4
  81.416361  4
  150.284630  4
  0.114470  4.5
  37.656622  4.5
  81.307361  4.5
  150.285343  4.5
  12.572729  3
  30.865842  3
  77.264932  3
  0.291615  3.5
  32.277134  3.5
  77.246570  3.5
  8.312296  2
  28.248358  2
  0.687478  2.5
  28.614388  2.5
  5.107823  1
  1.478429  1.5
