  55.259707  10
  56.149894  10
  122.598828  10
  154.141200  10
  213.635910  10
  287.412048  10
  376.830488  10
  481.495971  10
  601.304810  10
  736.203454  10
  0.000005  10.5
  95.488188  10.5
  104.971854  10.5
  157.543906  10.5
  213.387555  10.5
  287.421067  10.5
  376.830304  10.5
  481.495973  10.5
  601.304810  10.5
  736.203454  10.5
  48.805726  9
  50.313384  9
  106.616963  9
  142.115724  9
  201.438297  9
  275.663099  9
  365.280869  9
  470.072122  9
  589.964659  9
  0.000022  9.5
  82.065862  9.5
  94.728022  9.5
  143.799846  9.5
  201.347264  9.5
  275.665535  9.5
  365.280835  9.5
  470.072122  9.5
  589.964659  9.5
  42.194578  8
  44.643251  8
  92.562219  8
  131.361284  8
  190.738997  8
  265.260489  8
  355.025765  8
  459.909603  8
  0.000096  8.5
  69.180463  8.5
  85.202167  8.5
  132.098475  8.5
  190.710450  8.5
  265.261016  8.5
  355.025761  8.5
  459.909603  8.5
  35.445752  7
  39.216037  7
  80.603856  7
  121.922576  7
  181.448731  7
  256.167624  7
  346.038565  7
  0.000404  7.5
  57.200199  7.5
  76.525214  7.5
  122.199922  7.5
  181.441496  7.5
  256.167705  7.5
  346.038564  7.5
  28.679275  6
  34.124672  6
  70.773610  6
  113.814504  6
  173.502399  6
  248.352043  6
  0.001660  6.5
  46.444279  6.5
  68.816674  6.5
  113.899652  6.5
  173.501071  6.5
  248.352050  6.5
  22.137152  5
  29.473858  5
  62.951284  5
  107.027664  5
  166.851117  5
  0.006611  5.5
  37.165848  5.5
  62.178155  5.5
  107.046880  5.5
  166.850983  5.5
  16.134061  4
  25.374173  4
  56.916725  4
  101.536694  4
  0.025101  4.5
  29.554955  4.5
  56.688399  4.5
  101.539120  4.5
  10.965854  3
  21.938178  3
  52.439003  3
  0.088807  3.5
  23.738493  3.5
  52.400177  3.5
  6.837288  2
  19.282733  2
  0.283465  2.5
  19.759517  2.5
  3.827410  1
  0.788890  1.5
