  41.460294  10
  41.461389  10
  108.430211  10
  109.193571  10
  146.150031  10
  162.680550  10
  192.676276  10
  227.797982  10
  268.822191  10
  315.405132  10
  0.000000  10.5
  77.856194  10.5
  77.900519  10.5
  130.751333  10.5
  136.312484  10.5
  164.775541  10.5
  192.490615  10.5
  227.806231  10.5
  268.822005  10.5
  315.405134  10.5
  37.060793  9
  37.064786  9
  94.439616  9
  96.269409  9
  125.558838  9
  146.019252  9
  176.197005  9
  211.939858  9
  253.303365  9
  0.000000  9.5
  68.969064  9.5
  69.105760  9.5
  111.401031  9.5
  120.524573  9.5
  146.687402  9.5
  176.159042  9.5
  211.940879  9.5
  253.303355  9.5
  32.655333  8
  32.669437  8
  80.017691  8
  83.796074  8
  108.065493  8
  131.316586  8
  161.878288  8
  198.013612  8
  0.000000  8.5
  59.973019  8.5
  60.366568  8.5
  93.101910  8.5
  106.041053  8.5
  131.477314  8.5
  161.872912  8.5
  198.013678  8.5
  28.234202  7
  28.281904  7
  65.563352  7
  72.093794  7
  93.785706  7
  118.618186  7
  149.536557  7
  0.000000  7.5
  50.753079  7.5
  51.777970  7.5
  76.847380  7.5
  93.183975  7.5
  118.644839  7.5
  149.536157  7.5
  23.770831  6
  23.922674  6
  51.951030  6
  61.521557  6
  82.276696  6
  107.871002  6
  0.000000  6.5
  41.221741  6.5
  43.519522  6.5
  63.369299  6.5
  82.155352  6.5
  107.873332  6.5
  19.204592  5
  19.645708  5
  40.087995  5
  52.402887  5
  73.028894  5
  0.000003  5.5
  31.627305  5.5
  35.861990  5.5
  52.885993  5.5
  73.016000  5.5
  14.461697  4
  15.567614  4
  30.653093  4
  44.957460  4
  0.000049  4.5
  22.703582  4.5
  29.129836  4.5
  45.023367  4.5
  9.665241  3
  11.886537  3
  23.928670  3
  0.000774  3.5
  15.257009  3.5
  23.635392  3.5
  5.387845  2
  8.861287  2
  0.010554  2.5
  9.847063  2.5
  2.303216  1
  0.107459  1.5
