  40.060184  10
  40.060297  10
  106.087749  10
  106.237575  10
  147.119915  10
  155.572084  10
  180.285614  10
  207.328309  10
  239.836318  10
  276.993099  10
  0.000000  10.5
  75.518756  10.5
  75.524929  10.5
  130.593796  10.5
  132.346079  10.5
  160.684132  10.5
  179.548557  10.5
  207.375154  10.5
  239.834875  10.5
  276.993116  10.5
  35.824077  9
  35.824609  9
  93.071469  9
  93.552945  9
  124.828382  9
  137.458767  9
  161.506803  9
  189.662686  9
  222.636100  9
  0.000000  9.5
  67.014764  9.5
  67.039457  9.5
  112.148505  9.5
  116.089829  9.5
  139.378512  9.5
  161.344466  9.5
  189.668718  9.5
  222.636015  9.5
  31.586002  8
  31.588422  8
  79.713032  8
  81.069365  8
  104.893167  8
  121.230160  8
  145.456729  8
  174.221193  8
  0.000000  8.5
  58.472510  8.5
  58.565236  8.5
  93.628781  8.5
  100.764743  8.5
  121.743158  8.5
  145.432648  8.5
  174.221594  8.5
  27.342768  7
  27.353331  7
  65.914886  7
  69.056253  7
  88.251267  7
  107.132477  7
  131.750458  7
  0.000000  7.5
  49.827225  7.5
  50.145564  7.5
  76.201919  7.5
  86.842071  7.5
  107.222826  7.5
  131.748612  7.5
  23.083453  6
  23.126939  6
  52.171521  6
  57.911394  6
  75.029081  6
  95.217171  6
  0.000000  6.5
  40.944660  6.5
  41.896750  6.5
  61.056197  6.5
  74.719552  6.5
  95.225352  6.5
  18.773073  5
  18.937270  5
  39.569915  5
  48.080402  5
  64.655374  5
  0.000000  5.5
  31.760155  5.5
  34.056625  5.5
  48.997395  5.5
  64.620984  5.5
  14.328854  4
  14.866755  4
  29.141805  4
  39.937057  4
  0.000006  4.5
  22.752960  4.5
  26.986549  4.5
  40.070258  4.5
  9.717854  3
  11.099317  3
  21.541310  3
  0.000166  3.5
  14.915226  3.5
  21.094563  3.5
  5.382568  2
  7.929097  2
  0.003746  2.5
  9.075570  2.5
  2.177637  1
  0.061462  1.5
