  48.492927  10
  48.612412  10
  115.092001  10
  127.880733  10
  169.021238  10
  215.845460  10
  274.135825  10
  342.665413  10
  421.294327  10
  509.933675  10
  0.000000  10.5
  88.153379  10.5
  90.347624  10.5
  136.697898  10.5
  167.752573  10.5
  215.925253  10.5
  274.133129  10.5
  342.665464  10.5
  421.294327  10.5
  509.933675  10.5
  43.178393  9
  43.435125  9
  98.476682  9
  115.178948  9
  154.865391  9
  202.764930  9
  261.370347  9
  330.110674  9
  408.878063  9
  0.000000  9.5
  76.728537  9.5
  80.509208  9.5
  120.032613  9.5
  154.379091  9.5
  202.786908  9.5
  261.369832  9.5
  330.110680  9.5
  408.878063  9.5
  37.784225  8
  38.315619  8
  83.146727  8
  103.611714  8
  142.715728  8
  191.244310  8
  250.087483  8
  318.979833  8
  0.000002  8.5
  65.125378  8.5
  71.111290  8.5
  105.917420  8.5
  142.558620  8.5
  191.249131  8.5
  250.087414  8.5
  318.979833  8.5
  32.260339  7
  33.305453  7
  69.571092  7
  93.330823  7
  132.328150  7
  181.226508  7
  240.239288  7
  0.000015  7.5
  53.681222  7.5
  62.329265  7.5
  94.247583  7.5
  132.287541  7.5
  181.227262  7.5
  240.239283  7.5
  26.570781  6
  28.485150  6
  58.103656  6
  84.439127  6
  123.537342  6
  172.656925  6
  0.000098  6.5
  42.885122  6.5
  54.348202  6.5
  84.730365  6.5
  123.529791  6.5
  172.656989  6.5
  20.777450  5
  23.966685  5
  48.922513  5
  76.985049  5
  116.234307  5
  0.000615  5.5
  33.219807  5.5
  47.344586  5.5
  77.052110  5.5
  116.233541  5.5
  15.136101  4
  19.887804  4
  41.954783  4
  70.968418  4
  0.003662  4.5
  25.068185  4.5
  41.470000  4.5
  70.976984  4.5
  10.060094  3
  16.399744  3
  36.922835  3
  0.020229  3.5
  18.702591  3.5
  36.838647  3.5
  5.941665  2
  13.657424  2
  0.098624  2.5
  14.286327  2.5
  3.002736  1
  0.395668  1.5
