  41.199323  10
  41.200101  10
  108.029080  10
  108.630461  10
  146.135388  10
  161.220842  10
  190.184338  10
  223.927530  10
  263.454050  10
  308.374701  10
  0.000000  10.5
  77.424984  10.5
  77.458004  10.5
  130.762553  10.5
  135.504499  10.5
  163.679474  10.5
  189.950490  10.5
  223.938501  10.5
  263.453791  10.5
  308.374703  10.5
  36.830533  9
  36.833483  9
  94.228493  9
  95.737893  9
  125.190798  9
  144.317723  9
  173.384531  9
  207.803339  9
  247.687485  9
  0.000000  9.5
  68.612815  9.5
  68.718752  9.5
  111.490614  9.5
  119.617578  9.5
  145.118117  9.5
  173.336294  9.5
  207.804704  9.5
  247.687470  9.5
  32.456769  8
  32.467593  8
  79.982777  8
  83.250813  8
  107.280526  8
  129.376738  8
  158.816192  8
  193.653741  8
  0.000000  8.5
  59.707105  8.5
  60.024745  8.5
  93.087340  8.5
  104.984077  8.5
  129.571676  8.5
  158.809322  8.5
  193.653830  8.5
  28.069792  7
  28.107835  7
  65.601143  7
  71.487098  7
  92.648069  7
  116.467743  7
  146.274257  7
  0.000000  7.5
  50.598622  7.5
  51.461820  7.5
  76.602251  7.5
  91.953024  7.5
  116.500304  7.5
  146.273743  7.5
  23.646152  6
  23.772051  6
  51.934710  6
  60.816968  6
  80.896891  6
  105.547377  6
  0.000000  6.5
  41.178906  6.5
  43.200678  6.5
  62.843776  6.5
  80.755263  6.5
  105.550237  6.5
  19.129024  5
  19.509617  5
  39.936715  5
  51.584772  5
  71.487176  5
  0.000002  5.5
  31.638074  5.5
  35.510171  5.5
  52.122605  5.5
  71.472044  5.5
  14.438792  4
  15.432215  4
  30.339201  4
  44.032697  4
  0.000036  4.5
  22.689497  4.5
  28.723191  4.5
  44.106654  4.5
  9.669569  3
  11.737276  3
  23.481620  3
  0.000614  3.5
  15.177977  3.5
  23.167229  3.5
  5.381489  2
  8.690004  2
  0.009023  2.5
  9.700707  2.5
  2.279502  1
  0.098620  1.5
