  70.365971  10
  81.089554  10
  168.864579  10
  265.204457  10
  400.935299  10
  571.165975  10
  775.793953  10
  1014.696872  10
  1287.822844  10
  1595.145754  10
  0.002312  10.5
  114.380579  10.5
  162.334160  10.5
  265.603361  10.5
  400.924574  10.5
  571.166129  10.5
  775.793952  10.5
  1014.696872  10.5
  1287.822844  10.5
  1595.145754  10.5
  60.772009  9
  74.088018  9
  155.917673  9
  254.371250  9
  390.310066  9
  560.700520  9
  765.417893  9
  1004.376933  9
  1277.540446  9
  0.005623  9.5
  99.751982  9.5
  151.944233  9.5
  254.557673  9.5
  390.306215  9.5
  560.700561  9.5
  765.417893  9.5
  1004.376933  9.5
  1277.540446  9.5
  51.437726  8
  67.510958  8
  144.788436  8
  244.744892  8
  380.867346  8
  551.378024  8
  756.163631  8
  995.165530  8
  0.013481  8.5
  86.525209  8.5
  142.549409  8.5
  244.823318  8.5
  380.866156  8.5
  551.378032  8.5
  756.163631  8.5
  995.165530  8.5
  42.552665  7
  61.423332  7
  135.342847  7
  236.310725  7
  372.584764  7
  543.184621  7
  748.021268  7
  0.031736  7.5
  74.812698  7.5
  134.195674  7.5
  236.339453  7.5
  372.584466  7.5
  543.184622  7.5
  748.021268  7.5
  34.303810  6
  55.890944  6
  127.438406  6
  229.050972  6
  365.443341  6
  536.108129  6
  0.072977  6.5
  64.703399  6.5
  126.919340  6.5
  229.059638  6.5
  365.443287  6.5
  536.108129  6.5
  26.854347  5
  50.980359  5
  120.943879  5
  222.946805  5
  359.427052  5
  0.162799  5.5
  56.259801  5.5
  120.746697  5.5
  222.948738  5.5
  359.427047  5.5
  20.329239  4
  46.760107  4
  115.751063  4
  217.980088  4
  0.349375  4.5
  49.510697  4.5
  115.694205  4.5
  217.980330  4.5
  14.807061  3
  43.303572  3
  111.778888  3
  0.714629  3.5
  44.441125  3.5
  111.769351  3.5
  10.315632  2
  40.693644  2
  1.381299  2.5
  40.985033  2.5
  6.829516  1
  2.508044  1.5
