  256.687677  10
  1043.510833  10
  2805.945778  10
  5448.284459  10
  8972.453882  10
  13377.994452  10
  18664.781281  10
  24832.767365  10
  31881.931774  10
  39812.264033  10
  37.763969  10.5
  1052.227855  10.5
  2805.895454  10.5
  5448.284560  10.5
  8972.453882  10.5
  13377.994452  10.5
  18664.781281  10.5
  24832.767365  10.5
  31881.931774  10.5
  39812.264033  10.5
  238.038486  9
  1033.914784  9
  2795.978400  9
  5438.542631  9
  8962.798743  9
  13368.382825  9
  18655.194565  9
  24823.196234  9
  31872.371041  9
  42.475434  9.5
  1040.275943  9.5
  2795.949028  9.5
  5438.542678  9.5
  8962.798743  9.5
  13368.382825  9.5
  18655.194565  9.5
  24823.196234  9.5
  31872.371041  9.5
  220.319830  8
  1025.231523  8
  2787.069332  8
  5429.829658  8
  8954.162034  8
  13359.784366  8
  18646.617996  8
  24814.633359  8
  47.663986  8.5
  1029.697848  8.5
  2787.053303  8.5
  5429.829678  8.5
  8954.162034  8.5
  13359.784366  8.5
  18646.617996  8.5
  24814.633359  8.5
  203.518809  7
  1017.481951  7
  2779.215281  7
  5422.144408  7
  8946.543054  7
  13352.198602  7
  18639.051235  7
  53.361462  7.5
  1020.467473  7.5
  2779.207263  7.5
  5422.144415  7.5
  8946.543054  7.5
  13352.198602  7.5
  18639.051235  7.5
  187.620680  6
  1010.687747  6
  2772.413470  6
  5415.485881  6
  8939.941187  6
  13345.625116  6
  59.599819  6.5
  1012.558025  6.5
  2772.409905  6.5
  5415.485884  6.5
  8939.941187  6.5
  13345.625116  6.5
  172.608885  5
  1004.871368  5
  2766.661603  5
  5409.853211  5
  8934.355896  5
  66.410942  5.5
  1005.942194  5.5
  2766.660266  5.5
  5409.853211  5.5
  8934.355896  5.5
  158.465088  4
  1000.056051  4
  2761.957827  4
  5405.245662  4
  73.826435  4.5
  1000.592322  4.5
  2761.957445  4.5
  5405.245662  4.5
  145.169223  3
  996.265794  3
  2758.300706  3
  81.877439  3.5
  996.480569  3.5
  2758.300642  3.5
  132.699558  2
  993.525329  2
  90.594434  2.5
  993.579071  2.5
  121.032765  1
  100.007074  1.5
