  38.103011  10
  38.103011  10
  102.214738  10
  102.214743  10
  150.079605  10
  150.092614  10
  179.903771  10
  182.194384  10
  195.970752  10
  208.856605  10
  -0.000000  10.5
  72.177550  10.5
  72.177550  10.5
  128.197003  10.5
  128.197353  10.5
  167.645113  10.5
  167.905636  10.5
  187.491360  10.5
  194.977871  10.5
  208.905957  10.5
  34.091287  9
  34.091287  9
  90.174284  9
  90.174363  9
  129.898318  9
  130.008050  9
  150.499351  9
  156.076658  9
  168.625574  9
  -0.000000  9.5
  64.153161  9.5
  64.153162  9.5
  112.127839  9.5
  112.131916  9.5
  142.795288  9.5
  144.118379  9.5
  157.572822  9.5
  168.534546  9.5
  30.079510  8
  30.079510  8
  78.130455  8
  78.131513  8
  109.407054  8
  110.089680  8
  123.517269  8
  132.527194  8
  -0.000000  8.5
  56.128264  8.5
  56.128277  8.5
  96.027395  8.5
  96.067688  8.5
  117.482107  8.5
  121.391232  8.5
  132.690946  8.5
  26.067649  7
  26.067650  7
  66.075490  7
  66.087845  7
  88.358413  7
  90.888596  7
  101.110289  7
  0.000000  7.5
  48.102391  7.5
  48.102600  7.5
  79.774485  7.5
  80.081581  7.5
  93.729037  7.5
  100.825346  7.5
  22.055630  6
  22.055656  6
  53.959163  6
  54.075136  6
  68.112798  6
  73.415687  6
  0.000000  6.5
  40.073477  6.5
  40.076394  6.5
  63.065101  6.5
  64.534706  6.5
  73.889686  6.5
  18.043124  5
  18.043562  5
  41.563989  5
  42.296684  5
  51.022901  5
  0.000000  5.5
  32.025768  5.5
  32.059908  5.5
  46.575211  5.5
  50.280450  5.5
  14.027040  4
  14.033559  4
  29.039552  4
  31.398005  4
  0.000000  4.5
  23.854077  4.5
  24.144707  4.5
  32.476235  4.5
  9.976387  3
  10.053337  3
  18.181698  3
  0.000000  3.5
  15.449513  3.5
  16.744556  3.5
  5.767377  2
  6.296334  2
  0.000009  2.5
  8.052133  2.5
  2.008685  1
  0.002901  1.5
