  79.527585  10
  106.173698  10
  229.291900  10
  390.169212  10
  608.885600  10
  882.815189  10
  1211.788480  10
  1595.717931  10
  2034.564758  10
  2528.309436  10
  0.025948  10.5
  135.004897  10.5
  226.002975  10.5
  390.284864  10.5
  608.883732  10.5
  882.815205  10.5
  1211.788480  10.5
  1595.717931  10.5
  2034.564758  10.5
  2528.309436  10.5
  68.490415  9
  98.641382  9
  217.643491  9
  379.757350  9
  598.657976  9
  872.696408  9
  1201.731942  9
  1585.700496  9
  2024.573490  9
  0.050475  9.5
  120.521822  9.5
  215.688973  9.5
  379.811026  9.5
  598.657307  9.5
  872.696412  9.5
  1201.731942  9.5
  1585.700496  9.5
  2024.573490  9.5
  58.067073  8
  91.647619  8
  207.504961  8
  370.490979  8
  589.543914  8
  863.667281  8
  1192.751570  8
  1576.750757  8
  0.096805  8.5
  107.600944  8.5
  206.423193  8.5
  370.513444  8.5
  589.543708  8.5
  863.667282  8.5
  1192.751570  8.5
  1576.750757  8.5
  48.385857  7
  85.242964  7
  198.773865  7
  362.355863  7
  581.530857  7
  855.719604  7
  1184.841492  7
  0.182477  7.5
  96.293355  7.5
  198.226814  7.5
  362.364061  7.5
  581.530806  7.5
  855.719604  7.5
  1184.841492  7.5
  39.553890  6
  79.478867  6
  191.360371  6
  355.337926  6
  574.607894  6
  848.846154  6
  0.336809  6.5
  86.631420  6.5
  191.115105  6.5
  355.340393  6.5
  574.607885  6.5
  848.846154  6.5
  31.652447  5
  74.408706  5
  185.190294  5
  349.423952  5
  568.765665  5
  0.606147  5.5
  78.624265  5.5
  185.097706  5.5
  349.424501  5.5
  568.765664  5.5
  24.734120  4
  70.089484  4
  180.205758  4
  344.602130  4
  1.058929  4.5
  72.252967  4.5
  180.179172  4.5
  344.602198  4.5
  18.821057  3
  66.584156  3
  176.364280  3
  1.788392  3.5
  67.467599  3.5
  176.359833  3.5
  13.903781  2
  63.964392  2
  2.910504  2.5
  64.188556  2.5
  9.940640  1
  4.556084  1.5
