  38.792951  10
  38.792953  10
  103.632966  10
  103.639171  10
  149.669170  10
  151.211983  10
  174.155511  10
  189.764474  10
  212.246184  10
  238.285602  10
  0.000000  10.5
  73.362796  10.5
  73.362945  10.5
  129.387553  10.5
  129.524868  10.5
  163.070198  10.5
  170.256444  10.5
  190.274842  10.5
  212.219272  10.5
  238.286129  10.5
  34.702506  9
  34.702519  9
  91.303375  9
  91.336219  9
  127.593883  9
  131.548843  9
  150.189916  9
  168.705899  9
  191.808478  9
  0.000000  9.5
  65.173774  9.5
  65.174731  9.5
  112.628680  9.5
  113.181116  9.5
  137.687755  9.5
  149.056735  9.5
  168.780751  9.5
  191.806770  9.5
  30.611603  8
  30.611693  8
  78.897970  8
  79.054107  8
  105.711905  8
  113.160970  8
  130.414057  8
  150.376395  8
  0.000000  8.5
  56.978446  8.5
  56.984261  8.5
  95.365875  8.5
  97.154685  8.5
  115.400731  8.5
  130.216163  8.5
  150.381805  8.5
  26.519782  7
  26.520410  7
  66.265123  7
  66.895470  7
  85.751215  7
  96.710233  7
  114.009209  7
  0.000000  7.5
  48.764414  7.5
  48.796963  7.5
  77.690535  7.5
  81.917676  7.5
  97.197166  7.5
  113.992546  7.5
  22.425239  6
  22.429401  6
  53.194259  6
  55.141153  6
  69.189755  6
  82.649343  6
  0.000000  6.5
  40.483231  6.5
  40.644795  6.5
  60.822418  6.5
  68.112440  6.5
  82.698716  6.5
  18.319344  5
  18.344712  5
  40.114506  5
  44.303075  5
  56.469481  5
  0.000000  5.5
  31.992036  5.5
  32.649936  5.5
  46.355005  5.5
  56.331184  5.5
  14.163250  4
  14.298687  4
  28.412422  4
  35.002276  4
  0.000000  4.5
  23.215005  4.5
  25.126368  4.5
  35.356896  4.5
  9.849906  3
  10.414960  3
  19.380127  3
  0.000010  3.5
  14.917108  3.5
  18.594100  3.5
  5.494388  2
  7.001091  2
  0.000556  2.5
  8.405739  2.5
  2.067385  1
  0.022793  1.5
