  82.035247  10
  114.382552  10
  250.150355  10
  432.177817  10
  678.588795  10
  987.119531  10
  1357.598593  10
  1789.943923  10
  2284.119022  10
  2840.105514  10
  0.043571  10.5
  142.086831  10.5
  247.393991  10.5
  432.262852  10.5
  678.587583  10.5
  987.119541  10.5
  1357.598593  10.5
  1789.943923  10.5
  2284.119022  10.5
  2840.105514  10.5
  70.704130  9
  106.729594  9
  238.736493  9
  421.845526  9
  668.432057  9
  977.063117  9
  1347.599675  9
  1779.981128  9
  2274.180399  9
  0.080860  9.5
  127.682540  9.5
  237.103884  9.5
  421.884954  9.5
  668.431624  9.5
  977.063119  9.5
  1347.599675  9.5
  1779.981128  9.5
  2274.180399  9.5
  60.054307  8
  99.639346  8
  228.770241  8
  412.645837  8
  659.376877  8
  968.086854  8
  1338.668758  8
  1771.078700  8
  0.147987  8.5
  114.862713  8.5
  227.868894  8.5
  412.662327  8.5
  659.376744  8.5
  968.086855  8.5
  1338.668758  8.5
  1771.078700  8.5
  50.196681  7
  93.159471  7
  220.161031  7
  404.565421  7
  651.412281  7
  960.183524  7
  1330.800671  7
  0.266330  7.5
  103.666866  7.5
  219.706055  7.5
  404.571435  7.5
  651.412248  7.5
  960.183524  7.5
  1330.800671  7.5
  41.221278  6
  87.338783  6
  212.831001  6
  397.591392  6
  644.528703  6
  953.346773  6
  0.469761  6.5
  94.116254  6.5
  212.627288  6.5
  397.593201  6.5
  644.528697  6.5
  953.346773  6.5
  33.194152  5
  82.228340  5
  206.716549  5
  391.711839  5
  638.717921  5
  0.809133  5.5
  86.209822  5.5
  206.639720  5.5
  391.712241  5.5
  638.717920  5.5
  26.155448  4
  77.883059  4
  201.768290  4
  386.916224  4
  1.356001  4.5
  79.920530  4.5
  201.746244  4.5
  386.916274  4.5
  20.118139  3
  74.363794  3
  197.949987  3
  2.203813  3.5
  75.193829  3.5
  197.946301  3.5
  15.067157  2
  71.739673  2
  3.464921  2.5
  71.949924  2.5
  10.959080  1
  5.263087  1.5
