  67.907163  10
  75.793912  10
  157.256324  10
  239.921987  10
  358.646508  10
  507.599388  10
  686.733935  10
  895.911692  10
  1135.075522  10
  1404.196671  10
  0.001043  10.5
  110.284743  10.5
  149.420185  10.5
  240.487564  10.5
  358.628885  10.5
  507.599680  10.5
  686.733932  10.5
  895.911692  10.5
  1135.075522  10.5
  1404.196671  10.5
  58.800849  9
  68.958114  9
  143.840404  9
  228.936326  9
  347.865354  9
  496.999755  9
  676.234547  9
  885.475214  9
  1124.681113  9
  0.002734  9.5
  95.684312  9.5
  139.020466  9.5
  229.201573  9.5
  347.859018  9.5
  496.999833  9.5
  676.234546  9.5
  885.475214  9.5
  1124.681113  9.5
  49.843135  8
  62.509174  8
  132.330184  8
  219.176204  8
  338.294654  8
  487.563926  8
  666.874727  8
  876.163125  8
  0.007064  8.5
  82.412230  8.5
  129.590724  8.5
  219.288074  8.5
  338.292694  8.5
  487.563943  8.5
  666.874727  8.5
  876.163125  8.5
  41.227436  7
  56.516427  7
  122.599294  7
  210.628952  7
  329.907629  7
  479.275769  7
  658.642967  7
  0.017916  7.5
  70.605638  7.5
  121.186808  7.5
  210.670004  7.5
  329.907137  7.5
  479.275772  7.5
  658.642967  7.5
  33.160523  6
  51.050737  6
  114.495702  6
  203.276804  6
  322.681844  6
  472.121114  6
  0.044375  6.5
  60.374589  6.5
  113.853777  6.5
  203.289203  6.5
  322.681754  6.5
  472.121115  6.5
  25.833287  5
  46.183744  5
  107.869748  5
  197.099601  5
  316.598513  5
  0.106522  5.5
  51.800719  5.5
  107.625185  5.5
  197.102370  5.5
  316.598504  5.5
  19.398629  4
  41.988558  4
  102.593637  4
  192.077172  4
  0.245448  4.5
  44.930769  4.5
  102.522986  4.5
  192.077519  4.5
  13.958454  3
  38.542476  3
  98.570113  3
  0.536790  3.5
  39.765049  3.5
  98.558249  3.5
  9.556961  2
  35.932091  2
  1.102018  2.5
  36.246396  2.5
  6.177033  1
  2.106714  1.5
