  39.864424  10
  39.864497  10
  105.725862  10
  105.834173  10
  147.458079  10
  154.742974  10
  178.831024  10
  204.531205  10
  235.711479  10
  271.403969  10
  0.000000  10.5
  75.187810  10.5
  75.192010  10.5
  130.495324  10.5
  131.864695  10.5
  160.562498  10.5
  177.906822  10.5
  204.594207  10.5
  235.709423  10.5
  271.403996  10.5
  35.650932  9
  35.651291  9
  92.830630  9
  93.197965  9
  125.009727  9
  136.396661  9
  159.557263  9
  186.508148  9
  218.178204  9
  0.000000  9.5
  66.734050  9.5
  66.751711  9.5
  112.278421  9.5
  115.563279  9.5
  138.663457  9.5
  159.349670  9.5
  186.516337  9.5
  218.178083  9.5
  31.435804  8
  31.437523  8
  79.632557  8
  80.728888  8
  104.711094  8
  119.895064  8
  143.151393  8
  170.766925  8
  0.000000  8.5
  58.249102  8.5
  58.318863  8.5
  93.828335  8.5
  100.117173  8.5
  120.517340  8.5
  143.120240  8.5
  170.767474  8.5
  27.216475  7
  27.224356  7
  65.984434  7
  68.679405  7
  87.631768  7
  105.530934  7
  129.172789  7
  0.000000  7.5
  49.677362  7.5
  49.929641  7.5
  76.269140  7.5
  86.015774  7.5
  105.642228  7.5
  129.170383  7.5
  22.983849  6
  23.017945  6
  52.271497  6
  57.444890  6
  74.055541  6
  93.387023  6
  0.000000  6.5
  40.891564  6.5
  41.688404  6.5
  60.860035  6.5
  73.693013  6.5
  93.397187  6.5
  18.707217  5
  18.842589  5
  39.568827  5
  47.488783  5
  63.450775  5
  0.000000  5.5
  31.792559  5.5
  33.822284  5.5
  48.507846  5.5
  63.410051  5.5
  14.307335  4
  14.774235  4
  28.973422  4
  39.214698  4
  0.000004  4.5
  22.790066  4.5
  26.694307  4.5
  39.364952  4.5
  9.731914  3
  10.991875  3
  21.208643  3
  0.000123  3.5
  14.888025  3.5
  20.729012  3.5
  5.389290  2
  7.794313  2
  0.003069  2.5
  8.970354  2.5
  2.160396  1
  0.055306  1.5
