  38.064174  10
  38.064174  10
  102.133854  10
  102.133855  10
  150.052639  10
  150.056688  10
  180.741670  10
  182.006017  10
  195.428920  10
  206.132656  10
  -0.000000  10.5
  72.110627  10.5
  72.110627  10.5
  128.123055  10.5
  128.123141  10.5
  167.812602  10.5
  167.917720  10.5
  188.473444  10.5
  193.877160  10.5
  206.230237  10.5
  34.056871  9
  34.056871  9
  90.108687  9
  90.108706  9
  129.951204  9
  129.994830  9
  151.367739  9
  155.302907  9
  166.563088  9
  -0.000000  9.5
  64.095438  9.5
  64.095438  9.5
  112.080682  9.5
  112.081943  9.5
  143.302735  9.5
  144.005661  9.5
  157.417415  9.5
  166.399160  9.5
  30.049535  8
  30.049535  8
  78.081575  8
  78.081901  8
  109.667536  8
  110.019435  8
  123.614584  8
  130.902725  8
  -0.000000  8.5
  56.079935  8.5
  56.079939  8.5
  96.022485  8.5
  96.038346  8.5
  118.176394  8.5
  120.869885  8.5
  131.171016  8.5
  26.042147  7
  26.042148  7
  66.048706  7
  66.053538  7
  88.854045  7
  90.554359  7
  100.058622  7
  0.000000  7.5
  48.063857  7.5
  48.063921  7.5
  79.878672  7.5
  80.033689  7.5
  93.953929  7.5
  99.634273  7.5
  22.034665  6
  22.034673  6
  53.982262  6
  54.040035  6
  68.368660  6
  72.581970  6
  0.000000  6.5
  40.046173  6.5
  40.047309  6.5
  63.370039  6.5
  64.333153  6.5
  73.223971  6.5
  18.026924  5
  18.027094  5
  41.715151  5
  42.184742  5
  50.650168  5
  0.000000  5.5
  32.018365  5.5
  32.035244  5.5
  46.801001  5.5
  49.731452  5.5
  14.017285  4
  14.020495  4
  29.205768  4
  31.066603  4
  0.000000  4.5
  23.906827  4.5
  24.090093  4.5
  32.298819  4.5
  9.985122  3
  10.033208  3
  18.113302  3
  0.000000  3.5
  15.549996  3.5
  16.570826  3.5
  5.811395  2
  6.228273  2
  0.000004  2.5
  8.032458  2.5
  2.005408  1
  0.001805  1.5
