  39.817109  10
  39.817174  10
  105.637301  10
  105.736888  10
  147.546293  10
  154.549931  10
  178.496010  10
  203.858168  10
  234.709665  10
  270.039694  10
  0.000000  10.5
  75.107692  10.5
  75.111495  10.5
  130.467193  10.5
  131.751018  10.5
  160.555182  10.5
  177.518350  10.5
  203.926038  10.5
  234.707418  10.5
  270.039724  10.5
  35.609075  9
  35.609400  9
  92.770539  9
  93.112974  9
  125.066021  9
  136.146352  9
  159.092012  9
  185.742832  9
  217.090292  9
  0.000000  9.5
  66.665971  9.5
  66.682169  9.5
  112.308879  9.5
  115.439916  9.5
  138.507790  9.5
  158.871224  9.5
  185.751676  9.5
  217.090158  9.5
  31.399481  8
  31.401055  8
  79.610991  8
  80.648174  8
  104.680123  8
  119.575963  8
  142.593303  8
  169.924169  8
  0.000000  8.5
  58.194653  8.5
  58.259469  8.5
  93.881319  8.5
  99.964733  8.5
  120.228954  8.5
  142.560065  8.5
  169.924763  8.5
  27.185897  7
  27.193205  7
  66.001335  7
  68.590380  7
  87.490585  7
  105.143682  7
  128.544155  7
  0.000000  7.5
  49.640347  7.5
  49.877891  7.5
  76.292713  7.5
  85.818857  7.5
  105.260961  7.5
  128.541583  7.5
  22.959654  6
  22.991676  6
  52.298651  6
  57.333851  6
  73.822458  6
  92.940878  6
  0.000000  6.5
  40.877935  6.5
  41.638802  6.5
  60.819049  6.5
  73.445291  6.5
  92.951614  6.5
  18.691077  5
  18.819872  5
  39.572058  5
  47.346242  5
  63.157511  5
  0.000000  5.5
  31.800802  5.5
  33.766429  5.5
  48.392449  5.5
  63.115016  5.5
  14.301969  4
  14.752102  4
  28.934892  4
  39.038779  4
  0.000004  4.5
  22.800493  4.5
  26.623942  4.5
  39.193652  4.5
  9.735611  3
  10.966001  3
  21.128222  3
  0.000114  3.5
  14.882502  3.5
  20.639980  3.5
  5.391309  2
  7.761451  2
  0.002915  2.5
  8.945019  2.5
  2.156241  1
  0.053828  1.5
