  45.856518  10
  45.892653  10
  113.065486  10
  119.982791  10
  156.631601  10
  193.326505  10
  240.855830  10
  296.918583  10
  361.393573  10
  434.160983  10
  0.000000  10.5
  84.645243  10.5
  85.491604  10.5
  132.580255  10.5
  153.996195  10.5
  193.551874  10.5
  240.845956  10.5
  296.918822  10.5
  361.393570  10.5
  434.160983  10.5
  40.910072  9
  40.999092  9
  96.781034  9
  107.060010  9
  140.915634  9
  179.354228  9
  227.258758  9
  283.599737  9
  348.254445  9
  0.000000  9.5
  74.238813  9.5
  75.946169  9.5
  114.515300  9.5
  139.854107  9.5
  179.417541  9.5
  227.256853  9.5
  283.599765  9.5
  348.254445  9.5
  35.921114  8
  36.132800  8
  81.229926  8
  95.119912  8
  127.647940  8
  167.077354  8
  215.279585  8
  271.818045  8
  0.000000  8.5
  63.535126  8.5
  66.695594  8.5
  98.913184  8.5
  127.293952  8.5
  167.091431  8.5
  215.279326  8.5
  271.818047  8.5
  30.848552  7
  31.328305  7
  67.054449  7
  84.382589  7
  116.460424  7
  156.434072  7
  204.852107  7
  0.000002  7.5
  52.665304  7.5
  57.915784  7.5
  85.973911  7.5
  116.367100  7.5
  156.436294  7.5
  204.852088  7.5
  25.634136  6
  26.649361  6
  54.787032  6
  75.020988  6
  107.080869  6
  147.357071  6
  0.000019  6.5
  42.048830  6.5
  49.815737  6.5
  75.544298  6.5
  107.063302  6.5
  147.357259  6.5
  20.253155  5
  22.199143  5
  44.799669  5
  67.141291  5
  99.335277  5
  0.000155  5.5
  32.267512  5.5
  42.613194  5.5
  67.264183  5.5
  99.333481  5.5
  14.850026  4
  18.121456  4
  37.202759  4
  60.778469  4
  0.001202  4.5
  23.849245  4.5
  36.507924  4.5
  60.794331  4.5
  9.826403  3
  14.588203  3
  31.782358  3
  0.008663  3.5
  17.178869  3.5
  31.659427  3.5
  5.675444  2
  11.780833  2
  0.054691  2.5
  12.501581  2.5
  2.725628  1
  0.275626  1.5
