  80.909199  10
  110.634325  10
  240.583819  10
  412.949550  10
  646.691624  10
  939.393895  10
  1290.885429  10
  1701.081847  10
  2169.945677  10
  2697.458054  10
  0.034768  10.5
  138.837169  10.5
  237.602772  10.5
  413.046977  10.5
  646.690156  10.5
  939.393907  10.5
  1290.885429  10.5
  1701.081847  10.5
  2169.945677  10.5
  2697.458054  10.5
  69.705505  9
  103.034276  9
  229.070110  9
  402.583139  9
  636.504623  9
  929.310837  9
  1280.861889  9
  1691.095701  9
  2159.984554  9
  0.065855  9.5
  124.396382  9.5
  227.301985  9.5
  402.628332  9.5
  636.504098  9.5
  929.310840  9.5
  1280.861889  9.5
  1691.095701  9.5
  2159.984554  9.5
  59.154390  8
  95.986426  8
  219.030679  8
  393.354901  8
  627.424296  8
  920.311987  8
  1271.909838  8
  1682.173052  8
  0.123001  8.5
  111.530917  8.5
  218.053501  8.5
  393.373807  8.5
  627.424134  8.5
  920.311988  8.5
  1271.909838  8.5
  1682.173052  8.5
  49.374354  7
  89.539680  7
  210.369734  7
  385.251087  7
  619.438997  7
  912.389706  7
  1264.023804  7
  0.225855  7.5
  100.285288  7.5
  209.876103  7.5
  385.257984  7.5
  619.438957  7.5
  912.389706  7.5
  1264.023804  7.5
  40.462774  6
  83.743975  6
  203.004264  6
  378.258287  6
  612.538590  6
  905.537270  6
  0.406286  6.5
  90.685543  6.5
  202.783120  6.5
  378.260361  6.5
  612.538583  6.5
  905.537270  6.5
  32.492192  5
  78.651360  5
  196.866164  5
  372.364022  5
  606.714368  5
  0.713216  5.5
  82.734980  5.5
  196.782727  5.5
  372.364484  5.5
  606.714368  5.5
  25.508031  4
  74.317647  4
  191.902455  4
  367.557206  4
  1.216931  4.5
  76.409972  4.5
  191.878507  4.5
  367.557263  4.5
  19.527132  3
  70.804605  3
  188.074265  3
  2.010899  3.5
  71.657844  3.5
  188.070260  3.5
  14.536759  2
  68.182479  2
  3.209139  2.5
  68.398766  2.5
  10.494190  1
  4.938524  1.5
