  38.265962  10
  38.265962  10
  102.553046  10
  102.553191  10
  150.138659  10
  150.268656  10
  177.128310  10
  183.523733  10
  199.648113  10
  217.672933  10
  -0.000000  10.5
  72.458107  10.5
  72.458109  10.5
  128.501566  10.5
  128.507383  10.5
  166.641040  10.5
  168.091763  10.5
  186.151866  10.5
  199.377751  10.5
  217.681582  10.5
  34.235676  9
  34.235676  9
  90.447723  9
  90.449052  9
  129.518998  9
  130.174903  9
  148.817073  9
  159.224574  9
  175.494085  9
  0.000000  9.5
  64.395062  9.5
  64.395084  9.5
  112.307170  9.5
  112.349009  9.5
  140.849399  9.5
  144.944546  9.5
  159.748903  9.5
  175.474130  9.5
  30.205252  8
  30.205254  8
  78.330210  8
  78.341269  8
  108.260775  8
  110.592067  8
  124.498306  8
  137.823488  8
  0.000000  8.5
  56.330595  8.5
  56.330823  8.5
  95.983142  8.5
  96.235475  8.5
  115.846105  8.5
  123.542487  8.5
  137.868478  8.5
  26.174600  7
  26.174624  7
  66.166718  7
  66.246385  7
  87.018314  7
  92.281730  7
  104.812820  7
  0.000000  7.5
  48.262886  7.5
  48.265097  7.5
  79.251289  7.5
  80.388903  7.5
  93.887997  7.5
  104.714440  7.5
  22.143447  6
  22.143723  6
  53.813153  6
  54.267713  6
  67.830952  6
  76.134511  6
  0.000000  6.5
  40.182881  6.5
  40.202025  6.5
  62.138279  6.5
  65.379956  6.5
  76.340722  6.5
  18.110328  5
  18.113230  5
  41.051814  5
  42.767504  5
  52.468712  5
  0.000000  5.5
  32.039825  5.5
  32.178169  5.5
  46.156706  5.5
  52.062190  5.5
  14.064567  4
  14.091442  4
  28.668988  4
  32.464495  4
  0.000000  4.5
  23.657892  4.5
  24.374598  4.5
  33.197243  4.5
  9.941821  3
  10.138055  3
  18.467372  3
  0.000000  3.5
  15.205049  3.5
  17.297380  3.5
  5.654814  2
  6.510079  2
  0.000063  2.5
  8.134952  2.5
  2.022465  1
  0.007526  1.5
