  2315.649159  10
  16680.494569  10
  46233.494934  10
  90566.591214  10
  149678.361613  10
  223568.388079  10
  312236.551217  10
  415682.806245  10
  533907.133257  10
  666909.522298  10
  1453.810730  10.5
  16682.652173  10.5
  46233.494203  10.5
  90566.591215  10.5
  149678.361613  10.5
  223568.388079  10.5
  312236.551217  10.5
  415682.806245  10.5
  533907.133257  10.5
  666909.522298  10.5
  2265.255963  9
  16670.095447  9
  46223.595336  9
  90556.890687  9
  149668.740699  9
  223558.806981  9
  312226.992874  9
  415673.262125  9
  533897.598619  9
  1489.973508  9.5
  16671.664929  9.5
  46223.594909  9.5
  90556.890687  9.5
  149668.740699  9.5
  223558.806981  9.5
  312226.992874  9.5
  415673.262125  9.5
  533897.598619  9.5
  2215.668489  8
  16660.763903  8
  46214.738215  8
  90548.211469  8
  149660.132637  8
  223550.234504  8
  312218.440733  8
  415664.722695  8
  1526.824642  8.5
  16661.862738  8.5
  46214.737982  8.5
  90548.211469  8.5
  149660.132637  8.5
  223550.234504  8.5
  312218.440733  8.5
  415664.722695  8.5
  2166.880899  7
  16652.506194  7
  46206.923429  7
  90540.553494  7
  149652.537385  7
  223542.670619  7
  312210.894774  7
  1564.371253  7.5
  16653.238866  7.5
  46206.923313  7.5
  90540.553494  7.5
  149652.537385  7.5
  223542.670619  7.5
  312210.894774  7.5
  2118.887267  6
  16645.328616  6
  46200.150856  6
  90533.916702  6
  149645.954909  6
  223536.115303  6
  1602.620402  6.5
  16645.786599  6.5
  46200.150804  6.5
  90533.916702  6.5
  149645.954909  6.5
  223536.115303  6.5
  2071.681580  5
  16639.237502  5
  46194.420390  5
  90528.301043  5
  149640.385174  5
  1641.579086  5.5
  16639.499237  5.5
  46194.420371  5.5
  90528.301043  5.5
  149640.385174  5.5
  2025.257737  4
  16634.239220  4
  46189.731944  4
  90523.706471  4
  1681.254241  4.5
  16634.370100  4.5
  46189.731938  4.5
  90523.706471  4.5
  1979.609555  3
  16630.340175  3
  46186.085446  3
  1721.652733  3.5
  16630.392531  3.5
  46186.085445  3.5
  1934.730765  2
  16627.546802  2
  1762.781365  2.5
  16627.559892  2.5
  1890.615019  1
  1804.646863  1.5
