  89.848752  10
  142.740163  10
  324.103193  10
  579.494242  10
  922.696756  10
  1352.169533  10
  1867.745672  10
  2469.354604  10
  3156.964771  10
  3930.560296  10
  0.158701  10.5
  167.351253  10.5
  322.424203  10.5
  579.530564  10.5
  922.696389  10.5
  1352.169535  10.5
  1867.745672  10.5
  2469.354604  10.5
  3156.964771  10.5
  3930.560296  10.5
  77.793249  9
  134.771213  9
  313.190331  9
  569.340604  9
  912.695612  9
  1342.250491  9
  1857.873825  9
  2459.512402  9
  3147.142401  9
  0.262483  9.5
  153.223860  9.5
  312.201973  9.5
  569.357416  9.5
  912.695481  9.5
  1342.250492  9.5
  1857.873825  9.5
  2459.512402  9.5
  3147.142401  9.5
  66.560092  8
  127.425192  8
  303.588789  8
  560.289469  8
  903.769927  8
  1333.390765  8
  1849.052039  8
  2450.714442  8
  0.428585  8.5
  140.715229  8.5
  303.045682  8.5
  560.296490  8.5
  903.769886  8.5
  1333.390765  8.5
  1849.052039  8.5
  2450.714442  8.5
  56.218400  7
  120.743364  7
  295.237168  7
  552.330304  7
  895.912065  7
  1325.585274  7
  1841.276670  7
  0.689424  7.5
  129.837577  7.5
  294.963986  7.5
  552.332862  7.5
  895.912055  7.5
  1325.585274  7.5
  1841.276670  7.5
  46.819955  6
  114.768813  6
  288.084242  6
  545.453340  6
  889.115336  6
  1318.829542  6
  1.090164  6.5
  120.586638  6.5
  287.962244  6.5
  545.454109  6.5
  889.115334  6.5
  1318.829542  6.5
  38.398152  5
  109.547464  5
  282.088791  5
  539.649796  5
  883.373967  5
  1.690822  5.5
  112.939548  5.5
  282.042868  5.5
  539.649967  5.5
  883.373967  5.5
  30.967248  4
  105.129322  4
  277.218954  4
  534.912054  4
  2.566996  4.5
  106.853914  4.5
  277.205794  4.5
  534.912075  4.5
  24.521812  3
  101.569866  3
  273.451278  3
  3.808502  3.5
  102.268776  3.5
  273.449080  3.5
  19.036403  2
  98.931413  2
  5.515636  2.5
  99.107781  2.5
  14.465661  1
  7.793462  1.5
