  47.502909  10
  47.582439  10
  114.317588  10
  124.777838  10
  163.988712  10
  207.061686  10
  261.258191  10
  325.045781  10
  398.284882  10
  480.877190  10
  0.000000  10.5
  86.889774  10.5
  88.484750  10.5
  134.876207  10.5
  162.331537  10.5
  207.177417  10.5
  261.253908  10.5
  325.045870  10.5
  398.284881  10.5
  480.877190  10.5
  42.330996  9
  42.510065  9
  97.761094  9
  111.985321  9
  149.334552  9
  193.684205  9
  248.218425  9
  312.238043  9
  385.628900  9
  0.000000  9.5
  75.843223  9.5
  78.744597  9.5
  117.684791  9.5
  148.690049  9.5
  193.716269  9.5
  248.217605  9.5
  312.238054  9.5
  385.628900  9.5
  37.094188  8
  37.482899  8
  82.312712  8
  100.280367  8
  136.828147  8
  181.912921  8
  236.705213  8
  300.891401  8
  0.000001  8.5
  64.551359  8.5
  69.392374  8.5
  103.049097  8.5
  136.617984  8.5
  181.919984  8.5
  236.705102  8.5
  300.891402  8.5
  31.743838  7
  32.546460  7
  68.502076  7
  89.838568  7
  126.181827  7
  171.687978  7
  226.665002  7
  0.000008  7.5
  53.287654  7.5
  60.606063  7.5
  90.957783  7.5
  126.127183  7.5
  171.689086  7.5
  226.664994  7.5
  26.231475  6
  27.775945  6
  56.743692  6
  80.785766  6
  117.198027  6
  162.950190  6
  0.000056  6.5
  42.535844  6.5
  52.580646  6.5
  81.145027  6.5
  117.187829  6.5
  162.950284  6.5
  20.584200  5
  23.281293  5
  47.283162  5
  73.188300  5
  109.748730  5
  0.000384  5.5
  32.820914  5.5
  45.507338  5.5
  73.271515  5.5
  109.747693  5.5
  15.022478  4
  19.203302  4
  40.105376  4
  67.056151  4
  0.002502  4.5
  24.573782  4.5
  39.553938  4.5
  67.066813  4.5
  9.963350  3
  15.700659  3
  34.945748  3
  0.015127  3.5
  18.102495  3.5
  34.849430  3.5
  5.835744  2
  12.937083  2
  0.080501  2.5
  13.597189  2.5
  2.896310  1
  0.348742  1.5
