  56.998261  10
  58.303013  10
  125.448946  10
  162.576941  10
  228.053916  10
  309.683340  10
  408.399833  10
  523.881476  10
  656.033557  10
  804.807712  10
  0.000013  10.5
  97.205205  10.5
  109.457921  10.5
  165.236990  10.5
  227.884231  10.5
  309.688821  10.5
  408.399734  10.5
  523.881477  10.5
  656.033557  10.5
  804.807712  10.5
  50.205157  9
  52.312957  9
  109.776072  9
  150.717980  9
  216.148414  9
  298.159289  9
  397.055083  9
  512.649511  9
  644.876747  9
  0.000050  9.5
  83.463408  9.5
  99.160853  9.5
  152.016085  9.5
  216.086524  9.5
  298.160766  9.5
  397.055064  9.5
  512.649511  9.5
  644.876747  9.5
  43.256051  8
  46.520383  8
  96.097761  8
  140.135932  8
  205.676112  8
  287.945422  8
  386.974105  8
  502.651898  8
  0.000198  8.5
  70.424441  8.5
  89.632786  8.5
  140.698660  8.5
  205.656771  8.5
  287.945741  8.5
  386.974103  8.5
  502.651898  8.5
  36.204911  7
  41.003911  7
  84.520291  7
  130.859892  7
  196.564463  7
  279.009194  7
  378.133442  7
  0.000765  7.5
  58.416830  7.5
  80.992057  7.5
  131.070261  7.5
  196.559573  7.5
  279.009244  7.5
  378.133442  7.5
  29.209588  6
  35.855219  6
  75.016270  6
  122.894222  6
  188.759117  6
  271.321873  6
  0.002886  6.5
  47.715593  6.5
  73.344362  6.5
  122.958547  6.5
  188.758221  6.5
  271.321877  6.5
  22.528343  5
  31.174489  5
  67.432635  5
  116.224261  5
  182.218232  5
  0.010535  5.5
  38.537080  5.5
  66.777795  5.5
  116.238742  5.5
  182.218142  5.5
  16.459889  4
  27.065669  4
  61.551549  4
  110.823769  4
  0.036683  4.5
  31.042905  4.5
  61.359161  4.5
  110.825595  4.5
  11.265936  3
  23.634294  3
  57.164558  3
  0.119258  3.5
  25.336194  3.5
  57.131936  3.5
  7.118290  2
  20.991154  2
  0.351814  2.5
  21.439363  2.5
  4.074598  1
  0.915464  1.5
