  116.027213  10
  256.176158  10
  630.430502  10
  1182.715268  10
  1920.659063  10
  2843.478418  10
  3951.027667  10
  5243.250599  10
  6720.122075  10
  8381.629475  10
  1.643535  10.5
  274.220450  10.5
  629.901001  10.5
  1182.720452  10.5
  1920.659039  10.5
  2843.478418  10.5
  3951.027667  10.5
  5243.250599  10.5
  6720.122075  10.5
  8381.629475  10.5
  102.440483  9
  247.562544  9
  620.124256  9
  1172.806222  9
  1910.864883  9
  2833.742976  9
  3941.325983  9
  5233.570090  9
  6710.455717  9
  2.240195  9.5
  260.892957  9.5
  619.814390  9.5
  1172.808617  9.5
  1910.864875  9.5
  2833.742976  9.5
  3941.325983  9.5
  5233.570090  9.5
  6710.455717  9.5
  89.814328  8
  239.686116  8
  610.963815  8
  1163.956432  8
  1902.111902  8
  2825.039208  8
  3932.650483  8
  5224.912313  8
  3.026769  8.5
  249.151178  8.5
  610.794334  8.5
  1163.957430  8.5
  1902.111899  8.5
  2825.039208  8.5
  3932.650483  8.5
  5224.912313  8.5
  78.161850  7
  232.579497  7
  602.926169  7
  1156.160589  7
  1894.396699  7
  2817.364816  7
  3924.999515  7
  4.051124  7.5
  238.970187  7.5
  602.841232  7.5
  1156.160952  7.5
  1894.396698  7.5
  2817.364816  7.5
  3924.999515  7.5
  67.487299  6
  226.277519  6
  595.992330  6
  1149.413945  6
  1887.716261  6
  2810.717771  6
  5.368051  6.5
  230.316243  6.5
  595.954507  6.5
  1149.414054  6.5
  1887.716261  6.5
  2810.717771  6.5
  57.785930  5
  220.817665  5
  590.147012  5
  1143.712345  5
  1882.067984  5
  7.038549  5.5
  223.147364  5.5
  590.132806  5.5
  1143.712369  5.5
  1882.067984  5.5
  49.043903  4
  216.240492  4
  585.378283  4
  1139.052250  4
  9.128589  4.5
  217.414377  4.5
  585.374219  4.5
  1139.052253  4.5
  41.238270  3
  212.589992  3
  581.677208  3
  11.707445  3.5
  213.062376  3.5
  581.676530  3.5
  34.337073  2
  209.913845  2
  14.845724  2.5
  210.032449  2.5
  28.299641  1
  18.613268  1.5
