  78.788950  10
  103.854778  10
  223.467086  10
  378.375697  10
  589.305051  10
  853.505822  10
  1170.809749  10
  1541.127436  10
  1964.419343  10
  2440.665562  10
  0.022028  10.5
  133.028922  10.5
  219.997635  10.5
  378.502705  10.5
  589.302920  10.5
  853.505841  10.5
  1170.809749  10.5
  1541.127436  10.5
  1964.419343  10.5
  2440.665562  10.5
  67.845740  9
  96.359977  9
  211.740765  9
  367.937810  9
  579.054001  9
  843.366463  9
  1160.734207  9
  1531.091988  9
  1954.410724  9
  0.043495  9.5
  118.524613  9.5
  209.676566  9.5
  367.996776  9.5
  579.053238  9.5
  843.366468  9.5
  1160.734207  9.5
  1531.091988  9.5
  1954.410724  9.5
  57.493982  8
  89.396076  8
  201.544690  8
  358.649552  8
  569.920496  8
  834.319899  8
  1151.737530  8
  1522.126654  8
  0.084670  8.5
  105.574543  8.5
  200.401218  8.5
  358.674237  8.5
  569.920261  8.5
  834.319900  8.5
  1151.737530  8.5
  1522.126654  8.5
  47.867397  7
  83.014575  7
  192.772799  7
  350.496441  7
  561.891449  7
  826.357598  7
  1143.813610  7
  0.161977  7.5
  94.233537  7.5
  192.194173  7.5
  350.505451  7.5
  561.891390  7.5
  826.357598  7.5
  1143.813610  7.5
  39.078647  6
  77.267794  6
  185.331388  6
  343.464041  6
  554.955496  6
  819.472052  6
  0.303337  6.5
  84.537547  6.5
  185.071846  6.5
  343.466752  6.5
  554.955486  6.5
  819.472052  6.5
  31.214046  5
  72.209883  5
  179.142754  5
  337.538722  5
  549.102901  5
  0.553631  5.5
  76.499039  5.5
  179.044745  5.5
  337.539326  5.5
  549.102900  5.5
  24.330358  4
  67.898525  4
  174.146162  4
  332.708261  4
  0.980175  4.5
  70.101849  4.5
  174.118014  4.5
  332.708337  4.5
  18.452846  3
  64.397341  3
  170.297013  3
  1.675949  3.5
  65.297748  3.5
  170.292304  3.5
  13.573973  2
  61.778789  2
  2.757910  2.5
  62.007386  2.5
  9.652769  1
  4.359036  1.5
