  195.868409  10
  679.871111  10
  1798.497567  10
  3473.474883  10
  5707.889394  10
  8501.245742  10
  11853.415692  10
  15764.350863  10
  20234.029691  10
  25262.441378  10
  17.521889  10.5
  690.727154  10.5
  1798.397741  10.5
  3473.475201  10.5
  5707.889394  10.5
  8501.245742  10.5
  11853.415692  10.5
  15764.350863  10.5
  20234.029691  10.5
  25262.441378  10.5
  179.164516  9
  670.514276  9
  1788.484186  9
  3463.707615  9
  5698.213168  9
  8491.615315  9
  11843.811507  9
  15754.763106  9
  20224.452898  9
  20.454096  9.5
  678.451847  9.5
  1788.425903  9.5
  3463.707762  9.5
  5698.213167  9.5
  8491.615315  9.5
  11843.811507  9.5
  15754.763106  9.5
  20224.452898  9.5
  163.415172  8
  662.026152  8
  1779.540425  8
  3454.973850  8
  5689.558812  8
  8483.000858  8
  11835.219902  8
  15746.185802  8
  23.792000  8.5
  667.609091  8.5
  1779.508609  8.5
  3454.973911  8.5
  5689.558812  8.5
  8483.000858  8.5
  11835.219902  8.5
  15746.185802  8.5
  148.609267  7
  654.430996  7
  1771.660579  7
  3447.271800  7
  5681.925221  7
  8475.401625  7
  11827.640338  7
  27.574465  7.5
  658.168705  7.5
  1771.644660  7.5
  3447.271822  7.5
  5681.925221  7.5
  8475.401625  7.5
  11827.640338  7.5
  134.732731  6
  647.754229  6
  1764.839871  6
  3440.599888  6
  5675.311415  6
  8468.816956  6
  31.841179  6.5
  650.098863  6.5
  1764.832792  6.5
  3440.599894  6.5
  5675.311415  6.5
  8468.816956  6.5
  121.768554  5
  642.022476  5
  1759.074382  5
  3434.956743  5
  5669.716549  5
  36.632271  5.5
  643.366421  5.5
  1759.071726  5.5
  3434.956745  5.5
  5669.716549  5.5
  109.696830  4
  637.263593  4
  1754.360981  4
  3430.341207  4
  41.987920  4.5
  637.937269  4.5
  1754.360222  4.5
  3430.341207  4.5
  98.494829  3
  633.506668  3
  1750.697258  3
  47.947959  3.5
  633.776669  3.5
  1750.697131  3.5
  88.137080  2
  630.781992  2
  54.551488  2.5
  630.849587  2.5
  78.595507  1
  61.836508  1.5
