  1994.080706  10
  14098.475296  10
  39061.474847  10
  76509.428608  10
  126441.009608  10
  188855.799504  10
  263753.678837  10
  351134.602798  10
  450998.551470  10
  563345.514893  10
  1201.607852  10.5
  14100.822509  10.5
  39061.473906  10.5
  76509.428608  10.5
  126441.009608  10.5
  188855.799504  10.5
  263753.678837  10.5
  351134.602798  10.5
  450998.551470  10.5
  563345.514893  10.5
  1947.141285  9
  14088.100948  9
  39051.574541  9
  76499.727600  9
  126431.388296  9
  188846.218051  9
  263744.120164  9
  351125.058364  9
  450989.016529  9
  1234.320440  9.5
  14089.808418  9.5
  39051.573991  9.5
  76499.727600  9.5
  126431.388296  9.5
  188846.218051  9.5
  263744.120164  9.5
  351125.058364  9.5
  450989.016529  9.5
  1901.012169  8
  14078.789275  8
  39042.716866  8
  76491.047990  8
  126422.779901  8
  188837.645272  8
  263735.567739  8
  351116.518661  8
  1267.715719  8.5
  14079.984758  8.5
  39042.716567  8.5
  76491.047990  8.5
  126422.779901  8.5
  188837.645272  8.5
  263735.567739  8.5
  351116.518661  8.5
  1855.687080  7
  14070.547054  7
  39034.901654  7
  76483.389697  7
  126415.184373  7
  188830.081133  7
  263728.021538  7
  1301.801484  7.5
  14071.344193  7.5
  39034.901504  7.5
  76483.389697  7.5
  126415.184373  7.5
  188830.081133  7.5
  263728.021538  7.5
  1811.159634  6
  14063.381110  6
  39028.128758  6
  76476.752653  6
  126408.601671  6
  188823.525605  6
  1336.585459  6.5
  14063.879403  6.5
  39028.128691  6.5
  76476.752653  6.5
  126408.601671  6.5
  188823.525605  6.5
  1767.423342  5
  14057.298311  5
  39022.398051  5
  76471.136796  5
  126403.031755  5
  1372.075298  5.5
  14057.583089  5.5
  39022.398026  5.5
  76471.136796  5.5
  126403.031755  5.5
  1724.471612  4
  14052.305566  4
  39017.709430  4
  76466.542073  4
  1408.278581  4.5
  14052.447971  4.5
  39017.709423  4.5
  76466.542073  4.5
  1682.297751  3
  14048.409829  3
  39014.062810  3
  1445.202810  3.5
  14048.466796  3.5
  39014.062808  3.5
  1640.894966  2
  14045.618093  2
  1482.855407  2.5
  14045.632335  2.5
  1600.256369  1
  1521.243711  1.5
