  75.481653  10
  94.078720  10
  199.339531  10
  329.104578  10
  507.423113  10
  730.880407  10
  999.319741  10
  1312.641759  10
  1670.802957  10
  2073.781435  10
  0.009908  10.5
  124.838148  10.5
  194.905437  10.5
  329.300774  10.5
  507.419181  10.5
  730.880449  10.5
  999.319741  10.5
  1312.641759  10.5
  1670.802957  10.5
  2073.781435  10.5
  65.005463  9
  86.763290  9
  187.209015  9
  318.534042  9
  497.050592  9
  720.634628  9
  989.146001  9
  1302.513269  9
  1660.704746  9
  0.021053  9.5
  110.254572  9.5
  184.553588  9.5
  318.625300  9.5
  497.049183  9.5
  720.634639  9.5
  989.146001  9.5
  1302.513269  9.5
  1660.704746  9.5
  55.006032  8
  79.941252  8
  176.711247  8
  309.133574  8
  487.816420  8
  711.497936  8
  980.065097  8
  1293.467416  8
  0.044096  8.5
  97.180320  8.5
  175.233006  8.5
  309.171832  8.5
  487.815986  8.5
  711.497939  8.5
  980.065097  8.5
  1293.467416  8.5
  45.641999  7
  73.668852  7
  167.724428  7
  300.887858  7
  479.704665  7
  703.460087  7
  972.069703  7
  0.090720  7.5
  85.689101  7.5
  166.973715  7.5
  300.901837  7.5
  479.704557  7.5
  703.460088  7.5
  972.069703  7.5
  37.053475  6
  68.002916  6
  160.135902  6
  293.780865  6
  472.701585  6
  696.512072  6
  0.182515  6.5
  75.834814  6.5
  159.798314  6.5
  293.785074  6.5
  472.701565  6.5
  696.512072  6.5
  29.352722  5
  63.001611  5
  153.849792  5
  287.796983  5
  466.795447  5
  0.357159  5.5
  67.646894  5.5
  153.722084  5.5
  287.797921  5.5
  466.795445  5.5
  22.618470  4
  58.726129  4
  148.790203  4
  282.921925  4
  0.675758  4.5
  61.123805  4.5
  148.753480  4.5
  282.922042  4.5
  16.892656  3
  55.243387  3
  144.901199  3
  1.228856  3.5
  56.227105  3.5
  144.895051  3.5
  12.178419  2
  52.629599  2
  2.137120  2.5
  52.880077  2.5
  8.438966  1
  3.543556  1.5
