  43.795126  10
  43.805162  10
  111.295834  10
  114.585042  10
  149.669443  10
  177.734496  10
  217.043728  10
  263.528490  10
  317.186698  10
  377.849521  10
  0.000000  10.5
  81.590060  10.5
  81.883081  10.5
  131.017436  10.5
  144.813210  10.5
  178.315025  10.5
  217.010732  10.5
  263.529502  10.5
  317.186682  10.5
  377.849522  10.5
  39.113383  9
  39.141955  9
  95.787532  9
  101.568862  9
  132.054722  9
  162.763387  9
  202.470308  9
  249.326197  9
  303.215943  9
  0.000000  9.5
  71.950897  9.5
  72.645331  9.5
  111.997585  9.5
  129.942198  9.5
  162.931713  9.5
  202.463841  9.5
  249.326319  9.5
  303.215942  9.5
  34.411033  8
  34.489661  8
  80.402846  8
  89.340170  8
  117.354515  8
  149.620226  8
  189.683103  8
  236.795348  8
  0.000000  8.5
  62.062190  8.5
  63.582051  8.5
  95.065226  8.5
  116.612801  8.5
  149.658432  8.5
  189.682213  8.5
  236.795356  8.5
  29.661804  7
  29.868520  7
  65.881933  7
  78.179229  7
  105.165890  7
  138.255681  7
  178.588111  7
  0.000000  7.5
  51.873204  7.5
  54.848368  7.5
  80.756807  7.5
  104.964146  7.5
  138.261793  7.5
  178.588046  7.5
  24.814306  6
  25.323550  6
  52.950136  6
  68.336630  6
  95.079800  6
  128.594460  6
  0.000003  6.5
  41.595763  6.5
  46.659129  6.5
  69.228913  6.5
  95.041117  6.5
  128.594983  6.5
  19.803538  5
  20.941412  5
  42.176199  5
  59.994208  5
  86.818483  5
  0.000036  5.5
  31.794114  5.5
  39.265960  5.5
  60.210098  5.5
  86.814485  5.5
  14.659645  4
  16.862664  4
  33.885456  4
  53.242065  4
  0.000370  4.5
  23.140002  4.5
  32.919778  4.5
  53.270364  4.5
  9.705725  3
  13.275728  3
  28.009196  3
  0.003546  3.5
  16.163735  3.5
  27.833881  3.5
  5.508416  2
  10.391672  2
  0.029629  2.5
  11.210801  2.5
  2.521940  1
  0.192111  1.5
