  73.451508  10
  88.603744  10
  186.218655  10
  301.904982  10
  462.148449  10
  663.020190  10
  904.377873  10
  1186.114347  10
  1508.183149  10
  1870.560887  10
  0.005743  10.5
  120.364168  10.5
  181.048070  10.5
  302.163927  10.5
  462.142632  10.5
  663.020260  10.5
  904.377872  10.5
  1186.114347  10.5
  1508.183149  10.5
  1870.560887  10.5
  63.302096  9
  81.407684  9
  173.792112  9
  291.238912  9
  451.686066  9
  652.696011  9
  894.131869  9
  1175.917438  9
  1498.019088  9
  0.012835  9.5
  105.748973  9.5
  170.679065  9.5
  291.359544  9.5
  451.683981  9.5
  652.696030  9.5
  894.131868  9.5
  1175.917438  9.5
  1498.019088  9.5
  53.547921  8
  74.679253  8
  163.069284  8
  281.756898  8
  442.377591  8
  643.492971  8
  884.989017  8
  1166.812400  8
  0.028272  8.5
  92.606742  8.5
  161.329272  8.5
  281.807528  8.5
  442.376947  8.5
  643.492975  8.5
  884.989017  8.5
  1166.812400  8.5
  44.362074  7
  68.478001  7
  153.920598  7
  273.443485  7
  434.204889  7
  635.399546  7
  876.941085  7
  0.061159  7.5
  81.024899  7.5
  153.034351  7.5
  273.461999  7.5
  434.204727  7.5
  635.399547  7.5
  876.941085  7.5
  35.903167  6
  62.864032  6
  146.221034  6
  266.281775  6
  427.152401  6
  628.405606  6
  0.129310  6.5
  71.070062  6.5
  145.821675  6.5
  266.287353  6.5
  427.152372  6.5
  628.405606  6.5
  28.302209  5
  57.898500  5
  139.861592  5
  260.254868  5
  421.206896  5
  0.265631  5.5
  62.783762  5.5
  139.710304  5.5
  260.256111  5.5
  421.206893  5.5
  21.654379  4
  53.645198  4
  134.754929  4
  255.347035  4
  0.526511  4.5
  56.175364  4.5
  134.711384  4.5
  255.347191  4.5
  16.014404  3
  50.173376  3
  130.836377  3
  0.999812  3.5
  51.214445  3.5
  130.829082  3.5
  11.393873  2
  47.561757  2
  1.807677  2.5
  47.827407  2.5
  7.759672  1
  3.099399  1.5
