  72.237436  10
  85.530146  10
  179.015335  10
  286.793466  10
  436.964032  10
  625.246893  10
  851.512282  10
  1115.647611  10
  1417.604422  10
  1757.358324  10
  0.004062  10.5
  117.893426  10.5
  173.345640  10.5
  287.100038  10.5
  436.956646  10.5
  625.246988  10.5
  851.512281  10.5
  1115.647611  10.5
  1417.604422  10.5
  1757.358324  10.5
  62.298338  9
  78.408779  9
  166.393939  9
  276.064835  9
  426.441585  9
  614.870482  9
  841.218169  9
  1105.405175  9
  1407.396561  9
  0.009374  9.5
  103.267373  9.5
  162.967497  9.5
  276.207813  9.5
  426.438936  9.5
  614.870507  9.5
  841.218169  9.5
  1105.405175  9.5
  1407.396561  9.5
  52.702416  8
  71.738627  8
  155.520685  8
  266.529052  8
  417.083532  8
  605.623261  8
  832.034094  8
  1096.260770  8
  0.021324  8.5
  90.088774  8.5
  153.599977  8.5
  266.589111  8.5
  417.082714  8.5
  605.623267  8.5
  832.034094  8.5
  1096.260770  8.5
  43.630322  7
  65.581327  7
  146.262873  7
  258.170802  7
  408.870214  7
  597.492847  7
  823.951213  7
  0.047632  7.5
  78.454220  7.5
  145.282542  7.5
  258.192778  7.5
  408.870009  7.5
  597.492848  7.5
  823.951213  7.5
  35.251975  6
  59.999129  6
  138.488226  6
  250.972758  6
  401.784832  6
  590.468356  6
  0.103966  6.5
  68.438645  6.5
  138.045826  6.5
  250.979382  6.5
  401.784794  6.5
  590.468356  6.5
  27.710563  5
  55.055187  5
  132.079263  5
  244.917244  5
  395.813132  5
  0.220335  5.5
  60.091445  5.5
  131.911504  5.5
  244.918722  5.5
  395.813129  5.5
  21.112281  4
  50.815035  4
  126.940941  4
  239.987614  4
  0.450025  4.5
  53.429220  4.5
  126.892624  4.5
  239.987800  4.5
  15.520569  3
  47.349460  3
  123.002619  3
  0.878830  3.5
  48.427144  3.5
  122.994520  3.5
  10.952876  2
  44.738767  2
  1.629388  2.5
  45.014152  2.5
  7.378785  1
  2.854734  1.5
