  67.363754  10
  74.703059  10
  154.946623  10
  234.789292  10
  350.045277  10
  494.654611  10
  668.586959  10
  871.699690  10
  1103.934377  10
  1365.261622  10
  0.000868  10.5
  109.453921  10.5
  146.794732  10.5
  235.400372  10.5
  350.025596  10.5
  494.654948  10.5
  668.586956  10.5
  871.699690  10.5
  1103.934377  10.5
  1365.261622  10.5
  58.369578  9
  67.905116  9
  141.421721  9
  223.767650  9
  339.226143  9
  484.022471  9
  658.057721  9
  861.235022  9
  1093.512887  9
  0.002314  9.5
  94.865344  9.5
  136.393928  9.5
  224.054503  9.5
  339.219064  9.5
  484.022561  9.5
  658.057720  9.5
  861.235022  9.5
  1093.512887  9.5
  49.499985  8
  61.485369  8
  129.820618  8
  213.975633  8
  329.624359  8
  474.559203  8
  648.672365  8
  851.898588  8
  0.006082  8.5
  81.586501  8.5
  126.956751  8.5
  214.096696  8.5
  329.622169  8.5
  474.559223  8.5
  648.672365  8.5
  851.898588  8.5
  40.947691  7
  55.514091  7
  120.020475  7
  205.401234  7
  321.212015  7
  466.248119  7
  640.418989  7
  0.015697  7.5
  69.760702  7.5
  118.541430  7.5
  205.445680  7.5
  321.211465  7.5
  466.248122  7.5
  640.418989  7.5
  32.923106  6
  50.063308  6
  111.868107  6
  198.026814  6
  313.965806  6
  459.074563  6
  0.039556  6.5
  59.503156  6.5
  111.195170  6.5
  198.040243  6.5
  313.965705  6.5
  459.074563  6.5
  25.623301  5
  45.205874  5
  105.209900  5
  191.831969  5
  307.866260  5
  0.096594  5.5
  50.900070  5.5
  104.953330  5.5
  191.834969  5.5
  307.866250  5.5
  19.207836  4
  41.016014  4
  99.913407  4
  186.796075  4
  0.226311  4.5
  44.002445  4.5
  99.839251  4.5
  186.796451  4.5
  13.784337  3
  37.571980  3
  95.877384  3
  0.502789  3.5
  38.814329  3.5
  95.864927  3.5
  9.401088  2
  34.961237  2
  1.046983  2.5
  35.280906  2.5
  6.043120  1
  2.025902  1.5
