  102.024013  10
  192.813004  10
  458.172322  10
  844.102614  10
  1360.613051  10
  2006.672140  10
  2782.124690  10
  3686.909285  10
  4720.998438  10
  5884.378330  10
  0.608568  10.5
  213.784041  10.5
  457.265323  10.5
  844.115423  10.5
  1360.612965  10.5
  2006.672140  10.5
  2782.124690  10.5
  3686.909285  10.5
  4720.998438  10.5
  5884.378330  10.5
  89.161870  9
  184.486372  9
  447.652784  9
  834.102409  9
  1350.742381  9
  1996.868739  9
  2772.359976  9
  3677.168857  9
  4711.274246  9
  0.897643  9.5
  200.071674  9.5
  447.121003  9.5
  834.108330  9.5
  1350.742351  9.5
  1996.868739  9.5
  2772.359976  9.5
  3677.168857  9.5
  4711.274246  9.5
  77.220555  8
  176.846859  8
  438.336722  8
  825.177797  8
  1341.925518  8
  1988.107216  8
  2763.630271  8
  3668.459116  8
  1.309754  8.5
  187.975552  8.5
  438.045421  8.5
  825.180268  8.5
  1341.925508  8.5
  1988.107216  8.5
  2763.630271  8.5
  3668.459116  8.5
  66.233155  7
  169.930403  7
  430.187636  7
  817.321370  7
  1334.157507  7
  1980.384252  7
  2755.933191  7
  1.888208  7.5
  177.483542  7.5
  430.041469  7.5
  817.322270  7.5
  1334.157505  7.5
  1980.384252  7.5
  2755.933191  7.5
  56.220454  6
  163.775186  6
  423.175406  6
  810.526426  6
  1327.433995  6
  1973.696923  6
  2.686469  6.5
  168.570844  6.5
  423.110253  6.5
  810.526696  6.5
  1327.433994  6.5
  1973.696923  6.5
  47.190577  5
  158.422339  5
  417.275865  5
  804.787049  5
  1321.751217  5
  3.768153  5.5
  161.199851  5.5
  417.251375  5.5
  804.787109  5.5
  1321.751217  5.5
  39.138717  4
  153.916695  4
  412.470270  4
  800.098174  4
  5.206028  4.5
  155.320912  4.5
  412.463260  4.5
  800.098182  4.5
  32.046966  3
  150.307515  3
  408.744705  3
  7.079977  3.5
  150.874069  3.5
  408.743535  3.5
  25.884306  2
  147.649100  2
  9.474056  2.5
  147.791614  2.5
  20.606888  1
  12.473020  1.5
