  69.458107  10
  79.064226  10
  164.353544  10
  255.468955  10
  384.665252  10
  546.723016  10
  741.557256  10
  969.040152  10
  1229.117981  10
  1521.763706  10
  0.001736  10.5
  112.801867  10.5
  157.364410  10.5
  255.922612  10.5
  384.652377  10.5
  546.723211  10.5
  741.557254  10.5
  969.040152  10.5
  1229.117981  10.5
  1521.763706  10.5
  60.040063  9
  72.122811  9
  151.238490  9
  244.581443  9
  373.985357  9
  536.210394  9
  731.137823  9
  958.679213  9
  1218.796167  9
  0.004337  9.5
  98.179124  9.5
  146.970014  9.5
  244.793705  9.5
  373.980733  9.5
  536.210446  9.5
  731.137822  9.5
  958.679213  9.5
  1218.796167  9.5
  50.840517  8
  65.592298  8
  139.974444  8
  234.907682  8
  364.497707  8
  526.848046  8
  721.846426  8
  949.432380  8
  0.010681  8.5
  84.933007  8.5
  137.562107  8.5
  234.997055  8.5
  364.496277  8.5
  526.848057  8.5
  721.846426  8.5
  949.432380  8.5
  42.051656  7
  59.539271  7
  130.428767  7
  226.433579  7
  356.178422  7
  518.621313  7
  713.672607  7
  0.025827  7.5
  73.184505  7.5
  129.190141  7.5
  226.466336  7.5
  356.178063  7.5
  518.621315  7.5
  713.672607  7.5
  33.868273  6
  54.031359  6
  122.454762  6
  219.141264  6
  349.007333  6
  511.517319  6
  0.060993  6.5
  63.029968  6.5
  121.893480  6.5
  219.151149  6.5
  349.007267  6.5
  511.517319  6.5
  26.463662  5
  49.136922  5
  115.914361  5
  213.011383  5
  342.967457  5
  0.139689  5.5
  54.538682  5.5
  115.700931  5.5
  213.013589  5.5
  342.967450  5.5
  19.972673  4
  44.926093  4
  110.692422  4
  208.025058  4
  0.307504  4.5
  47.745813  4.5
  110.630840  4.5
  208.025335  4.5
  14.482025  3
  41.473628  3
  106.702242  3
  0.644193  3.5
  42.641727  3.5
  106.691909  3.5
  10.025195  2
  38.863741  2
  1.272221  2.5
  39.163337  2.5
  6.579569  1
  2.352880  1.5
