  108.940536  10
  223.476699  10
  541.306094  10
  1007.619250  10
  1631.086813  10
  2410.824527  10
  3346.682452  10
  4438.602168  10
  5686.557534  10
  7090.535421  10
  1.046775  10.5
  242.870301  10.5
  540.623279  10.5
  1007.627193  10.5
  1631.086769  10.5
  2410.824527  10.5
  3346.682452  10.5
  4438.602168  10.5
  5686.557534  10.5
  7090.535421  10.5
  95.703951  9
  214.995845  9
  530.910626  9
  997.671180  9
  1621.259967  9
  2401.060048  9
  3336.953831  9
  4428.896047  9
  5676.866453  9
  1.477753  9.5
  229.360715  9.5
  530.510734  9.5
  997.674851  9.5
  1621.259952  9.5
  2401.060048  9.5
  3336.953831  9.5
  4428.896047  9.5
  5676.866453  9.5
  83.413329  8
  207.229081  8
  521.684954  8
  988.789388  8
  1612.479698  8
  2392.331600  8
  3328.255163  8
  4420.216057  8
  2.065903  8.5
  217.453780  8.5
  521.466096  8.5
  988.790919  8.5
  1612.479693  8.5
  2392.331600  8.5
  3328.255163  8.5
  4420.216057  8.5
  72.090107  7
  200.210495  7
  513.600465  7
  980.967644  7
  1604.741931  7
  2384.636449  7
  3320.584484  7
  2.857562  7.5
  207.129670  7.5
  513.490727  7.5
  980.968202  7.5
  1604.741930  7.5
  2384.636449  7.5
  3320.584484  7.5
  61.745362  6
  193.976444  6
  506.633565  6
  974.200356  6
  1598.043085  6
  2377.972185  6
  3.907530  6.5
  198.357951  6.5
  506.584678  6.5
  974.200523  6.5
  1598.043085  6.5
  2377.972185  6.5
  52.379588  5
  188.566105  5
  500.765293  5
  968.482610  5
  1592.380061  5
  5.278571  5.5
  191.097916  5.5
  500.746926  5.5
  968.482647  5.5
  1592.380061  5.5
  43.982526  4
  184.022045  4
  495.980902  4
  963.810213  4
  7.040195  4.5
  185.299597  4.5
  495.975646  4.5
  963.810218  4.5
  36.533089  3
  180.390729  3
  492.269389  3
  9.266767  3.5
  180.905406  3.5
  492.268512  3.5
  29.999431  2
  177.722918  2
  12.035091  2.5
  177.852243  2.5
  24.339238  1
  15.421731  1.5
