  501.242181  10
  2669.231927  10
  7317.629279  10
  14291.395269  10
  23590.746915  10
  35215.255136  10
  49164.798670  10
  65439.331983  10
  84038.834823  10
  104963.297058  10
  154.668562  10.5
  2674.646705  10.5
  7317.617558  10.5
  14291.395278  10.5
  23590.746915  10.5
  35215.255136  10.5
  49164.798670  10.5
  65439.331983  10.5
  84038.834823  10.5
  104963.297058  10.5
  476.386391  9
  2659.245340  9
  7307.707980  9
  14281.680738  9
  23581.114396  9
  35205.663684  9
  49155.230703  9
  65429.778701  9
  84029.291333  9
  165.396661  9.5
  2663.188406  9.5
  7307.701141  9.5
  14281.680742  9.5
  23581.114396  9.5
  35205.663684  9.5
  49155.230703  9.5
  65429.778701  9.5
  84029.291333  9.5
  452.407340  8
  2650.245626  8
  7298.834057  8
  14272.990075  8
  23572.496620  8
  35197.082395  8
  49146.670276  8
  65421.231317  8
  176.711316  8.5
  2653.008937  8.5
  7298.830326  8.5
  14272.990077  8.5
  23572.496620  8.5
  35197.082395  8.5
  49146.670276  8.5
  65421.231317  8.5
  429.293475  7
  2642.247189  7
  7291.006442  7
  14265.322852  7
  23564.893321  7
  35189.511089  7
  49139.117260  7
  188.631884  7.5
  2644.091258  7.5
  7291.004576  7.5
  14265.322852  7.5
  23564.893321  7.5
  35189.511089  7.5
  49139.117260  7.5
  407.032590  6
  2635.264719  6
  7284.224223  6
  14258.678689  6
  23558.304267  6
  35182.949609  6
  201.177534  6.5
  2636.418272  6.5
  7284.223393  6.5
  14258.678689  6.5
  23558.304267  6.5
  35182.949609  6.5
  385.611839  5
  2629.313188  5
  7278.486632  5
  14253.057260  5
  23552.729256  5
  214.367212  5.5
  2629.972849  5.5
  7278.486321  5.5
  14253.057260  5.5
  23552.729256  5.5
  365.017757  4
  2624.407842  4
  7273.793044  4
  14248.458287  4
  228.219594  4.5
  2624.737872  4.5
  7273.792955  4.5
  14248.458287  4.5
  345.236271  3
  2620.564192  3
  7270.142961  3
  242.753045  3.5
  2620.696266  3.5
  7270.142946  3.5
  326.252724  2
  2617.798001  2
  257.985583  2.5
  2617.831030  2.5
  308.051895  1
  273.934839  1.5
