  54.838503  10
  55.645120  10
  121.975324  10
  152.214997  10
  210.339524  10
  282.289863  10
  369.553750  10
  471.713976  10
  588.664533  10
  720.350467  10
  0.000004  10.5
  95.070859  10.5
  103.938701  10.5
  155.826950  10.5
  210.066700  10.5
  282.300065  10.5
  369.553536  10.5
  471.713978  10.5
  588.664532  10.5
  720.350467  10.5
  48.464027  9
  49.846728  9
  105.924102  9
  140.148251  9
  198.062999  9
  270.481360  9
  357.949906  9
  460.239398  9
  577.275949  9
  0.000018  9.5
  81.737029  9.5
  93.710127  9.5
  141.943123  9.5
  197.962855  9.5
  270.484118  9.5
  357.949866  9.5
  460.239398  9.5
  577.275949  9.5
  41.933937  8
  44.207266  8
  91.779090  8
  129.349959  8
  187.302922  8
  260.028793  8
  347.648757  8
  450.033313  8
  0.000080  8.5
  68.896891  8.5
  84.186093  8.5
  130.137822  8.5
  187.271486  8.5
  260.029390  8.5
  347.648751  8.5
  450.033313  8.5
  35.259912  7
  38.802539  7
  79.725389  7
  119.869177  7
  177.965133  7
  250.894499  7
  338.622838  7
  0.000343  7.5
  56.927607  7.5
  75.500638  7.5
  120.166126  7.5
  177.957160  7.5
  250.894591  7.5
  338.622838  7.5
  28.551884  6
  33.725593  6
  69.810739  6
  111.723878  6
  169.981437  6
  243.045025  6
  0.001441  6.5
  46.159976  6.5
  67.776826  6.5
  111.815148  6.5
  169.979973  6.5
  243.045033  6.5
  22.046023  5
  29.082152  5
  61.925294  5
  104.906293  5
  163.300964  5
  0.005868  5.5
  36.857179  5.5
  61.119825  5.5
  104.926905  5.5
  163.300816  5.5
  16.059764  4
  24.984464  4
  55.849793  4
  99.391458  4
  0.022782  4.5
  29.216960  4.5
  55.611570  4.5
  99.394062  4.5
  10.897455  3
  21.546941  3
  51.347905  3
  0.082381  3.5
  23.372476  3.5
  51.307364  3.5
  6.772601  2
  18.888071  2
  0.268379  2.5
  19.372241  2.5
  3.770078  1
  0.760051  1.5
