  39.701641  10
  39.701690  10
  105.419469  10
  105.499774  10
  147.771110  10
  154.091439  10
  177.709583  10
  202.221133  10
  232.255814  10
  266.685462  10
  0.000000  10.5
  74.911971  10.5
  74.914921  10.5
  130.391030  10.5
  131.477921  10.5
  160.575879  10.5
  176.585158  10.5
  202.302930  10.5
  232.253002  10.5
  266.685500  10.5
  35.506918  9
  35.507169  9
  92.620856  9
  92.906829  9
  125.224563  9
  135.546725  9
  157.967860  9
  183.869775  9
  214.415959  9
  0.000000  9.5
  66.499472  9.5
  66.512453  9.5
  112.380626  9.5
  115.145434  9.5
  138.159206  9.5
  157.710238  9.5
  183.880508  9.5
  214.415791  9.5
  31.310805  8
  31.312061  8
  79.554654  8
  80.453804  8
  104.627548  8
  118.803587  8
  141.229698  8
  167.852903  8
  0.000000  8.5
  58.061064  8.5
  58.114761  8.5
  94.018212  8.5
  99.599767  8.5
  119.539997  8.5
  141.190588  8.5
  167.853626  8.5
  27.111194  7
  27.117219  7
  66.042330  7
  68.376635  7
  87.161674  7
  104.198237  7
  126.999616  7
  0.000000  7.5
  49.548714  7.5
  49.752310  7.5
  76.362961  7.5
  85.343200  7.5
  104.331982  7.5
  126.996574  7.5
  22.900412  6
  22.927688  6
  52.369971  6
  57.065841  6
  73.257808  6
  91.845038  6
  0.000000  6.5
  40.843266  6.5
  41.519020  6.5
  60.730472  6.5
  72.841364  6.5
  91.857355  6.5
  18.651323  5
  18.764709  5
  39.586125  5
  46.999122  5
  62.437913  5
  0.000000  5.5
  31.821511  5.5
  33.631470  5.5
  48.116186  5.5
  62.390622  5.5
  14.288576  4
  14.698477  4
  28.844739  4
  38.606982  4
  0.000003  4.5
  22.828504  4.5
  26.452662  4.5
  38.774083  4.5
  9.745145  3
  10.903014  3
  20.931917  3
  0.000094  3.5
  14.870910  3.5
  20.421431  3.5
  5.396945  2
  7.680722  2
  0.002557  2.5
  8.883350  2.5
  2.146119  1
  0.050238  1.5
