  111.149607  10
  233.540867  10
  568.693726  10
  1061.442803  10
  1720.104479  10
  2543.830163  10
  3532.471354  10
  4685.970398  10
  6004.301500  10
  7487.451705  10
  1.216628  10.5
  252.488044  10.5
  568.065198  10.5
  1061.449715  10.5
  1720.104443  10.5
  2543.830163  10.5
  3532.471354  10.5
  4685.970398  10.5
  6004.301500  10.5
  7487.451705  10.5
  97.800881  9
  225.016209  9
  558.329367  9
  1051.508179  9
  1710.288901  9
  2534.075697  9
  3522.752021  9
  4676.273108  9
  5994.618942  9
  1.697306  9.5
  239.037894  9.5
  557.961367  9.5
  1051.511373  9.5
  1710.288888  9.5
  2534.075697  9.5
  3522.752021  9.5
  4676.273108  9.5
  5994.618942  9.5
  85.403615  8
  217.213267  8
  549.126412  8
  1042.637417  8
  1701.518043  8
  2525.355759  8
  3514.061341  8
  4667.600776  8
  2.345640  8.5
  227.185310  8.5
  548.925054  8.5
  1042.638750  8.5
  1701.518039  8.5
  2525.355759  8.5
  3514.061341  8.5
  4667.600776  8.5
  73.976332  7
  210.165637  7
  541.058213  7
  1034.824604  7
  1693.788057  7
  2517.667766  7
  3506.397458  7
  3.208586  7.5
  216.908626  7.5
  540.957267  7.5
  1034.825088  7.5
  1693.788056  7.5
  2517.667766  7.5
  3506.397458  7.5
  63.527706  6
  203.909169  6
  534.102789  6
  1028.064433  6
  1687.095559  6
  2511.009438  6
  4.341058  6.5
  208.176163  6.5
  534.057826  6.5
  1028.064579  6.5
  1687.095558  6.5
  2511.009438  6.5
  54.056375  5
  198.482486  5
  528.242471  5
  1022.352254  5
  1681.437619  5
  5.805336  5.5
  200.946657  5.5
  528.225579  5.5
  1022.352287  5.5
  1681.437619  5.5
  45.550790  4
  193.927497  4
  523.463496  4
  1017.684099  4
  7.669829  4.5
  195.170305  4.5
  523.458663  4.5
  1017.684103  4.5
  37.989168  3
  190.289860  3
  519.755587  3
  10.007251  3.5
  190.790347  3.5
  519.754781  3.5
  31.339568  2
  187.619319  2
  12.892352  2.5
  187.745045  2.5
  25.560187  1
  16.399441  1.5
