  43.530387  10
  43.538614  10
  111.029042  10
  113.937685  10
  149.003250  10
  175.873630  10
  214.128894  10
  259.372458  10
  311.635863  10
  370.740389  10
  0.000000  10.5
  81.179737  10.5
  81.427655  10.5
  130.919367  10.5
  143.741897  10.5
  176.536641  10.5
  214.089689  10.5
  259.373703  10.5
  311.635843  10.5
  370.740389  10.5
  38.881454  9
  38.905405  9
  95.662372  9
  100.918535  9
  131.090215  9
  160.746440  9
  199.396057  9
  245.027715  9
  297.531415  9
  0.000000  9.5
  71.633060  9.5
  72.235044  9.5
  111.803582  9.5
  128.769657  9.5
  160.939873  9.5
  199.388351  9.5
  245.027866  9.5
  297.531414  9.5
  34.214130  8
  34.281540  8
  80.336381  8
  88.655344  8
  116.148748  8
  147.465137  8
  186.478145  8
  232.376395  8
  0.000000  8.5
  61.850379  8.5
  63.201855  8.5
  94.698750  8.5
  115.325903  8.5
  147.509213  8.5
  186.477082  8.5
  232.376405  8.5
  29.504185  7
  29.685496  7
  65.788457  7
  77.435680  7
  103.790523  7
  135.984696  7
  175.275719  7
  0.000000  7.5
  51.763469  7.5
  54.478535  7.5
  80.188279  7.5
  103.565362  7.5
  135.991766  7.5
  175.275641  7.5
  24.702403  6
  25.159593  6
  52.771663  6
  67.521697  6
  93.587416  6
  126.229555  6
  0.000003  6.5
  41.548578  6.5
  46.278913  6.5
  68.483405  6.5
  93.544093  6.5
  126.230161  6.5
  19.741429  5
  20.787577  5
  41.885271  5
  59.107772  5
  85.242393  5
  0.000029  5.5
  31.753564  5.5
  38.858535  5.5
  59.341761  5.5
  85.237906  5.5
  14.636802  4
  16.708672  4
  33.487480  4
  52.294057  4
  0.000309  4.5
  23.067854  4.5
  32.475915  4.5
  52.324815  4.5
  9.695206  3
  13.113198  3
  27.537536  3
  0.003090  3.5
  16.046211  3.5
  27.353051  3.5
  5.490352  2
  10.216791  2
  0.026975  2.5
  11.051109  2.5
  2.496526  1
  0.181997  1.5
