  75.091785  10
  92.995233  10
  196.716869  10
  323.696111  10
  498.425457  10
  717.398193  10
  980.459825  10
  1287.509612  10
  1638.503517  10
  2033.419371  10
  0.008952  10.5
  123.945753  10.5
  192.150465  10.5
  323.902934  10.5
  498.421222  10.5
  717.398239  10.5
  980.459825  10.5
  1287.509612  10.5
  1638.503517  10.5
  2033.419371  10.5
  64.675924  9
  85.702184  9
  184.532403  9
  313.108094  9
  488.036652  9
  707.138184  9
  970.272964  9
  1277.368696  9
  1628.393345  9
  0.019201  9.5
  109.354936  9.5
  181.795177  9.5
  313.204321  9.5
  488.035134  9.5
  707.138197  9.5
  970.272964  9.5
  1277.368696  9.5
  1628.393345  9.5
  54.721775  8
  78.897742  8
  173.993905  8
  303.692752  8
  478.789003  8
  697.989447  8
  961.180809  8
  1268.312093  8
  0.040595  8.5
  96.267030  8.5
  172.469048  8.5
  303.733101  8.5
  478.788535  8.5
  697.989450  8.5
  961.180809  8.5
  1268.312093  8.5
  45.390863  7
  72.638768  7
  164.977903  7
  295.434715  7
  470.666187  7
  689.941506  7
  953.175873  7
  0.084297  7.5
  84.758233  7.5
  164.203119  7.5
  295.449459  7.5
  470.666070  7.5
  689.941507  7.5
  953.175873  7.5
  36.826784  6
  66.982688  6
  157.369381  6
  288.317775  6
  463.654136  6
  682.985149  6
  0.171161  6.5
  74.884782  6.5
  157.020842  6.5
  288.322215  6.5
  463.654115  6.5
  682.985149  6.5
  29.145232  5
  61.988208  5
  151.070054  5
  282.326076  5
  457.740849  5
  0.337961  5.5
  66.678334  5.5
  150.938170  5.5
  282.327065  5.5
  457.740847  5.5
  22.427912  4
  57.716990  4
  146.001961  4
  277.445064  4
  0.644947  4.5
  60.139328  4.5
  145.964031  4.5
  277.445188  4.5
  16.719054  3
  54.236382  3
  142.107606  3
  1.182223  3.5
  55.230740  3.5
  142.101255  3.5
  12.023296  2
  51.623063  2
  2.070793  2.5
  51.876350  2.5
  8.304479  1
  3.454871  1.5
