  120.441699  10
  277.114905  10
  687.679581  10
  1295.120615  10
  2106.534958  10
  3121.185681  10
  4338.929318  10
  5759.710738  10
  7383.505293  10
  9210.300611  10
  2.091339  10.5
  294.427797  10.5
  687.220698  10.5
  1295.124692  10.5
  2106.534941  10.5
  3121.185681  10.5
  4338.929318  10.5
  5759.710738  10.5
  7383.505293  10.5
  9210.300611  10.5
  106.648866  9
  268.428776  9
  677.416066  9
  1285.230795  9
  2096.756835  9
  3111.464519  9
  4329.240884  9
  5750.042830  9
  7373.851099  9
  2.799296  9.5
  281.201853  9.5
  677.147621  9.5
  1285.232679  9.5
  2096.756829  9.5
  3111.464519  9.5
  4329.240884  9.5
  5750.042830  9.5
  7373.851099  9.5
  93.822135  8
  260.492444  8
  668.286957  8
  1276.396760  8
  2088.017271  8
  3102.772891  8
  4320.576783  8
  5741.395984  8
  3.716189  8.5
  269.550558  8.5
  668.140174  8.5
  1276.397545  8.5
  2088.017270  8.5
  3102.772891  8.5
  4320.576783  8.5
  5741.395984  8.5
  81.970659  7
  253.337758  7
  660.271893  7
  1268.613661  7
  2080.313165  7
  3095.108712  7
  4312.935514  7
  4.890271  7.5
  259.446801  7.5
  660.198349  7.5
  1268.613947  7.5
  2080.313165  7.5
  3095.108712  7.5
  4312.935514  7.5
  71.095501  6
  246.998722  6
  653.354060  6
  1261.877174  6
  2073.641784  6
  3088.470140  6
  6.375901  6.5
  250.855606  6.5
  653.321317  6.5
  1261.877260  6.5
  2073.641784  6.5
  3088.470140  6.5
  61.189528  5
  241.511875  5
  647.519905  5
  1256.183518  5
  2068.000762  5
  8.232758  5.5
  243.734777  5.5
  647.507609  5.5
  1256.183537  5.5
  2068.000762  5.5
  52.237333  4
  236.916647  4
  642.758828  4
  1251.529477  4
  10.524650  4.5
  238.035929  4.5
  642.755311  4.5
  1251.529479  4.5
  44.215251  3
  233.255651  3
  639.062870  3
  13.317986  3.5
  233.705815  3.5
  639.062283  3.5
  37.091472  2
  230.574879  2
  16.680034  2.5
  230.687859  2.5
  30.826327  1
  20.677098  1.5
