  50.439326  10
  50.678238  10
  116.783062  10
  134.490053  10
  180.071755  10
  234.282687  10
  300.885896  10
  379.051259  10
  468.646838  10
  569.597747  10
  0.000000  10.5
  90.462552  10.5
  94.180453  10.5
  141.214847  10.5
  179.302819  10.5
  234.323038  10.5
  300.884737  10.5
  379.051278  10.5
  468.646838  10.5
  569.597747  10.5
  44.827274  9
  45.300892  9
  100.207394  9
  121.979893  9
  166.681739  9
  221.688395  9
  288.566052  9
  366.909339  9
  456.622525  9
  0.000001  9.5
  78.341914  9.5
  84.183527  9.5
  125.531863  9.5
  166.392786  9.5
  221.699417  9.5
  288.565832  9.5
  366.909341  9.5
  456.622525  9.5
  39.106188  8
  40.009229  8
  85.185038  8
  110.670522  8
  155.086958  8
  210.576674  8
  277.658689  8
  356.131270  8
  0.000008  8.5
  66.228025  8.5
  74.721418  8.5
  112.301264  8.5
  154.994804  8.5
  210.579077  8.5
  277.658660  8.5
  356.131270  8.5
  33.231763  7
  34.864993  7
  72.083521  7
  100.673653  7
  145.110140  7
  200.896776  7
  268.124274  7
  0.000047  7.5
  54.526999  7.5
  65.959563  7.5
  101.306783  7.5
  145.086519  7.5
  200.897151  7.5
  268.124272  7.5
  27.204735  6
  29.956085  6
  61.150346  6
  92.056310  6
  136.630704  6
  192.602042  6
  0.000258  6.5
  43.696687  6.5
  58.062826  6.5
  92.254510  6.5
  136.626335  6.5
  192.602074  6.5
  21.154407  5
  25.395300  5
  52.448252  5
  84.841086  5
  129.565894  5
  0.001381  5.5
  34.138712  5.5
  51.181779  5.5
  84.886339  5.5
  129.565452  5.5
  15.382472  4
  21.313019  4
  45.824160  4
  79.014686  4
  0.007046  4.5
  26.160558  4.5
  45.441273  4.5
  79.020439  4.5
  10.278291  3
  17.847209  3
  40.997977  3
  0.033368  3.5
  19.979292  3.5
  40.932052  3.5
  6.168867  2
  15.138558  2
  0.140324  2.5
  15.714591  2.5
  3.221245  1
  0.494989  1.5
