  38.144530  10
  38.144530  10
  102.301102  10
  102.301119  10
  150.103397  10
  150.133211  10
  179.073651  10
  182.468382  10
  196.796524  10
  211.390902  10
  -0.000000  10.5
  72.249069  10.5
  72.249069  10.5
  128.275541  10.5
  128.276498  10.5
  167.428543  10.5
  167.919533  10.5
  186.829159  10.5
  196.129679  10.5
  211.419091  10.5
  34.128078  9
  34.128078  9
  90.244243  9
  90.244460  9
  129.824073  9
  130.034414  9
  149.839975  9
  156.892911  9
  170.581076  9
  -0.000000  9.5
  64.214841  9.5
  64.214843  9.5
  112.176541  9.5
  112.185946  9.5
  142.256555  9.5
  144.285260  9.5
  157.985175  9.5
  170.525100  9.5
  30.111552  8
  30.111552  8
  78.182216  8
  78.184669  8
  109.113192  8
  110.191381  8
  123.624806  8
  134.043473  8
  -0.000000  8.5
  56.179887  8.5
  56.179924  8.5
  96.025732  8.5
  96.103833  8.5
  116.911910  8.5
  121.944658  8.5
  134.151966  8.5
  26.094907  7
  26.094911  7
  66.101929  7
  66.126048  7
  87.925213  7
  91.244924  7
  102.140948  7
  0.000000  7.5
  48.143476  7.5
  48.143962  7.5
  79.650130  7.5
  80.146092  7.5
  93.651057  7.5
  101.937348  7.5
  22.078029  6
  22.078089  6
  53.928186  6
  54.118204  6
  67.954815  6
  74.193037  6
  0.000000  6.5
  40.102138  6.5
  40.107857  6.5
  62.783028  6.5
  64.750127  6.5
  74.558511  6.5
  18.060364  5
  18.061225  5
  41.416643  5
  42.416469  5
  51.407519  5
  0.000000  5.5
  32.031645  5.5
  32.088049  5.5
  46.411207  5.5
  50.790737  5.5
  14.037071  4
  14.047888  4
  28.909877  4
  31.704561  4
  0.000000  4.5
  23.800433  4.5
  24.203167  4.5
  32.663332  4.5
  9.967266  3
  10.074882  3
  18.254678  3
  0.000000  3.5
  15.368175  3.5
  16.904302  3.5
  5.730947  2
  6.358498  2
  0.000019  2.5
  8.073194  2.5
  2.012191  1
  0.004075  1.5
