  50.580850  10
  50.830960  10
  116.917712  10
  134.998066  10
  180.931798  10
  235.685585  10
  302.909475  10
  381.794758  10
  472.210278  10
  574.081999  10
  0.000000  10.5
  90.622265  10.5
  94.469079  10.5
  141.590648  10.5
  180.189485  10.5
  235.724067  10.5
  302.908383  10.5
  381.794775  10.5
  472.210278  10.5
  574.081999  10.5
  44.946236  9
  45.439397  9
  100.351085  9
  122.502200  9
  167.588830  9
  223.122505  9
  290.618135  9
  369.679312  9
  460.211136  9
  0.000002  9.5
  78.454363  9.5
  84.462209  9.5
  125.975228  9.5
  167.310194  9.5
  223.133012  9.5
  290.617927  9.5
  369.679314  9.5
  460.211136  9.5
  39.200522  8
  40.135686  8
  85.353877  8
  111.210835  8
  156.028548  8
  212.036988  8
  279.734840  8
  358.923894  8
  0.000009  8.5
  66.308440  8.5
  74.996533  8.5
  112.802070  8.5
  155.939751  8.5
  212.039278  8.5
  279.734812  8.5
  358.923894  8.5
  33.300302  7
  34.982214  7
  72.286976  7
  101.233100  7
  146.077632  7
  202.378753  7
  270.220568  7
  0.000050  7.5
  54.592948  7.5
  66.236600  7.5
  101.850035  7.5
  146.054882  7.5
  202.379110  7.5
  270.220566  7.5
  27.249471  6
  30.067277  6
  61.390631  6
  92.633826  6
  137.618029  6
  194.101662  6
  0.000275  6.5
  43.762195  6.5
  58.345818  6.5
  92.826792  6.5
  137.613823  6.5
  194.101691  6.5
  21.181938  5
  25.503599  5
  52.720112  5
  85.434117  5
  130.568482  5
  0.001457  5.5
  34.212304  5.5
  51.473027  5.5
  85.478153  5.5
  130.568057  5.5
  15.401608  4
  21.420985  4
  46.118020  4
  79.619987  4
  0.007359  4.5
  26.246097  4.5
  45.741359  4.5
  79.625583  4.5
  10.295527  3
  17.956513  3
  41.304910  3
  0.034501  3.5
  20.077208  3.5
  41.240090  3.5
  6.186336  2
  15.249964  2
  0.143685  2.5
  15.822514  2.5
  3.237650  1
  0.502600  1.5
