  1292.223742  10
  8565.970301  10
  23694.298309  10
  46389.748872  10
  76651.328355  10
  114478.617100  10
  159871.495380  10
  212829.918279  10
  273353.865829  10
  341443.328045  10
  674.050079  10.5
  8568.983357  10.5
  23694.296314  10.5
  46389.748873  10.5
  76651.328355  10.5
  114478.617100  10.5
  159871.495380  10.5
  212829.918279  10.5
  273353.865829  10.5
  341443.328045  10.5
  1253.949652  9
  8555.682207  9
  23684.395000  9
  46380.045854  9
  76641.705377  9
  114469.034160  9
  159861.935325  9
  212820.372529  9
  273344.329616  9
  698.112299  9.5
  8557.874382  9.5
  23684.393836  9.5
  46380.045854  9.5
  76641.705377  9.5
  114469.034160  9.5
  159861.935325  9.5
  212820.372529  9.5
  273344.329616  9.5
  1216.501537  8
  8546.439769  8
  23675.534985  8
  46371.364601  8
  76633.095587  8
  114460.460116  8
  159853.381710  8
  212811.831684  8
  722.837029  8.5
  8547.974830  8.5
  23675.534350  8.5
  46371.364601  8.5
  76633.095587  8.5
  114460.460116  8.5
  159853.381710  8.5
  212811.831684  8.5
  1179.871674  7
  8538.251546  7
  23667.717974  7
  46363.704981  7
  76625.498904  7
  114452.894911  7
  159845.834495  7
  748.234478  7.5
  8539.275238  7.5
  23667.717657  7.5
  46363.704981  7.5
  76625.498904  7.5
  114452.894911  7.5
  159845.834495  7.5
  1144.052155  6
  8531.126180  6
  23660.943717  6
  46357.066878  6
  76618.915257  6
  114446.338498  6
  774.314756  6.5
  8531.766159  6.5
  23660.943576  6.5
  46357.066878  6.5
  76618.915257  6.5
  114446.338498  6.5
  1109.034896  5
  8525.072385  5
  23655.211999  5
  46351.450192  5
  76613.344584  5
  801.087863  5.5
  8525.438171  5.5
  23655.211946  5.5
  46351.450192  5.5
  76613.344584  5.5
  1074.811636  4
  8520.098954  4
  23650.522645  4
  46346.854838  4
  828.563683  4.5
  8520.281881  4.5
  23650.522630  4.5
  46346.854838  4.5
  1041.373942  3
  8516.214750  3
  23646.875511  3
  856.751983  3.5
  8516.287931  3.5
  23646.875509  3.5
  1008.713217  2
  8513.428705  2
  885.662399  2.5
  8513.447002  2.5
  976.820696  1
  915.304436  1.5
