  68.455916  10
  76.924123  10
  159.680981  10
  245.269006  10
  367.600605  10
  521.068850  10
  705.612164  10
  921.096063  10
  1167.464655  10
  1444.689818  10
  0.001253  10.5
  111.150163  10.5
  152.153699  10.5
  245.792095  10.5
  367.584838  10.5
  521.069103  10.5
  705.612162  10.5
  921.096063  10.5
  1167.464655  10.5
  1444.689818  10.5
  59.237816  9
  70.050542  9
  146.373331  9
  234.318845  9
  356.856459  9
  510.500961  9
  695.141937  9
  910.687128  9
  1157.096713  9
  0.003227  9.5
  96.539954  9.5
  141.755502  9.5
  234.563950  9.5
  356.850792  9.5
  510.501028  9.5
  695.141937  9.5
  910.687128  9.5
  1157.096713  9.5
  50.192879  8
  63.572445  8
  134.952473  8
  224.590064  8
  347.316083  8
  501.091934  8
  685.807068  8
  901.398831  8
  0.008195  8.5
  83.275970  8.5
  132.333393  8.5
  224.693374  8.5
  347.314331  8.5
  501.091949  8.5
  685.807068  8.5
  901.398831  8.5
  41.514609  7
  57.558201  7
  125.289202  7
  216.069418  7
  338.953776  7
  492.826177  7
  677.596433  7
  0.020432  7.5
  71.489401  7.5
  123.940889  7.5
  216.107312  7.5
  338.953337  7.5
  492.826179  7.5
  677.596433  7.5
  33.405778  6
  52.077516  6
  117.233061  6
  208.739062  6
  331.747941  6
  485.689993  6
  0.049745  6.5
  61.285287  6.5
  116.620961  6.5
  208.750504  6.5
  331.747861  6.5
  485.689993  6.5
  26.051028  5
  47.200839  5
  110.638453  5
  202.579107  5
  325.680455  5
  0.117406  5.5
  52.740782  5.5
  110.405419  5.5
  202.581661  5.5
  325.680447  5.5
  19.596710  4
  43.000189  4
  105.382172  4
  197.569839  4
  0.266106  4.5
  45.898430  4.5
  105.314881  4.5
  197.570159  4.5
  14.139166  3
  39.551937  3
  101.370832  3
  0.572996  3.5
  40.754903  3.5
  101.359535  3.5
  9.718644  2
  36.941814  2
  1.159977  2.5
  37.250814  2.5
  6.315979  1
  2.191146  1.5
