  86.706612  10
  130.890710  10
  292.928456  10
  517.606418  10
  820.191923  10
  1198.910939  10
  1653.593764  10
  2184.166010  10
  2790.594451  10
  3472.862366  10
  0.099434  10.5
  156.667654  10.5
  290.900059  10.5
  517.656574  10.5
  820.191346  10.5
  1198.910942  10.5
  1653.593764  10.5
  2184.166010  10.5
  2790.594451  10.5
  3472.862366  10.5
  74.913850  9
  123.038831  9
  281.848472  9
  507.391555  9
  810.137958  9
  1188.945192  9
  1643.678692  9
  2174.282772  9
  2780.732512  9
  0.171380  9.5
  142.426473  9.5
  280.652134  9.5
  507.414783  9.5
  810.137752  9.5
  1188.945193  9.5
  1643.678692  9.5
  2174.282772  9.5
  2780.732512  9.5
  63.897347  8
  115.788045  8
  272.125602  8
  498.289676  8
  801.168276  8
  1180.045831  8
  1634.819773  8
  2165.449254  8
  0.291469  8.5
  129.795405  8.5
  271.467239  8.5
  498.299381  8.5
  801.168212  8.5
  1180.045831  8.5
  1634.819773  8.5
  2165.449254  8.5
  53.740775  7
  109.181784  7
  263.688261  7
  490.289179  7
  793.274127  7
  1172.207052  7
  1627.012847  7
  0.487977  7.5
  118.796253  7.5
  263.356736  7.5
  490.292716  7.5
  793.274111  7.5
  1172.207052  7.5
  1627.012847  7.5
  44.508893  6
  103.265071  6
  256.476239  6
  483.379165  6
  786.447855  6
  1165.423746  6
  0.802133  6.5
  109.433517  6.5
  256.328062  6.5
  483.380228  6.5
  786.447852  6.5
  1165.423746  6.5
  36.245989  5
  98.085593  5
  250.440904  5
  477.549751  5
  780.682864  5
  1.291118  5.5
  101.691515  5.5
  250.385092  5.5
  477.549988  5.5
  780.682864  5.5
  28.974830  4
  93.695106  4
  245.544645  4
  472.792311  4
  2.029766  4.5
  95.532521  4.5
  245.528645  4.5
  472.792340  4.5
  22.695906  3
  90.151077  3
  241.759825  3
  3.109903  3.5
  90.897038  3.5
  241.757152  3.5
  17.386946  2
  87.518373  2
  4.636653  2.5
  87.706857  2.5
  13.002894  1
  6.721989  1.5
