  75.744152  10
  94.816678  10
  201.132493  10
  332.794937  10
  513.561230  10
  740.076854  10
  1012.183714  10
  1329.783357  10
  1692.832633  10
  2101.309817  10
  0.010599  10.5
  125.447839  10.5
  196.785135  10.5
  332.984318  10.5
  513.557490  10.5
  740.076894  10.5
  1012.183714  10.5
  1329.783357  10.5
  1692.832633  10.5
  2101.309817  10.5
  65.227987  9
  87.486327  9
  189.037530  9
  322.235944  9
  503.199426  9
  729.840444  9
  1002.018614  9
  1319.663050  9
  1682.742299  9
  0.022382  9.5
  110.869424  9.5
  186.435632  9.5
  322.324017  9.5
  503.198086  9.5
  729.840454  9.5
  1002.018614  9.5
  1319.663050  9.5
  1682.742299  9.5
  55.198538  8
  80.652544  8
  178.566540  8
  312.845287  8
  493.974125  8
  720.711684  8
  992.945118  8
  1310.624278  8
  0.046589  8.5
  97.804507  8.5
  177.118763  8.5
  312.882204  8.5
  493.973712  8.5
  720.711686  8.5
  992.945118  8.5
  1310.624278  8.5
  45.812482  7
  74.371169  7
  169.598882  7
  304.607691  7
  485.869652  7
  712.680480  7
  984.956009  7
  0.095259  7.5
  86.325155  7.5
  168.863886  7.5
  304.621179  7.5
  485.869549  7.5
  712.680481  7.5
  984.956009  7.5
  37.207611  6
  68.698633  6
  162.023482  6
  297.507250  6
  478.872478  6
  705.737958  6
  0.190481  6.5
  76.483722  6.5
  161.693039  6.5
  297.511311  6.5
  478.872459  6.5
  705.737958  6.5
  29.493917  5
  63.692747  5
  155.746051  5
  291.528516  5
  472.971050  5
  0.370536  5.5
  68.308175  5.5
  155.621066  5.5
  291.529421  5.5
  472.971048  5.5
  22.748179  4
  59.414394  4
  150.692051  4
  286.657379  4
  0.697093  4.5
  61.795675  4.5
  150.656115  4.5
  286.657493  4.5
  17.010828  3
  55.930210  3
  146.806568  3
  1.260971  3.5
  56.906862  3.5
  146.800551  3.5
  12.284028  2
  53.316092  2
  2.182598  2.5
  53.564708  2.5
  8.530575  1
  3.604168  1.5
