  55.686362  10
  56.667583  10
  123.256202  10
  156.137713  10
  217.051243  10
  292.705811  10
  384.344076  10
  491.591168  10
  614.345691  10
  752.555456  10
  0.000006  10.5
  95.909654  10.5
  106.038918  10.5
  159.340840  10.5
  216.825276  10.5
  292.713780  10.5
  384.343918  10.5
  491.591170  10.5
  614.345691  10.5
  752.555456  10.5
  49.150759  9
  50.792833  9
  107.346959  9
  144.153691  9
  204.930087  9
  281.015052  9
  372.847450  9
  480.216918  9
  603.052911  9
  0.000027  9.5
  82.402250  9.5
  95.780619  9.5
  145.733003  9.5
  204.847370  9.5
  281.017203  9.5
  372.847420  9.5
  480.216918  9.5
  603.052911  9.5
  42.457112  8
  45.092045  8
  93.384140  8
  133.442822  8
  194.289894  8
  270.661266  8
  362.637362  8
  470.097008  8
  0.000115  8.5
  69.474403  8.5
  86.253463  8.5
  134.132316  8.5
  194.263979  8.5
  270.661731  8.5
  362.637358  8.5
  470.097008  8.5
  35.633086  7
  39.642413  7
  81.521180  7
  124.045632  7
  185.045968  7
  261.608900  7
  353.688027  7
  0.000475  7.5
  57.484879  7.5
  77.585246  7.5
  124.304587  7.5
  185.039404  7.5
  261.608972  7.5
  353.688027  7.5
  28.808614  6
  34.536668  6
  71.774249  6
  115.974131  6
  177.136131  6
  253.826464  6
  0.001910  6.5
  46.741486  6.5
  69.891960  6.5
  116.053547  6.5
  177.134927  6.5
  253.826470  6.5
  22.230831  5
  29.878442  5
  64.013656  5
  109.217415  5
  170.513388  5
  0.007440  5.5
  37.487676  5.5
  63.271727  5.5
  109.235325  5.5
  170.513267  5.5
  16.211126  4
  25.776648  4
  58.018986  4
  103.749802  4
  0.027632  4.5
  29.906051  4.5
  57.800178  4.5
  103.752062  4.5
  11.036822  3
  22.342030  3
  53.564821  3
  0.095678  3.5
  24.117375  3.5
  53.527642  3.5
  6.904129  2
  19.689869  2
  0.299313  2.5
  20.159366  2.5
  3.886464  1
  0.818804  1.5
