  43.146702  10
  43.152756  10
  110.619413  10
  113.016898  10
  148.146560  10
  173.239924  10
  209.966325  10
  253.398677  10
  303.631074  10
  360.467910  10
  0.000000  10.5
  80.578555  10.5
  80.769930  10.5
  130.815134  10.5
  142.235706  10.5
  174.048011  10.5
  209.915543  10.5
  253.400378  10.5
  303.631045  10.5
  360.467911  10.5
  38.544910  9
  38.563154  9
  95.474833  9
  99.998404  9
  129.779237  9
  157.872585  9
  194.983357  9
  238.831638  9
  289.318203  9
  0.000000  9.5
  71.162811  9.5
  71.645082  9.5
  111.578293  9.5
  127.114349  9.5
  158.110787  9.5
  194.973327  9.5
  238.831845  9.5
  289.318201  9.5
  33.927682  8
  33.980841  8
  80.253944  8
  87.687220  8
  114.458163  8
  144.376872  8
  181.861175  8
  225.992491  8
  0.000000  8.5
  61.532649  8.5
  62.658305  8.5
  94.226674  8.5
  113.497746  8.5
  144.431501  8.5
  181.859787  8.5
  225.992504  8.5
  29.273726  7
  29.421809  7
  65.677928  7
  76.380870  7
  101.830813  7
  132.715891  7
  170.491188  7
  0.000000  7.5
  51.598603  7.5
  53.952322  7.5
  79.413330  7.5
  101.565374  7.5
  132.724689  7.5
  170.491086  7.5
  24.537372  6
  24.924384  6
  52.539455  6
  66.358841  6
  91.443201  6
  122.814353  6
  0.000002  6.5
  41.483669  6.5
  45.738423  6.5
  67.434151  6.5
  91.391836  6.5
  122.815109  6.5
  19.649146  5
  20.567732  5
  41.485153  5
  57.835096  5
  82.967186  5
  0.000020  5.5
  31.703909  5.5
  38.277398  5.5
  58.099123  5.5
  82.961850  5.5
  14.604127  4
  16.488643  4
  32.923362  4
  50.925993  4
  0.000233  4.5
  22.972230  4.5
  31.839188  4.5
  50.960862  4.5
  9.682324  3
  12.879974  3
  26.858523  3
  0.002501  3.5
  15.881770  3.5
  26.659342  3.5
  5.465837  2
  9.964342  2
  0.023354  2.5
  10.822019  2.5
  2.459979  1
  0.167576  1.5
