  56.555721  10
  57.743629  10
  124.679453  10
  160.352669  10
  224.255714  10
  303.834446  10
  400.118895  10
  512.770753  10
  641.693115  10
  786.836383  10
  0.000010  10.5
  96.767489  10.5
  108.280449  10.5
  163.184721  10.5
  224.068933  10.5
  303.840658  10.5
  400.118779  10.5
  512.770754  10.5
  641.693115  10.5
  786.836383  10.5
  49.850541  9
  51.792091  9
  108.924818  9
  148.451943  9
  212.280517  9
  292.256106  9
  388.724675  9
  501.492421  9
  630.491982  9
  0.000041  9.5
  83.100335  9.5
  97.995542  9.5
  149.838486  9.5
  212.212314  9.5
  292.257781  9.5
  388.724653  9.5
  501.492421  9.5
  630.491982  9.5
  42.987839  8
  46.030076  8
  95.150340  8
  137.827292  8
  201.753767  8
  281.996665  8
  378.601627  8
  491.454943  8
  0.000166  8.5
  70.095771  8.5
  88.467295  8.5
  138.429698  8.5
  201.732435  8.5
  281.997027  8.5
  378.601624  8.5
  491.454943  8.5
  36.012570  7
  40.535815  7
  83.477935  7
  128.511440  7
  192.599116  7
  273.022598  7
  369.725542  7
  0.000654  7.5
  58.092634  7.5
  79.817201  7.5
  128.736971  7.5
  192.593720  7.5
  273.022654  7.5
  369.725542  7.5
  29.073637  6
  35.401410  6
  73.894162  6
  120.511135  6
  184.759750  6
  265.304275  6
  0.002518  6.5
  47.376613  6.5
  72.154344  6.5
  120.580161  6.5
  184.758761  6.5
  265.304280  6.5
  22.426304  5
  30.728231  5
  66.252906  5
  113.812849  5
  178.192191  5
  0.009391  5.5
  38.172771  5.5
  65.570087  5.5
  113.828396  5.5
  178.192092  5.5
  16.373942  4
  26.621871  4
  60.334950  4
  108.390464  4
  0.033403  4.5
  30.649506  4.5
  60.134097  4.5
  108.392425  4.5
  11.186780  3
  23.189562  3
  55.926134  3
  0.110873  3.5
  24.915703  3.5
  55.892054  3.5
  7.044556  2
  20.543551  2
  0.333447  2.5
  20.998762  2.5
  4.009990  1
  0.882041  1.5
