  84.625550  10
  123.357666  10
  273.294766  10
  478.490171  10
  755.373521  10
  1101.977653  10
  1518.131548  10
  2003.757746  10
  2558.821698  10
  3183.306015  10
  0.070305  10.5
  149.964540  10.5
  270.978179  10.5
  478.553166  10.5
  755.372725  10.5
  1101.977658  10.5
  1518.131548  10.5
  2003.757746  10.5
  2558.821698  10.5
  3183.306015  10.5
  73.026381  9
  115.590479  9
  262.080535  9
  468.227399  9
  745.277872  9
  1091.975098  9
  1508.182426  9
  1993.842194  9
  2548.928607  9
  0.124977  9.5
  135.649058  9.5
  260.711979  9.5
  468.256587  9.5
  745.277588  9.5
  1091.975100  9.5
  1508.182426  9.5
  1993.842194  9.5
  2548.928607  9.5
  62.165596  8
  108.408254  8
  252.260009  8
  459.085697  8
  736.273495  8
  1083.044511  8
  1499.294264  8
  1984.980682  8
  0.219159  8.5
  122.934455  8.5
  251.505930  8.5
  459.097897  8.5
  736.273408  8.5
  1083.044511  8.5
  1499.294264  8.5
  1984.980682  8.5
  52.138133  7
  101.856138  7
  243.753718  7
  451.052702  7
  728.350748  7
  1075.179516  7
  1491.462494  7
  0.378134  7.5
  111.849865  7.5
  243.373637  7.5
  451.057150  7.5
  728.350726  7.5
  1075.179516  7.5
  1491.462494  7.5
  43.019028  6
  95.980688  6
  236.494291  6
  444.116676  6
  721.501205  6
  1068.374500  6
  0.640068  6.5
  102.406660  6.5
  236.324294  6.5
  444.118013  6.5
  721.501201  6.5
  1068.374500  6.5
  34.861328  5
  90.830963  5
  230.427098  5
  438.266894  5
  715.717614  5
  1.059650  5.5
  94.595031  5.5
  230.363035  5.5
  438.267192  5.5
  715.717614  5.5
  27.694735  4
  86.460029  4
  225.509838  4
  433.493946  4
  1.710619  4.5
  88.381379  4.5
  225.491466  4.5
  433.493983  4.5
  21.524666  3
  82.926789  3
  221.711456  3
  2.685779  3.5
  83.707921  3.5
  221.708386  3.5
  16.331625  2
  80.297936  2
  4.093503  2.5
  80.495507  2.5
  12.071066  1
  6.050791  1.5
