  38.607425  10
  38.607425  10
  103.255593  10
  103.258089  10
  149.939817  10
  150.812092  10
  174.486906  10
  187.402676  10
  207.916619  10
  231.684593  10
  0.000000  10.5
  73.044776  10.5
  73.044828  10.5
  129.096678  10.5
  129.161028  10.5
  164.186711  10.5
  169.300428  10.5
  188.244728  10.5
  207.864868  10.5
  231.685738  10.5
  34.538182  9
  34.538186  9
  91.008134  9
  91.023269  9
  128.293128  9
  130.952727  9
  149.142381  9
  165.457646  9
  186.568942  9
  0.000000  9.5
  64.900311  9.5
  64.900693  9.5
  112.562836  9.5
  112.862667  9.5
  138.362962  9.5
  147.471884  9.5
  165.588376  9.5
  186.565561  9.5
  30.468605  8
  30.468641  8
  78.713222  8
  78.795861  8
  106.391804  8
  112.158389  8
  128.218545  8
  146.338316  8
  0.000000  8.5
  56.751687  8.5
  56.754337  8.5
  95.636526  8.5
  96.776310  8.5
  115.107900  8.5
  127.905382  8.5
  146.348079  8.5
  26.398403  7
  26.398687  7
  66.259833  7
  66.645747  7
  85.896051  7
  95.162034  7
  111.027347  7
  0.000000  7.5
  48.591299  7.5
  48.608267  7.5
  78.172307  7.5
  81.319631  7.5
  95.857633  7.5
  110.999952  7.5
  22.326476  6
  22.328625  6
  53.413437  6
  54.803715  6
  68.536216  6
  80.542797  6
  0.000000  6.5
  40.386339  6.5
  40.482928  6.5
  61.110159  6.5
  67.150280  6.5
  80.616690  6.5
  18.247191  5
  18.262166  5
  40.360817  5
  43.760197  5
  55.137011  5
  0.000000  5.5
  32.018815  5.5
  32.472508  5.5
  46.156499  5.5
  54.948834  5.5
  14.131538  4
  14.223035  4
  28.425194  4
  34.181187  4
  0.000000  4.5
  23.344905  4.5
  24.860260  4.5
  34.619209  4.5
  9.879136  3
  10.316965  3
  19.060393  3
  0.000004  3.5
  14.977834  3.5
  18.176220  3.5
  5.534523  2
  6.843987  2
  0.000327  2.5
  8.309893  2.5
  2.051509  1
  0.017364  1.5
