  101.680925  10
  191.328372  10
  454.161824  10
  836.207388  10
  1347.551700  10
  1987.154163  10
  2754.859293  10
  3650.605499  10
  4674.365211  10
  5826.124571  10
  0.590458  10.5
  212.385621  10.5
  453.240968  10.5
  836.220528  10.5
  1347.551611  10.5
  1987.154163  10.5
  2754.859293  10.5
  3650.605499  10.5
  4674.365211  10.5
  5826.124571  10.5
  88.838488  9
  183.010156  9
  443.634814  9
  826.204111  9
  1337.678441  9
  1977.348463  9
  2745.092449  9
  3640.863046  9
  4664.639066  9
  0.873101  9.5
  198.662523  9.5
  443.094870  9.5
  826.210186  9.5
  1337.678410  9.5
  1977.348463  9.5
  2745.092449  9.5
  3640.863046  9.5
  4664.639066  9.5
  76.915232  8
  175.377581  8
  434.313316  8
  817.276975  8
  1328.859417  8
  1968.584988  8
  2736.360912  8
  3632.151550  8
  1.277049  8.5
  186.556209  8.5
  434.017527  8.5
  817.279509  8.5
  1328.859407  8.5
  1968.584988  8.5
  2736.360912  8.5
  3632.151550  8.5
  65.944946  7
  168.466690  7
  426.160355  7
  809.418501  7
  1321.089620  7
  1960.860383  7
  2728.662275  7
  1.845407  7.5
  176.055017  7.5
  426.011929  7.5
  809.419424  7.5
  1321.089618  7.5
  1960.860383  7.5
  2728.662275  7.5
  55.949000  6
  162.315767  6
  419.145414  6
  802.621925  6
  1314.364652  6
  1954.171693  6
  2.631525  6.5
  167.134514  6.5
  419.079252  6.5
  802.622202  6.5
  1314.364652  6.5
  1954.171693  6.5
  46.935989  5
  156.966052  5
  413.244010  5
  796.881272  5
  1308.680708  5
  3.699025  5.5
  159.757313  5.5
  413.219140  5.5
  796.881333  5.5
  1308.680708  5.5
  38.901449  4
  152.462498  4
  408.437156  4
  792.191424  4
  5.120823  4.5
  153.873826  4.5
  408.430037  4.5
  792.191432  4.5
  31.827676  3
  148.854519  3
  404.710759  3
  6.977085  3.5
  149.423992  3.5
  404.709571  3.5
  25.683725  2
  146.196606  2
  9.352263  2.5
  146.339863  2.5
  20.425674  1
  12.331572  1.5
