  86.904502  10
  131.620757  10
  294.839649  10
  521.407512  10
  826.489208  10
  1208.327292  10
  1666.752220  10
  2201.689868  10
  2813.107128  10
  3500.987336  10
  0.102601  10.5
  157.321200  10.5
  292.836076  10.5
  521.456622  10.5
  826.488647  10.5
  1208.327296  10.5
  1666.752220  10.5
  2201.689868  10.5
  2813.107128  10.5
  3500.987336  10.5
  75.094212  9
  123.761134  9
  283.771371  9
  511.196877  9
  816.438906  9
  1198.364783  9
  1656.840143  9
  2191.809473  9
  2803.247929  9
  0.176347  9.5
  143.087158  9.5
  282.589838  9.5
  511.219620  9.5
  816.438706  9.5
  1198.364784  9.5
  1656.840143  9.5
  2191.809473  9.5
  2803.247929  9.5
  64.063453  8
  116.504064  8
  274.057007  8
  502.098508  8
  807.472274  8
  1189.468168  8
  1647.983796  8
  2182.978418  8
  0.299092  8.5
  130.463949  8.5
  273.406861  8.5
  502.108010  8.5
  807.472213  8.5
  1189.468168  8.5
  1647.983796  8.5
  2182.978418  8.5
  53.894897  7
  109.892829  7
  265.625673  7
  494.100872  7
  799.580640  7
  1181.631696  7
  1640.179056  7
  0.499385  7.5
  119.472720  7.5
  265.298311  7.5
  494.104335  7.5
  799.580625  7.5
  1181.631696  7.5
  1640.179056  7.5
  44.652400  6
  103.972317  6
  258.417785  6
  487.193147  6
  792.756416  6
  1174.850300  6
  0.818732  6.5
  110.117367  6.5
  258.271478  6.5
  487.194188  6.5
  792.756413  6.5
  1174.850300  6.5
  36.379486  5
  98.790094  5
  252.385234  5
  481.365525  5
  786.993061  5
  1.314520  5.5
  102.381695  5.5
  252.330129  5.5
  481.365757  5.5
  786.993061  5.5
  29.098321  4
  94.397799  4
  247.490815  4
  476.609449  4
  2.061663  4.5
  96.227634  4.5
  247.475018  4.5
  476.609478  4.5
  22.808973  3
  90.852767  3
  243.707186  3
  3.151876  3.5
  91.595559  3.5
  243.704546  3.5
  17.488937  2
  88.219698  2
  4.689975  2.5
  88.407364  2.5
  13.093123  1
  6.787475  1.5
