  85.362802  10
  125.995407  10
  280.150547  10
  492.164028  10
  778.035255  10
  1135.869589  10
  1565.496407  10
  2066.839393  10
  2639.864488  10
  3284.554551  10
  0.079781  10.5
  152.302950  10.5
  277.942010  10.5
  492.222060  10.5
  778.034546  10.5
  1135.869594  10.5
  1565.496407  10.5
  2066.839393  10.5
  2639.864488  10.5
  3284.554551  10.5
  73.693030  9
  118.197525  9
  268.986304  9
  481.918976  9
  767.955061  9
  1125.880677  9
  1555.559903  9
  2056.935814  9
  2629.982939  9
  0.140229  9.5
  138.013589  9.5
  267.682391  9.5
  481.945859  9.5
  767.954807  9.5
  1125.880678  9.5
  1555.559903  9.5
  2056.935814  9.5
  2629.982939  9.5
  62.775810  8
  110.990485  8
  259.202167  8
  472.792015  8
  758.963545  8
  1116.961661  8
  1546.682577  8
  2048.084674  8
  0.243165  8.5
  125.328743  8.5
  258.484046  8.5
  472.803250  8.5
  758.963467  8.5
  1116.961662  8.5
  1546.682577  8.5
  2048.084674  8.5
  52.701933  7
  104.418799  7
  250.721568  7
  464.771056  7
  751.051397  7
  1109.106381  7
  1538.860012  7
  0.414952  7.5
  114.274852  7.5
  250.359739  7.5
  464.775152  7.5
  751.051377  7.5
  1109.106381  7.5
  1538.860012  7.5
  43.542626  6
  98.528454  6
  243.479793  6
  457.844667  6
  744.210477  6
  1102.309409  6
  0.694882  6.5
  104.860750  6.5
  243.318002  6.5
  457.845898  6.5
  744.210474  6.5
  1102.309409  6.5
  35.347675  5
  93.368002  5
  237.424450  5
  452.002432  5
  738.433778  5
  1.138584  5.5
  97.074435  5.5
  237.363491  5.5
  452.002706  5.5
  738.433778  5.5
  28.144188  4
  88.990030  4
  232.514991  4
  447.235230  4
  1.820249  4.5
  90.880741  4.5
  232.497511  4.5
  447.235264  4.5
  21.935735  3
  85.452920  3
  228.721641  3
  2.832374  3.5
  86.221196  3.5
  228.718720  3.5
  16.701764  2
  82.822703  2
  4.282180  2.5
  83.016949  2.5
  12.397514  1
  6.284845  1.5
