  51.597899  10
  51.940260  10
  117.941255  10
  138.763582  10
  187.332284  10
  246.027241  10
  317.786671  10
  401.934599  10
  498.345826  10
  606.951905  10
  0.000001  10.5
  91.741920  10.5
  96.587554  10.5
  144.477018  10.5
  186.753602  10.5
  246.054811  10.5
  317.785947  10.5
  401.934610  10.5
  498.345826  10.5
  606.951905  10.5
  45.797318  9
  46.447859  9
  101.458595  9
  126.370966  9
  174.300372  9
  233.674782  9
  305.687465  9
  389.997815  9
  486.516651  9
  0.000003  9.5
  79.249823  9.5
  86.514763  9.5
  129.328956  9.5
  174.084701  9.5
  233.682286  9.5
  305.687328  9.5
  389.997816  9.5
  486.516651  9.5
  39.871485  8
  41.059345  8
  86.650152  8
  115.205910  8
  162.969717  8
  222.766007  8
  294.966547  8
  379.395344  8
  0.000016  8.5
  66.892630  8.5
  77.027106  8.5
  116.543268  8.5
  162.901312  8.5
  222.767639  8.5
  294.966528  8.5
  379.395344  8.5
  33.785361  7
  35.841361  7
  73.831201  7
  105.360202  7
  153.192316  7
  213.253929  7
  285.588273  7
  0.000084  7.5
  55.086968  7.5
  68.282346  7.5
  105.874116  7.5
  153.174846  7.5
  213.254183  7.5
  285.588271  7.5
  27.566916  6
  30.884509  6
  63.191431  6
  96.884328  6
  144.866172  6
  205.095942  6
  0.000427  6.5
  44.259178  6.5
  60.433589  6.5
  97.044195  6.5
  144.862948  6.5
  205.095964  6.5
  21.381225  5
  26.300614  5
  54.736214  5
  89.789907  5
  137.919584  5
  0.002110  5.5
  34.767919  5.5
  53.617819  5.5
  89.826273  5.5
  137.919258  5.5
  15.544140  4
  22.215282  4
  48.282244  4
  84.058781  4
  0.009931  4.5
  26.885203  4.5
  47.946587  4.5
  84.063394  4.5
  10.424680  3
  18.759458  3
  43.556936  3
  0.043423  3.5
  20.801787  3.5
  43.499366  3.5
  6.315626  2
  16.066871  2
  0.169228  2.5
  16.615603  2.5
  3.357783  1
  0.558950  1.5
