  202.254190  10
  716.789508  10
  1900.688512  10
  3673.801824  10
  6039.054703  10
  8995.957587  10
  12544.382747  10
  16684.282009  10
  21415.633906  10
  26738.427689  10
  19.380462  10.5
  727.354406  10.5
  1900.596874  10.5
  3673.802099  10.5
  6039.054702  10.5
  8995.957587  10.5
  12544.382747  10.5
  16684.282009  10.5
  21415.633906  10.5
  26738.427689  10.5
  185.333848  9
  707.400700  9
  1890.682253  9
  3664.038405  9
  6029.381668  9
  8986.330005  9
  12534.781205  9
  16674.696768  9
  21406.059543  9
  22.504626  9.5
  715.123123  9.5
  1890.628752  9.5
  3664.038533  9.5
  6029.381667  9.5
  8986.330005  9.5
  12534.781205  9.5
  16674.696768  9.5
  21406.059543  9.5
  169.365318  8
  698.886436  8
  1881.743842  8
  3655.307786  8
  6020.729983  8
  8977.717969  8
  12526.191875  8
  16666.121646  8
  26.044139  8.5
  704.316613  8.5
  1881.714638  8.5
  3655.307839  8.5
  6020.729983  8.5
  8977.717969  8.5
  12526.191875  8.5
  16666.121646  8.5
  154.337117  7
  691.270552  7
  1873.867960  7
  3647.608278  7
  6013.098602  7
  8970.120773  7
  12518.614248  7
  30.036989  7.5
  694.905137  7.5
  1873.853348  7.5
  3647.608297  7.5
  6013.098602  7.5
  8970.120773  7.5
  12518.614248  7.5
  140.234967  6
  684.577990  6
  1867.050145  6
  3640.938391  6
  6006.486602  6
  8963.537796  6
  34.521862  6.5
  686.857472  6.5
  1867.043647  6.5
  3640.938397  6.5
  6006.486602  6.5
  8963.537796  6.5
  127.041824  5
  678.834840  5
  1861.286733  5
  3635.296831  5
  6000.893185  5
  39.537790  5.5
  680.141215  5.5
  1861.284295  5.5
  3635.296832  5.5
  6000.893185  5.5
  114.737918  4
  674.068353  4
  1856.574795  4
  3630.682504  4
  45.123787  4.5
  674.723104  4.5
  1856.574099  4.5
  3630.682504  4.5
  103.300818  3
  670.306942  3
  1852.912073  3
  51.318489  3.5
  670.569330  3.5
  1852.911957  3.5
  92.705522  2
  667.580155  2
  58.159800  2.5
  667.645839  2.5
  82.924575  1
  65.684556  1.5
