  106.866416  10
  214.141506  10
  515.942867  10
  957.756857  10
  1548.615729  10
  2287.597371  10
  3174.550389  10
  4209.415570  10
  5392.166417  10
  6722.789616  10
  0.900568  10.5
  233.978036  10.5
  515.202410  10.5
  957.765960  10.5
  1548.615676  10.5
  2287.597371  10.5
  3174.550389  10.5
  4209.415570  10.5
  5392.166417  10.5
  6722.789616  10.5
  93.738065  9
  205.704025  9
  505.514869  9
  947.794897  9
  1538.777229  9
  2277.822537  9
  3164.812164  9
  4199.700320  9
  5382.466524  9
  1.286691  9.5
  220.410332  9.5
  505.081093  9.5
  947.799104  9.5
  1538.777210  9.5
  2277.822537  9.5
  3164.812164  9.5
  4199.700320  9.5
  5382.466524  9.5
  81.549540  8
  197.973070  8
  496.265466  8
  938.901703  8
  1529.987225  8
  2269.085289  8
  3156.105237  8
  4191.012412  8
  1.819939  8.5
  208.449798  8.5
  496.028010  8.5
  938.903458  8.5
  1529.987219  8.5
  2269.085289  8.5
  3156.105237  8.5
  4191.012412  8.5
  70.325335  7
  190.983233  7
  488.163986  7
  931.070728  7
  1522.241412  7
  2261.382736  7
  3148.427531  7
  2.545927  7.5
  198.078581  7.5
  488.044901  7.5
  931.071367  7.5
  1522.241411  7.5
  2261.382736  7.5
  3148.427531  7.5
  60.079053  6
  184.771372  6
  481.185135  6
  924.296080  6
  1515.536003  6
  2254.712334  6
  3.519225  6.5
  189.267633  6.5
  481.132077  6.5
  924.296271  6.5
  1515.536002  6.5
  2254.712334  6.5
  50.813159  5
  179.377216  5
  475.308600  5
  918.572578  5
  1509.867721  5
  4.802973  5.5
  181.976934  5.5
  475.288662  5.5
  918.572620  5.5
  1509.867721  5.5
  42.518780  4
  174.843973  4
  470.518589  4
  913.895795  4
  6.467702  4.5
  176.156460  4.5
  470.512884  4.5
  913.895801  4.5
  35.175606  3
  171.218905  3
  466.803344  3
  8.589378  3.5
  171.747867  3.5
  466.802392  3.5
  28.751943  2
  168.553772  2
  11.246845  2.5
  168.686725  2.5
  23.205000  1
  14.518928  1.5
