  44.113171  10
  44.125758  10
  111.601065  10
  115.376069  10
  150.546003  10
  180.015199  10
  220.590061  10
  268.559261  10
  323.888292  10
  386.418709  10
  0.000000  10.5
  82.077938  10.5
  82.432186  10.5
  131.164917  10.5
  146.134004  10.5
  180.511954  10.5
  220.563075  10.5
  268.560055  10.5
  323.888280  10.5
  386.418709  10.5
  39.391688  9
  39.426621  9
  95.935547  9
  102.366757  9
  133.272844  9
  165.222017  9
  206.195695  9
  254.517629  9
  310.068455  9
  0.000000  9.5
  72.325492  9.5
  73.141942  9.5
  112.271336  9.5
  131.382552  9.5
  165.365109  9.5
  206.190423  9.5
  254.517725  9.5
  310.068455  9.5
  34.646748  8
  34.740445  8
  80.493854  8
  90.180689  8
  118.842126  8
  152.235279  8
  193.555748  8
  242.122760  8
  0.000000  8.5
  62.309024  8.5
  64.044504  8.5
  95.547282  8.5
  118.185454  8.5
  152.267621  8.5
  193.555024  8.5
  242.122766  8.5
  29.849626  7
  30.089627  7
  66.012290  7
  79.089046  7
  106.842058  7
  141.001613  7
  182.581987  7
  0.000000  7.5
  52.001458  7.5
  55.299938  7.5
  81.473826  7.5
  106.664590  7.5
  141.006773  7.5
  182.581934  7.5
  24.946659  6
  25.522355  6
  53.183248  6
  69.328993  6
  96.886851  6
  131.446419  6
  0.000005  6.5
  41.655379  6.5
  47.123637  6.5
  70.146214  6.5
  96.852950  6.5
  131.446860  6.5
  19.876605  5
  21.128535  5
  42.540810  5
  61.068266  5
  88.719738  5
  0.000046  5.5
  31.849345  5.5
  39.762281  5.5
  61.264806  5.5
  88.716242  5.5
  14.687481  4
  17.049989  4
  34.372559  4
  54.385982  4
  0.000455  4.5
  23.232928  4.5
  33.457975  4.5
  54.411665  4.5
  9.720014  3
  13.472746  3
  28.579409  3
  0.004149  3.5
  16.309079  3.5
  28.414201  3.5
  5.531263  2
  10.602641  2
  0.032985  2.5
  11.404426  2.5
  2.552689  1
  0.204442  1.5
