  39.840686  10
  39.840755  10
  105.681482  10
  105.785355  10
  147.502039  10
  154.645754  10
  178.662069  10
  204.193381  10
  235.209116  10
  270.720204  10
  0.000000  10.5
  75.147620  10.5
  75.151617  10.5
  130.481430  10.5
  131.807533  10.5
  160.557709  10.5
  177.711495  10.5
  204.258771  10.5
  235.206966  10.5
  270.720232  10.5
  35.629932  9
  35.630274  9
  92.800573  9
  93.155286  9
  125.037349  9
  136.270754  9
  159.323527  9
  186.124334  9
  217.632938  9
  0.000000  9.5
  66.699905  9.5
  66.716821  9.5
  112.293766  9.5
  115.501193  9.5
  138.584465  9.5
  159.109440  9.5
  186.132845  9.5
  217.632810  9.5
  31.417581  8
  31.419226  8
  79.621844  8
  80.688316  8
  104.694891  8
  119.734785  8
  142.871441  8
  170.344521  8
  0.000000  8.5
  58.221806  8.5
  58.289057  8.5
  93.854689  8.5
  100.040488  8.5
  120.372237  8.5
  142.839263  8.5
  170.345091  8.5
  27.201136  7
  27.208726  7
  65.992916  7
  68.634638  7
  87.560490  7
  105.336657  7
  128.857693  7
  0.000000  7.5
  49.658830  7.5
  49.903656  7.5
  76.280597  7.5
  85.916837  7.5
  105.450903  7.5
  128.855205  7.5
  22.971716  6
  23.004762  6
  52.284972  6
  57.389094  6
  73.938484  6
  93.163388  6
  0.000000  6.5
  40.884767  6.5
  41.663481  6.5
  60.839143  6.5
  73.568710  6.5
  93.173834  6.5
  18.699130  5
  18.831183  5
  39.570270  5
  47.417247  5
  63.303753  5
  0.000000  5.5
  31.796676  5.5
  33.794222  5.5
  48.449798  5.5
  63.262153  5.5
  14.304651  4
  14.763120  4
  28.953980  4
  39.126508  4
  0.000004  4.5
  22.795223  4.5
  26.658991  4.5
  39.279053  4.5
  9.733754  3
  10.978889  3
  21.168296  3
  0.000119  3.5
  14.885200  3.5
  20.684380  3.5
  5.390283  2
  7.777841  2
  0.002991  2.5
  8.957639  2.5
  2.158311  1
  0.054564  1.5
