  38.068527  10
  38.068527  10
  102.142924  10
  102.142926  10
  150.055870  10
  150.060632  10
  180.646112  10
  182.022869  10
  195.470631  10
  206.462581  10
  -0.000000  10.5
  72.118130  10.5
  72.118130  10.5
  128.131365  10.5
  128.131469  10.5
  167.795707  10.5
  167.915060  10.5
  188.339565  10.5
  194.001752  10.5
  206.551944  10.5
  34.060728  9
  34.060728  9
  90.116047  9
  90.116070  9
  129.946118  9
  129.995730  9
  151.254169  9
  155.390156  9
  166.809574  9
  -0.000000  9.5
  64.101909  9.5
  64.101909  9.5
  112.086038  9.5
  112.087523  9.5
  143.246708  9.5
  144.015642  9.5
  157.417375  9.5
  166.657586  9.5
  30.052895  8
  30.052895  8
  78.087074  8
  78.087458  8
  109.639549  8
  110.025822  8
  123.589408  8
  131.099241  8
  -0.000000  8.5
  56.085354  8.5
  56.085358  8.5
  96.023355  8.5
  96.041413  8.5
  118.088462  8.5
  120.928504  8.5
  131.351114  8.5
  26.045006  7
  26.045006  7
  66.051808  7
  66.057313  7
  88.793042  7
  90.591868  7
  100.181810  7
  0.000000  7.5
  48.068181  7.5
  48.068256  7.5
  79.867771  7.5
  80.038330  7.5
  93.917986  7.5
  99.778395  7.5
  22.037016  6
  22.037025  6
  53.980015  6
  54.043673  6
  68.332357  6
  72.682958  6
  0.000000  6.5
  40.049258  6.5
  40.050552  6.5
  63.333521  6.5
  64.355746  6.5
  73.300880  6.5
  18.028743  5
  18.028937  5
  41.697495  5
  42.197284  5
  50.692641  5
  0.000000  5.5
  32.019301  5.5
  32.037915  5.5
  46.770564  5.5
  49.798081  5.5
  14.018399  4
  14.021941  4
  29.183941  4
  31.106932  4
  0.000000  4.5
  23.900784  4.5
  24.096211  4.5
  32.318827  4.5
  9.984133  3
  10.035463  3
  18.120975  3
  0.000000  3.5
  15.536994  3.5
  16.592033  3.5
  5.805752  2
  6.236610  2
  0.000004  2.5
  8.034662  2.5
  2.005775  1
  0.001928  1.5
