  77.505765  10
  99.940885  10
  213.717043  10
  358.556398  10
  556.384735  10
  804.217585  10
  1101.889841  10
  1449.308588  10
  1846.432864  10
  2293.242046  10
  0.016367  10.5
  129.721302  10.5
  209.905131  10.5
  358.706318  10.5
  556.382044  10.5
  804.217611  10.5
  1101.889841  10.5
  1449.308588  10.5
  1846.432864  10.5
  2293.242046  10.5
  66.734495  9
  92.513454  9
  201.844959  9
  348.070268  9
  546.089920  9
  794.039828  9
  1091.778854  9
  1439.239546  9
  1836.391891  9
  0.033208  9.5
  115.182855  9.5
  199.571879  9.5
  348.139917  9.5
  546.088957  9.5
  794.039835  9.5
  1091.778854  9.5
  1439.239546  9.5
  1836.391891  9.5
  56.512989  8
  85.603012  8
  191.540739  8
  338.741331  8
  536.920117  8
  784.960736  8
  1082.751767  8
  1430.245136  8
  0.066421  8.5
  102.183117  8.5
  190.279415  8.5
  338.770502  8.5
  536.919820  8.5
  784.960738  8.5
  1082.751767  8.5
  1430.245136  8.5
  46.984595  7
  79.262800  7
  182.692025  7
  330.554716  7
  528.861230  7
  776.971162  7
  1074.802037  7
  0.130531  7.5
  90.783794  7.5
  182.052971  7.5
  330.565368  7.5
  528.861156  7.5
  776.971162  7.5
  1074.802037  7.5
  38.272137  6
  73.546768  6
  175.198047  6
  323.495361  6
  521.901048  6
  770.063058  6
  0.251006  6.5
  81.027423  6.5
  174.911147  6.5
  323.498567  6.5
  521.901034  6.5
  770.063058  6.5
  30.471322  5
  68.510506  5
  168.974529  5
  317.548891  5
  516.029120  5
  0.470045  5.5
  72.932658  5.5
  168.866121  5.5
  317.549605  5.5
  516.029118  5.5
  23.646776  4
  64.212966  4
  163.955331  4
  312.702324  4
  0.852783  4.5
  66.488563  4.5
  163.924182  4.5
  312.702414  4.5
  17.829674  3
  60.718981  3
  160.091836  3
  1.491517  3.5
  61.650259  3.5
  160.086624  3.5
  13.016213  2
  58.102421  2
  2.504801  2.5
  58.339105  2.5
  9.166809  1
  4.029445  1.5
