  41.073072  10
  41.073725  10
  107.828943  10
  108.360340  10
  146.159671  10
  160.534539  10
  189.002200  10
  222.063778  10
  260.854693  10
  304.959577  10
  0.000000  10.5
  77.215570  10.5
  77.243941  10.5
  130.765051  10.5
  135.124689  10.5
  163.194200  10.5
  188.739761  10.5
  222.076436  10.5
  260.854386  10.5
  304.959580  10.5
  36.719093  9
  36.721618  9
  94.119741  9
  95.485039  9
  125.046673  9
  143.509845  9
  172.034311  9
  205.801778  9
  244.959887  9
  0.000000  9.5
  68.439043  9.5
  68.531927  9.5
  111.544133  9.5
  119.191067  9.5
  144.385439  9.5
  171.979916  9.5
  205.803358  9.5
  244.959869  9.5
  32.360573  8
  32.370019  8
  79.963886  8
  82.992897  8
  106.927155  8
  128.447098  8
  157.336134  8
  191.536566  8
  0.000000  8.5
  59.576123  8.5
  59.860471  8.5
  93.097747  8.5
  104.483608  8.5
  128.661807  8.5
  157.328363  8.5
  191.536669  8.5
  27.989948  7
  28.023808  7
  65.624583  7
  71.199742  7
  92.111571  7
  115.429566  7
  144.690468  7
  0.000000  7.5
  50.521121  7.5
  51.310838  7.5
  76.501664  7.5
  91.364758  7.5
  115.465572  7.5
  144.689886  7.5
  23.585259  6
  23.699579  6
  51.935335  6
  60.480866  6
  80.233483  6
  104.419663  6
  0.000000  6.5
  41.157257  6.5
  43.048986  6.5
  62.602515  6.5
  80.080440  6.5
  104.422833  6.5
  19.091715  5
  19.444432  5
  39.871276  5
  51.191073  5
  70.739451  5
  0.000002  5.5
  31.645599  5.5
  35.342304  5.5
  51.758530  5.5
  70.723049  5.5
  14.427502  4
  15.367452  4
  30.191848  4
  43.584293  4
  0.000031  4.5
  22.685983  4.5
  28.527654  4.5
  43.662658  4.5
  9.672468  3
  11.665487  3
  23.265796  3
  0.000545  3.5
  15.141876  3.5
  22.940254  3.5
  5.379141  2
  8.606898  2
  0.008326  2.5
  9.630328  2.5
  2.268081  1
  0.094388  1.5
