  43.357885  10
  43.365073  10
  110.848396  10
  113.521187  10
  148.601710  10
  174.680082  10
  212.248211  10
  256.679524  10
  308.031418  10
  366.117997  10
  0.000000  10.5
  80.910381  10.5
  81.131628  10.5
  130.867110  10.5
  143.057843  10.5
  175.404202  10.5
  212.204229  10.5
  256.680954  10.5
  308.031394  10.5
  366.117997  10.5
  38.730205  9
  38.751451  9
  95.579168  9
  100.501568  9
  130.487576  9
  159.447040  9
  197.405888  9
  242.237290  9
  293.835531  9
  0.000000  9.5
  71.423036  9.5
  71.969140  9.5
  111.694030  9.5
  128.018886  9.5
  159.659236  9.5
  197.397224  9.5
  242.237463  9.5
  293.835530  9.5
  34.085499  8
  34.146217  8
  80.297370  8
  88.216476  8
  115.380004  8
  146.071520  8
  184.398436  8
  229.503570  8
  0.000000  8.5
  61.709136  8.5
  62.956398  8.5
  94.477654  8.5
  114.498481  8.5
  146.120006  8.5
  184.397240  8.5
  229.503581  8.5
  29.400865  7
  29.566720  7
  65.735065  7
  76.958062  7
  102.904411  7
  134.511850  7
  173.122511  7
  0.000000  7.5
  51.690270  7.5
  54.240519  7.5
  79.832451  7.5
  102.662158  7.5
  134.519641  7.5
  173.122423  7.5
  24.628627  6
  25.053495  6
  52.663294  6
  66.996193  6
  92.620675  6
  124.692478  6
  0.000002  6.5
  41.518921  6.5
  46.034355  6.5
  68.006944  6.5
  92.573949  6.5
  124.693147  6.5
  19.700285  5
  20.688280  5
  41.702140  5
  58.533840  5
  84.218260  5
  0.000025  5.5
  31.729880  5.5
  38.595882  5.5
  58.780732  5.5
  84.213415  5.5
  14.622055  4
  16.609284  4
  33.231958  4
  51.678185  4
  0.000273  4.5
  23.023514  4.5
  32.188693  4.5
  51.710705  4.5
  9.689058  3
  13.008004  3
  27.231605  3
  0.002815  3.5
  15.971396  3.5
  27.040733  3.5
  5.479077  2
  10.103156  2
  0.025314  2.5
  10.947770  2.5
  2.480053  1
  0.175479  1.5
