  2730.035440  10
  20038.249512  10
  55560.336097  10
  108847.202836  10
  179897.333283  10
  268710.309646  10
  375286.012590  10
  499624.397354  10
  641725.444044  10
  801589.142712  10
  1785.580638  10.5
  20040.217801  10.5
  55560.335543  10.5
  108847.202836  10.5
  179897.333283  10.5
  268710.309646  10.5
  375286.012590  10.5
  499624.397354  10.5
  641725.444044  10.5
  801589.142712  10.5
  2675.526069  9
  20027.825563  9
  55550.437143  9
  108837.502747  9
  179887.712732  9
  268700.728873  9
  375276.454548  9
  499614.853521  9
  641715.909684  9
  1825.856310  9.5
  20029.257285  9.5
  55550.436819  9.5
  108837.502747  9.5
  179887.712732  9.5
  268700.728873  9.5
  375276.454548  9.5
  499614.853521  9.5
  641715.909684  9.5
  2621.817790  8
  20018.474109  8
  55541.580525  8
  108828.823888  8
  179879.104974  8
  268692.156672  8
  375267.902667  8
  499606.314340  8
  1866.825958  8.5
  20019.476465  8.5
  55541.580349  8.5
  108828.823888  8.5
  179879.104974  8.5
  268692.156672  8.5
  375267.902667  8.5
  499606.314340  8.5
  2568.905220  7
  20010.200886  7
  55533.766128  7
  108821.166203  7
  179871.509976  7
  268684.593020  7
  375260.356929  7
  1908.496036  7.5
  20010.869211  7.5
  55533.766040  7.5
  108821.166203  7.5
  179871.509976  7.5
  268684.593020  7.5
  375260.356929  7.5
  2516.782899  6
  20003.011656  6
  55526.993850  6
  108814.529642  6
  179864.927705  6
  268678.037897  6
  1950.872948  6.5
  20003.429407  6.5
  55526.993811  6.5
  108814.529642  6.5
  179864.927705  6.5
  268678.037897  6.5
  2465.445299  5
  19996.912217  5
  55521.263604  5
  108808.914163  5
  179859.358136  5
  1993.963042  5.5
  19997.150955  5.5
  55521.263589  5.5
  108808.914163  5.5
  179859.358136  5.5
  2414.886817  4
  19991.908390  4
  55516.575317  4
  108804.319730  4
  2037.772616  4.5
  19992.027769  4.5
  55516.575313  4.5
  108804.319730  4.5
  2365.101782  3
  19988.006031  3
  55512.928931  3
  2082.307909  3.5
  19988.053785  3.5
  55512.928930  3.5
  2316.084456  2
  19985.211018  2
  2127.575103  2.5
  19985.222957  2.5
  2267.829030  1
  2173.580323  1.5
