  78.498829  10
  102.956955  10
  221.221090  10
  373.819387  10
  581.738630  10
  842.178687  10
  1154.971894  10
  1520.028093  10
  1937.307434  10
  2406.789854  10
  0.020626  10.5
  132.267052  10.5
  217.677497  10.5
  373.951203  10.5
  581.736385  10.5
  842.178708  10.5
  1154.971894  10.5
  1520.028093  10.5
  1937.307434  10.5
  2406.789854  10.5
  67.593509  9
  95.477141  9
  209.462989  9
  363.370935  9
  571.478034  9
  832.030947  9
  1144.888615  9
  1509.985311  9
  1927.291751  9
  0.040973  9.5
  117.754702  9.5
  207.353659  9.5
  363.432142  9.5
  571.477230  9.5
  832.030953  9.5
  1144.888615  9.5
  1509.985311  9.5
  1927.291751  9.5
  57.270530  8
  88.525152  8
  199.243392  8
  354.073780  8
  562.336608  8
  822.977283  8
  1135.885299  8
  1501.013628  8
  0.080239  8.5
  104.793274  8.5
  198.074495  8.5
  354.099406  8.5
  562.336360  8.5
  822.977285  8.5
  1135.885299  8.5
  1501.013628  8.5
  47.665771  7
  82.152868  7
  190.454810  7
  345.913349  7
  554.301048  7
  815.009028  7
  1127.955743  7
  0.154414  7.5
  93.439105  7.5
  189.863161  7.5
  345.922703  7.5
  554.300986  7.5
  815.009028  7.5
  1127.955743  7.5
  38.894131  6
  76.412966  6
  183.001977  6
  338.875061  6
  547.359807  6
  808.118557  6
  0.290868  6.5
  83.729594  6.5
  182.736544  6.5
  338.877876  6.5
  547.359795  6.5
  808.118557  6.5
  31.043975  5
  71.359911  5
  176.805758  5
  332.945124  5
  541.502990  5
  0.533891  5.5
  75.678563  5.5
  176.705511  5.5
  332.945751  5.5
  541.502989  5.5
  24.173778  4
  67.051661  4
  171.804245  4
  328.111147  4
  0.950329  4.5
  69.270983  4.5
  171.775450  4.5
  328.111225  4.5
  18.310080  3
  63.552106  3
  167.951968  3
  1.633036  3.5
  64.459335  3.5
  167.947150  3.5
  13.446148  2
  60.934017  2
  2.699344  2.5
  61.164399  2.5
  9.541301  1
  4.283090  1.5
