  53.608276  10
  54.203893  10
  120.291853  10
  146.832825  10
  201.125411  10
  267.892167  10
  349.059339  10
  444.133096  10
  553.000364  10
  675.601686  10
  0.000002  10.5
  93.838209  10.5
  101.029641  10.5
  151.132510  10.5
  200.764811  10.5
  267.906892  10.5
  349.059004  10.5
  444.133101  10.5
  553.000364  10.5
  675.601686  10.5
  47.459675  9
  48.518970  9
  104.053239  9
  134.643796  9
  188.596279  9
  255.896512  9
  337.285109  9
  432.499288  9
  541.459854  9
  0.000010  9.5
  80.789658  9.5
  90.851657  9.5
  136.809002  9.5
  188.463285  9.5
  255.900501  9.5
  337.285046  9.5
  432.499289  9.5
  541.459854  9.5
  41.163545  8
  42.971537  8
  89.648515  8
  123.712519  8
  177.643183  8
  245.286976  8
  326.839398  8
  422.156533  8
  0.000045  8.5
  68.102728  8.5
  81.336356  8.5
  124.671863  8.5
  177.601299  8.5
  245.287841  8.5
  326.839390  8.5
  422.156533  8.5
  34.710694  7
  37.634671  7
  77.310287  7
  114.102247  7
  168.155342  7
  236.022596  7
  317.692008  7
  0.000208  7.5
  56.177368  7.5
  72.626917  7.5
  114.466036  7.5
  168.144696  7.5
  236.022731  7.5
  317.692007  7.5
  28.180240  6
  32.601247  6
  67.136477  6
  105.841279  6
  160.054096  6
  228.066779  6
  0.000935  6.5
  45.379866  6.5
  64.857254  6.5
  105.953521  6.5
  160.052138  6.5
  228.066791  6.5
  21.786818  5
  27.979736  5
  59.053335  5
  98.927637  5
  153.281979  5
  0.004076  5.5
  36.005621  5.5
  58.143638  5.5
  98.953045  5.5
  153.281782  5.5
  15.852606  4
  23.887378  4
  52.848456  4
  93.338050  4
  0.016942  4.5
  28.277084  4.5
  52.578124  4.5
  93.341264  4.5
  10.706948  3
  20.444360  3
  48.270242  3
  0.065520  3.5
  22.347104  3.5
  48.224119  3.5
  6.590824  2
  17.774344  2
  0.227345  2.5
  18.281285  2.5
  3.607824  1
  0.679555  1.5
