  57.087387  10
  58.416668  10
  125.607715  10
  163.031530  10
  228.829846  10
  310.876830  10
  410.088831  10
  526.147069  10
  658.957266  10
  808.471302  10
  0.000013  10.5
  97.293543  10.5
  109.698154  10.5
  165.658228  10.5
  228.663399  10.5
  310.882175  10.5
  410.088734  10.5
  526.147070  10.5
  658.957266  10.5
  808.471302  10.5
  50.276451  9
  52.418900  9
  109.951536  9
  151.180927  9
  216.938033  9
  299.363486  9
  398.753839  9
  514.924253  9
  647.809203  9
  0.000052  9.5
  83.537237  9.5
  99.398744  9.5
  152.461951  9.5
  216.877336  9.5
  299.364927  9.5
  398.753821  9.5
  514.924253  9.5
  647.809203  9.5
  43.309924  8
  46.620219  8
  96.292601  8
  140.607357  8
  206.476446  8
  289.158610  8
  388.681162  8
  504.934507  8
  0.000205  8.5
  70.491696  8.5
  89.870769  8.5
  141.162440  8.5
  206.457480  8.5
  289.158921  8.5
  388.681160  8.5
  504.934507  8.5
  36.243601  7
  41.099314  7
  84.734077  7
  131.339210  7
  197.373270  7
  280.229848  7
  379.847489  7
  0.000790  7.5
  58.483369  7.5
  81.231936  7.5
  131.546663  7.5
  197.368476  7.5
  280.229896  7.5
  379.847489  7.5
  29.237071  6
  35.947767  6
  75.245854  6
  123.380391  6
  189.574633  6
  272.548644  6
  0.002965  6.5
  47.785174  6.5
  73.587269  6.5
  123.443813  6.5
  189.573754  6.5
  272.548648  6.5
  22.549111  5
  31.265521  5
  67.673581  5
  116.716025  5
  183.039012  5
  0.010778  5.5
  38.611753  5.5
  67.024215  5.5
  116.730301  5.5
  183.038923  5.5
  16.477455  4
  27.156195  4
  61.799754  4
  111.319855  4
  0.037373  4.5
  31.123389  4.5
  61.609019  4.5
  111.321655  4.5
  11.282113  3
  23.724988  3
  57.417061  3
  0.121002  3.5
  25.422069  3.5
  57.384723  3.5
  7.133329  2
  21.082407  2
  0.355597  2.5
  21.529226  2.5
  4.087756  1
  0.922300  1.5
