  51.376077  10
  51.696473  10
  117.709292  10
  137.924872  10
  185.903471  10
  243.732176  10
  314.490691  10
  397.476956  10
  492.564439  10
  599.683548  10
  0.000000  10.5
  91.501697  10.5
  96.118662  10.5
  143.819802  10.5
  185.292863  10.5
  243.761795  10.5
  314.489900  10.5
  397.476968  10.5
  492.564439  10.5
  599.683548  10.5
  45.612270  9
  46.225865  9
  101.205675  9
  125.509691  9
  172.807493  9
  231.335722  9
  302.351377  9
  385.502846  9
  480.699740  9
  0.000003  9.5
  79.077931  9.5
  86.059451  9.5
  128.572606  9.5
  172.579598  9.5
  231.343789  9.5
  302.351227  9.5
  385.502848  9.5
  480.699740  9.5
  39.726176  8
  40.855585  8
  86.354966  8
  114.317551  8
  161.429316  8
  220.390038  8
  291.596541  8
  374.868410  8
  0.000014  8.5
  66.764062  8.5
  76.576072  8.5
  115.706088  8.5
  161.356964  8.5
  220.391793  8.5
  291.596521  8.5
  374.868410  8.5
  33.680646  7
  35.651402  7
  73.482109  7
  104.443842  7
  151.615843  7
  210.847430  7
  282.189846  7
  0.000075  7.5
  54.976122  7.5
  67.827815  7.5
  104.978380  7.5
  151.597353  7.5
  210.847703  7.5
  282.189845  7.5
  27.498227  6
  30.703489  6
  62.787590  6
  95.941980  6
  143.261872  6
  202.664554  6
  0.000389  6.5
  44.146840  6.5
  59.970008  6.5
  96.108446  6.5
  143.258459  6.5
  202.664577  6.5
  21.337506  5
  26.123923  5
  54.287093  5
  88.825479  5
  136.293780  5
  0.001951  5.5
  34.642731  5.5
  53.142134  5.5
  88.863371  5.5
  136.293435  5.5
  15.512296  4
  22.039233  4
  47.802237  4
  83.076983  4
  0.009320  4.5
  26.742147  4.5
  47.458162  4.5
  83.081791  4.5
  10.395725  3
  18.581660  3
  43.058648  3
  0.041356  3.5
  20.640587  3.5
  42.999594  3.5
  6.286866  2
  15.886191  2
  0.163446  2.5
  16.439946  2.5
  3.331238  1
  0.546406  1.5
