  54.922304  10
  55.745064  10
  122.097395  10
  152.594739  10
  210.989479  10
  283.300876  10
  370.990574  10
  473.645887  10
  591.161272  10
  723.482059  10
  0.000004  10.5
  95.154022  10.5
  104.142684  10.5
  156.164059  10.5
  210.721723  10.5
  283.310830  10.5
  370.990367  10.5
  473.645890  10.5
  591.161272  10.5
  723.482059  10.5
  48.532096  9
  49.939058  9
  106.059778  9
  140.536231  9
  198.728938  9
  271.504394  9
  359.397676  9
  462.181547  9
  579.782461  9
  0.000019  9.5
  81.802222  9.5
  93.910995  9.5
  142.308466  9.5
  198.630683  9.5
  271.507085  9.5
  359.397637  9.5
  462.181547  9.5
  579.782461  9.5
  41.985913  8
  44.293462  8
  91.932681  8
  129.746730  8
  187.981153  8
  261.061911  8
  349.105819  8
  451.984252  8
  0.000083  8.5
  68.952804  8.5
  84.386554  8.5
  130.524213  8.5
  187.950316  8.5
  261.062493  8.5
  349.105814  8.5
  451.984252  8.5
  35.296964  7
  38.884232  7
  79.898038  7
  120.274408  7
  178.652965  7
  251.935978  7
  340.087713  7
  0.000354  7.5
  56.981183  7.5
  75.702780  7.5
  120.567335  7.5
  178.645145  7.5
  251.936068  7.5
  340.087713  7.5
  28.577212  6
  33.804399  6
  70.000353  6
  112.136606  6
  170.676812  6
  244.093343  6
  0.001483  6.5
  46.215828  6.5
  67.982024  6.5
  112.226620  6.5
  170.675376  6.5
  244.093351  6.5
  22.064050  5
  29.159486  5
  62.127643  5
  105.325220  5
  164.002230  5
  0.006010  5.5
  36.917883  5.5
  61.328735  5.5
  105.345546  5.5
  164.002086  5.5
  16.074406  4
  25.061407  4
  56.060415  4
  99.815200  4
  0.023229  4.5
  29.283533  4.5
  55.824203  4.5
  99.817767  4.5
  10.910933  3
  21.624202  3
  51.563410  3
  0.083632  3.5
  23.444673  3.5
  51.523218  3.5
  6.785370  2
  18.966028  2
  0.271337  2.5
  19.448713  2.5
  3.781409  1
  0.765735  1.5
