  38.839369  10
  38.839371  10
  103.726831  10
  103.734362  10
  149.588055  10
  151.323138  10
  174.156092  10
  190.370973  10
  213.311953  10
  239.871657  10
  0.000000  10.5
  73.442279  10.5
  73.442465  10.5
  129.456170  10.5
  129.617321  10.5
  162.825300  10.5
  170.519836  10.5
  190.825521  10.5
  213.288742  10.5
  239.872099  10.5
  34.743615  9
  34.743630  9
  91.376051  9
  91.414765  9
  127.426323  9
  131.712991  9
  150.502159  9
  169.507334  9
  193.068620  9
  0.000000  9.5
  65.242065  9.5
  65.243229  9.5
  112.637406  9.5
  113.265296  9.5
  137.574475  9.5
  149.467713  9.5
  169.573287  9.5
  193.067156  9.5
  30.647369  8
  30.647479  8
  78.941472  8
  79.120102  8
  105.572854  8
  113.422991  8
  130.967442  8
  151.348458  8
  0.000000  8.5
  57.034923  8.5
  57.041796  8.5
  95.293928  8.5
  97.257148  8.5
  115.520297  8.5
  130.789226  8.5
  151.353195  8.5
  26.550122  7
  26.550866  7
  66.262445  7
  66.961159  7
  85.748281  7
  97.096137  7
  114.728712  7
  0.000000  7.5
  48.807085  7.5
  48.844468  7.5
  77.582701  7.5
  82.074531  7.5
  97.544675  7.5
  114.713816  7.5
  22.449866  6
  22.454657  6
  53.141323  6
  55.229382  6
  69.369099  6
  83.157720  6
  0.000000  6.5
  40.506070  6.5
  40.686249  6.5
  60.770431  6.5
  68.353265  6.5
  83.202793  6.5
  18.337157  5
  18.365540  5
  40.062948  5
  44.439294  5
  56.794094  5
  0.000000  5.5
  31.984362  5.5
  32.695840  5.5
  46.417664  5.5
  56.665134  5.5
  14.170772  4
  14.317992  4
  28.417142  4
  35.200660  4
  0.000000  4.5
  23.185986  4.5
  25.193194  4.5
  35.538560  4.5
  9.843070  3
  10.439565  3
  19.459906  3
  0.000011  3.5
  14.905991  3.5
  18.694918  3.5
  5.485971  2
  7.038873  2
  0.000623  2.5
  8.429808  2.5
  2.071367  1
  0.024160  1.5
