  59.098541  10
  61.078391  10
  129.549813  10
  173.916863  10
  247.374325  10
  339.286707  10
  450.229136  10
  579.941830  10
  728.339640  10
  895.379420  10
  0.000034  10.5
  99.318918  10.5
  115.415599  10.5
  175.892927  10.5
  247.265962  10.5
  339.289764  10.5
  450.229087  10.5
  579.941830  10.5
  728.339640  10.5
  895.379420  10.5
  51.875174  9
  54.910514  9
  114.287459  9
  162.249842  9
  235.764003  9
  327.996818  9
  439.097931  9
  568.910255  9
  717.374530  9
  0.000124  9.5
  85.278195  9.5
  105.072012  9.5
  163.201856  9.5
  235.724656  9.5
  327.997640  9.5
  439.097922  9.5
  568.910255  9.5
  717.374530  9.5
  44.515378  8
  48.978022  8
  101.064363  8
  151.858820  8
  225.524287  8
  317.979643  8
  429.198726  8
  559.085045  8
  0.000442  8.5
  72.112573  8.5
  95.550551  8.5
  152.267910  8.5
  225.512030  8.5
  317.979821  8.5
  429.198724  8.5
  559.085045  8.5
  37.115833  7
  43.360247  7
  89.917258  7
  142.758437  7
  216.597398  7
  309.206874  7
  420.511236  7
  0.001552  7.5
  60.102606  7.5
  86.955157  7.5
  142.910486  7.5
  216.594306  7.5
  309.206901  7.5
  420.511236  7.5
  29.869296  6
  38.146057  6
  80.763162  6
  134.944020  6
  208.938741  6
  301.653593  6
  0.005320  6.5
  49.477969  6.5
  79.376578  6.5
  134.990339  6.5
  208.938176  6.5
  301.653595  6.5
  23.038967  5
  33.429837  5
  73.427413  5
  128.397042  5
  202.513126  5
  0.017650  5.5
  40.418692  5.5
  72.888787  5.5
  128.407444  5.5
  202.513069  5.5
  16.897756  4
  29.308139  4
  67.703916  4
  123.091365  4
  0.055899  4.5
  33.057557  4.5
  67.546452  4.5
  123.092675  4.5
  11.668928  3
  25.879184  3
  63.410477  3
  0.165731  3.5
  27.472563  3.5
  63.383850  3.5
  7.490400  2
  23.247567  2
  0.448959  2.5
  23.664711  2.5
  4.398656  1
  1.086508  1.5
