  38.208281  10
  38.208281  10
  102.433495  10
  102.433556  10
  150.128605  10
  150.200948  10
  177.965279  10
  182.985689  10
  198.255257  10
  214.843091  10
  -0.000000  10.5
  72.358839  10.5
  72.358839  10.5
  128.394945  10.5
  128.397773  10.5
  167.037265  10.5
  167.987739  10.5
  186.297583  10.5
  197.855136  10.5
  214.857381  10.5
  34.184567  9
  34.184567  9
  90.351294  9
  90.351937  9
  129.678519  9
  130.097176  9
  149.173290  9
  158.126595  9
  173.273318  9
  -0.000000  9.5
  64.309489  9.5
  64.309498  9.5
  112.247448  9.5
  112.270506  9.5
  141.480900  9.5
  144.605877  9.5
  158.849901  9.5
  173.242362  9.5
  30.160747  8
  30.160748  8
  78.260583  8
  78.266638  8
  108.658633  8
  110.385958  8
  124.014357  8
  136.117109  8
  0.000000  8.5
  56.259061  8.5
  56.259171  8.5
  96.010045  8.5
  96.168341  8.5
  116.264792  8.5
  122.787164  8.5
  136.182612  8.5
  26.136751  7
  26.136763  7
  66.138224  7
  66.187668  7
  87.395426  7
  91.790196  7
  103.594122  7
  0.000000  7.5
  48.206313  7.5
  48.207519  7.5
  79.444405  7.5
  80.265091  7.5
  93.714157  7.5
  103.459779  7.5
  22.112392  6
  22.112542  6
  53.871423  6
  54.192927  6
  67.844146  6
  75.257109  6
  0.000000  6.5
  40.145096  6.5
  40.156902  6.5
  62.416556  6.5
  65.080819  6.5
  75.520977  6.5
  18.086681  5
  18.088464  5
  41.214248  5
  42.600631  5
  51.975055  5
  0.000000  5.5
  32.037401  5.5
  32.134086  5.5
  46.247210  5.5
  51.487891  5.5
  14.051814  4
  14.070480  4
  28.764843  4
  32.121774  4
  0.000000  4.5
  23.723099  4.5
  24.293084  4.5
  32.945937  4.5
  9.953684  3
  10.108018  3
  18.366477  3
  0.000000  3.5
  15.272538  3.5
  17.120546  3.5
  5.686916  2
  6.442106  2
  0.000038  2.5
  8.105587  2.5
  2.017581  1
  0.005883  1.5
