  48.429318  10
  48.545865  10
  115.040955  10
  127.676261  10
  168.685406  10
  215.269243  10
  273.294195  10
  341.516305  10
  419.795563  10
  508.042531  10
  0.000000  10.5
  88.074088  10.5
  90.226324  10.5
  136.571071  10.5
  167.395118  10.5
  215.350919  10.5
  273.291420  10.5
  341.516357  10.5
  419.795563  10.5
  508.042531  10.5
  43.124118  9
  43.375256  9
  98.427532  9
  114.968460  9
  154.500109  9
  202.170773  9
  260.512202  9
  328.946308  9
  407.364832  9
  0.000000  9.5
  76.673189  9.5
  80.393835  9.5
  119.872331  9.5
  154.005113  9.5
  202.193278  9.5
  260.511672  9.5
  328.946314  9.5
  407.364832  9.5
  37.740246  8
  38.261584  8
  83.089027  8
  103.392496  8
  142.329302  8
  190.635035  8
  249.215452  8
  317.802444  8
  0.000002  8.5
  65.088989  8.5
  70.998556  8.5
  105.725141  8.5
  142.169299  8.5
  190.639972  8.5
  249.215381  8.5
  317.802445  8.5
  32.227629  7
  33.256037  7
  69.498093  7
  93.101620  7
  131.926279  7
  180.604741  7
  239.355671  7
  0.000015  7.5
  53.655302  7.5
  62.216111  7.5
  94.029980  7.5
  131.884908  7.5
  180.605514  7.5
  239.355666  7.5
  26.549369  6
  28.438827  6
  58.012339  6
  84.200056  6
  123.123881  6
  172.025009  6
  0.000095  6.5
  42.861397  6.5
  54.232223  6.5
  84.495154  6.5
  123.116187  6.5
  172.025074  6.5
  20.765103  5
  23.921839  5
  48.814020  5
  76.737264  5
  115.812032  5
  0.000597  5.5
  33.192756  5.5
  47.224292  5.5
  76.805238  5.5
  115.811251  5.5
  15.128569  4
  19.843032  4
  41.833597  4
  70.713643  4
  0.003577  4.5
  25.035155  4.5
  41.344882  4.5
  70.722326  4.5
  10.053577  3
  16.354109  3
  36.793980  3
  0.019871  3.5
  18.663040  3.5
  36.709081  3.5
  5.934658  2
  13.610518  2
  0.097399  2.5
  14.241327  2.5
  2.995808  1
  0.392583  1.5
