  46.072485  10
  46.112944  10
  113.231904  10
  120.586546  10
  157.516859  10
  195.065574  10
  243.461857  10
  300.529837  10
  366.143831  10
  440.187420  10
  0.000000  10.5
  84.949898  10.5
  85.877707  10.5
  132.828461  10.5
  155.040453  10.5
  195.271269  10.5
  243.453056  10.5
  300.530045  10.5
  366.143829  10.5
  440.187420  10.5
  41.097238  9
  41.195638  9
  96.896717  9
  107.678823  9
  141.960039  9
  181.179841  9
  229.946701  9
  287.285845  9
  353.075369  9
  0.000000  9.5
  74.459837  9.5
  76.304309  9.5
  114.875773  9.5
  140.968142  9.5
  181.237500  9.5
  229.945004  9.5
  287.285870  9.5
  353.075369  9.5
  36.076751  8
  36.307724  8
  81.350277  8
  95.769763  8
  128.807225  8
  168.976895  8
  218.035828  8
  275.567793  8
  0.000000  8.5
  63.674653  8.5
  67.038294  8.5
  99.406880  8.5
  128.477646  8.5
  168.989695  8.5
  218.035598  8.5
  275.567795  8.5
  30.968644  7
  31.485218  7
  67.219833  7
  85.073311  7
  117.700616  7
  158.394857  7
  207.665015  7
  0.000003  7.5
  52.745829  7.5
  58.256420  7.5
  86.590467  7.5
  117.613918  7.5
  158.396875  7.5
  207.664999  7.5
  25.715142  6
  26.793563  6
  55.020744  6
  75.755534  6
  108.379556  6
  149.367483  6
  0.000022  6.5
  42.106120  6.5
  50.166140  6.5
  76.252556  6.5
  108.363259  6.5
  149.367654  6.5
  20.297606  5
  22.337103  5
  45.107272  5
  67.916528  5
  100.677437  5
  0.000176  5.5
  32.331842  5.5
  42.981602  5.5
  68.032993  5.5
  100.675772  5.5
  14.871525  4
  18.259452  4
  37.571132  4
  61.587253  4
  0.001335  4.5
  23.936934  4.5
  36.897979  4.5
  61.602268  4.5
  9.842518  3
  14.730739  3
  32.189118  3
  0.009379  3.5
  17.294603  3.5
  32.070258  3.5
  5.695254  2
  11.929832  2
  0.057778  2.5
  12.641884  2.5
  2.747593  1
  0.284881  1.5
