  171.300995  10
  541.264414  10
  1415.148012  10
  2721.939468  10
  4465.491101  10
  6645.276084  10
  9261.163635  10
  12313.104307  10
  15801.076046  10
  19725.067805  10
  11.076451  10.5
  553.474970  10.5
  1415.003036  10.5
  2721.940061  10.5
  4465.491099  10.5
  6645.276084  10.5
  9261.163635  10.5
  12313.104307  10.5
  15801.076046  10.5
  19725.067805  10.5
  155.463356  9
  532.054060  9
  1405.097553  9
  2712.152593  9
  4455.798611  9
  6635.631162  9
  9251.545986  9
  12303.503737  9
  15791.486877  9
  13.263948  9.5
  540.995329  9.5
  1405.012885  9.5
  2712.152867  9.5
  4455.798610  9.5
  6635.631162  9.5
  9251.545986  9.5
  12303.503737  9.5
  15791.486877  9.5
  140.590690  8
  523.685917  8
  1396.126021  8
  2703.402797  8
  4447.130649  8
  6627.004374  8
  9242.942792  8
  12294.915313  8
  15.812756  8.5
  529.983271  8.5
  1396.079790  8.5
  2703.402911  8.5
  4447.130649  8.5
  6627.004374  8.5
  9242.942792  8.5
  12294.915313  8.5
  126.674194  7
  516.186083  7
  1388.225676  7
  2695.687796  7
  4439.485792  7
  6619.394760  7
  9235.353362  7
  18.765402  7.5
  520.407110  7.5
  1388.202540  7.5
  2695.687837  7.5
  4439.485792  7.5
  6619.394760  7.5
  9235.353362  7.5
  113.701249  6
  509.582068  6
  1381.390062  6
  2689.005565  6
  4432.862785  6
  6612.801472  6
  22.165947  6.5
  512.232625  6.5
  1381.379771  6.5
  2689.005577  6.5
  4432.862785  6.5
  6612.801472  6.5
  101.655434  5
  503.902880  5
  1375.613904  5
  2683.354347  5
  4427.260540  5
  26.059475  5.5
  505.423512  5.5
  1375.610043  5.5
  2683.354350  5.5
  4427.260540  5.5
  90.516567  4
  499.179082  4
  1370.893012  4
  2678.732655  4
  30.491532  4.5
  499.941873  4.5
  1370.891909  4.5
  2678.732656  4.5
  80.260773  3
  495.442822  3
  1367.224178  3
  35.507558  3.5
  495.748710  3.5
  1367.223994  3.5
  70.860600  2
  492.727813  2
  41.152316  2.5
  492.804423  2.5
  62.285176  1
  47.469339  1.5
