  51.746954  10
  52.104687  10
  118.099990  10
  139.332734  10
  188.302684  10
  247.582071  10
  320.017923  10
  404.950998  10
  502.256993  10
  611.868218  10
  0.000001  10.5
  91.902186  10.5
  96.904860  10.5
  144.927280  10.5
  187.744411  10.5
  247.608352  10.5
  320.017241  10.5
  404.951008  10.5
  502.256993  10.5
  611.868218  10.5
  45.921482  9
  46.597703  9
  101.632171  9
  126.955283  9
  175.312734  9
  235.258607  9
  307.945143  9
  393.038814  9
  490.451237  9
  0.000003  9.5
  79.364937  9.5
  86.823181  9.5
  129.844935  9.5
  175.104862  9.5
  235.265757  9.5
  307.945014  9.5
  393.038815  9.5
  490.451237  9.5
  39.968809  8
  41.197019  8
  86.852434  8
  115.808282  8
  164.013276  8
  224.374152  8
  297.246577  8
  382.457414  8
  0.000017  8.5
  66.979462  8.5
  77.332802  8.5
  117.112453  8.5
  163.947385  8.5
  224.375707  8.5
  297.246560  8.5
  382.457414  8.5
  33.855404  7
  35.969842  7
  74.069633  7
  105.981149  7
  154.259598  7
  214.882194  7
  287.887038  7
  0.000090  7.5
  55.162456  7.5
  68.590444  7.5
  106.481728  7.5
  154.242777  7.5
  214.882436  7.5
  287.887037  7.5
  27.612923  6
  31.007043  6
  63.466276  6
  97.522463  6
  145.951779  6
  206.740614  6
  0.000455  6.5
  44.335909  6.5
  60.747733  6.5
  97.678071  6.5
  145.948676  6.5
  206.740634  6.5
  21.410696  5
  26.420262  5
  55.040979  5
  90.442619  5
  139.019364  5
  0.002222  5.5
  34.853299  5.5
  53.939996  5.5
  90.478000  5.5
  139.019050  5.5
  15.565777  4
  22.334483  4
  48.607347  4
  84.722948  4
  0.010358  4.5
  26.982486  4.5
  48.277195  4.5
  84.727436  4.5
  10.444382  3
  18.879794  3
  43.894069  3
  0.044850  3.5
  20.911115  3.5
  43.837469  3.5
  6.335129  2
  16.189095  2
  0.173181  2.5
  16.734503  2.5
  3.375731  1
  0.567460  1.5
