  46.684610  10
  46.739426  10
  113.697066  10
  122.338806  10
  160.162045  10
  200.098150  10
  250.962806  10
  310.891174  10
  379.748842  10
  457.427964  10
  0.000000  10.5
  85.796681  10.5
  86.982244  10.5
  133.619231  10.5
  158.081463  10.5
  200.257998  10.5
  250.956394  10.5
  310.891317  10.5
  379.748840  10.5
  457.427964  10.5
  41.626495  9
  41.755281  9
  97.244344  9
  109.477452  9
  145.021779  9
  186.442897  9
  237.664327  9
  297.845647  9
  366.867893  9
  0.000000  9.5
  75.068384  9.5
  77.333667  9.5
  115.989982  9.5
  144.200090  9.5
  186.487456  9.5
  237.663094  9.5
  297.845664  9.5
  366.867893  9.5
  36.515037  8
  36.806930  8
  81.726964  8
  97.656215  8
  132.167963  8
  174.436186  8
  225.934441  8
  286.296450  8
  0.000001  8.5
  64.058842  8.5
  68.027512  8.5
  100.888672  8.5
  131.897387  8.5
  174.446041  8.5
  225.934273  8.5
  286.296451  8.5
  31.304650  7
  31.934550  7
  67.729453  7
  87.072092  7
  121.273076  7
  164.016573  7
  215.713951  7
  0.000004  7.5
  52.975139  7.5
  59.241928  7.5
  88.400786  7.5
  121.202294  7.5
  164.018123  7.5
  215.713939  7.5
  25.940232  6
  27.208058  6
  55.721645  6
  77.872836  6
  112.106194  6
  155.120867  6
  0.000034  6.5
  42.279252  6.5
  51.179426  6.5
  78.303934  6.5
  112.092933  6.5
  155.120998  6.5
  20.421709  5
  22.734627  5
  46.009555  5
  70.142795  5
  104.519198  5
  0.000250  5.5
  32.528016  5.5
  44.044133  5.5
  70.243260  5.5
  104.517846  5.5
  14.934269  4
  18.656960  4
  38.635650  4
  63.902863  4
  0.001769  4.5
  24.197810  4.5
  38.018881  4.5
  63.915778  4.5
  9.891321  3
  15.140210  3
  33.355112  3
  0.011619  3.5
  17.631636  3.5
  33.246760  3.5
  5.753460  2
  12.356367  2
  0.067012  2.5
  13.045064  2.5
  2.810533  1
  0.311657  1.5
