  50.509970  10
  50.754424  10
  116.850050  10
  134.743157  10
  180.500122  10
  234.981883  10
  301.894612  10
  380.418975  10
  470.423423  10
  571.833495  10
  0.000000  10.5
  90.542402  10.5
  94.324344  10.5
  141.401641  10.5
  179.744607  10.5
  235.021289  10.5
  301.893487  10.5
  380.418993  10.5
  470.423423  10.5
  571.833495  10.5
  44.886672  9
  45.369976  9
  100.278807  9
  122.240129  9
  167.133716  9
  222.403233  9
  289.589053  9
  368.290322  9
  458.411723  9
  0.000002  9.5
  78.398108  9.5
  84.322430  9.5
  125.752458  9.5
  166.849966  9.5
  222.413994  9.5
  289.588840  9.5
  368.290324  9.5
  458.411723  9.5
  39.153307  8
  40.072291  8
  85.268966  8
  110.939759  8
  155.556239  8
  211.304644  8
  278.693753  8
  357.523605  8
  0.000009  8.5
  66.268146  8.5
  74.858524  8.5
  112.550642  8.5
  155.465779  8.5
  211.306990  8.5
  278.693724  8.5
  357.523605  8.5
  33.266009  7
  34.923437  7
  72.184729  7
  100.952465  7
  145.592408  7
  201.635603  7
  269.169432  7
  0.000048  7.5
  54.559837  7.5
  66.097622  7.5
  101.577449  7.5
  145.569227  7.5
  201.635969  7.5
  269.169430  7.5
  27.227085  6
  30.011513  6
  61.269974  6
  92.344170  6
  137.122914  6
  193.349710  6
  0.000266  6.5
  43.729276  6.5
  58.203861  6.5
  92.539737  6.5
  137.118627  6.5
  193.349741  6.5
  21.168145  5
  25.449282  5
  52.583692  5
  85.136719  5
  130.065753  5
  0.001419  5.5
  34.175333  5.5
  51.326945  5.5
  85.181359  5.5
  130.065320  5.5
  15.392003  4
  21.366836  4
  45.970627  4
  79.316467  4
  0.007201  4.5
  26.203153  4.5
  45.590865  4.5
  79.322141  4.5
  10.286872  3
  17.901698  3
  41.150998  3
  0.033930  3.5
  20.028081  3.5
  41.085627  3.5
  6.177571  2
  15.194101  2
  0.141996  2.5
  15.768390  2.5
  3.229424  1
  0.498781  1.5
