  60.234428  10
  62.673028  10
  132.104400  10
  180.637888  10
  258.790461  10
  356.690501  10
  474.769029  10
  612.791695  10
  770.677976  10
  948.387174  10
  0.000056  10.5
  100.506146  10.5
  118.919178  10.5
  182.320502  10.5
  258.705105  10.5
  356.692744  10.5
  474.768996  10.5
  612.791695  10.5
  770.677976  10.5
  948.387174  10.5
  52.771014  9
  56.412231  9
  117.075760  9
  169.070148  9
  247.319229  9
  345.513233  9
  463.740648  9
  601.856745  9
  759.805387  9
  0.000195  9.5
  86.337465  9.5
  108.557174  9.5
  169.876350  9.5
  247.288296  9.5
  345.513836  9.5
  463.740642  9.5
  601.856745  9.5
  759.805387  9.5
  45.190552  8
  50.407263  8
  104.095467  8
  158.775209  8
  237.190191  8
  335.590739  8
  453.929064  8
  592.114733  8
  0.000663  8.5
  73.124748  8.5
  99.042624  8.5
  159.120344  8.5
  237.180569  8.5
  335.590869  8.5
  453.929063  8.5
  592.114733  8.5
  37.611388  7
  44.737154  7
  93.166600  7
  149.761550  7
  228.351802  7
  326.896739  7
  445.315483  7
  0.002219  7.5
  61.124338  7.5
  90.472126  7.5
  149.889508  7.5
  228.349377  7.5
  326.896759  7.5
  445.315483  7.5
  30.239553  6
  39.488835  6
  84.183414  6
  142.020932  6
  220.763694  6
  319.408125  6
  0.007251  6.5
  50.544793  6.5
  82.929080  6.5
  142.059848  6.5
  220.763251  6.5
  319.408126  6.5
  23.335509  5
  34.753519  5
  76.966152  5
  135.533562  5
  214.393654  5
  0.022927  5.5
  41.549377  5.5
  76.480687  5.5
  135.542292  5.5
  214.393610  5.5
  17.156617  4
  30.624054  4
  71.317526  4
  130.273715  4
  0.069238  4.5
  34.257141  4.5
  71.175917  4.5
  130.274813  4.5
  11.906862  3
  27.195164  3
  67.068738  3
  0.196046  3.5
  28.733793  3.5
  67.044822  3.5
  7.708116  2
  24.568503  2
  0.509069  2.5
  24.970148  2.5
  4.587142  1
  1.188441  1.5
