  41.361099  10
  41.362064  10
  108.279749  10
  108.978755  10
  146.134294  10
  162.119371  10
  191.721806  10
  226.323988  10
  266.782306  10
  312.736948  10
  0.000000  10.5
  77.692562  10.5
  77.732309  10.5
  130.756259  10.5
  136.001762  10.5
  164.344905  10.5
  191.519363  10.5
  226.333166  10.5
  266.782095  10.5
  312.736950  10.5
  36.973287  9
  36.976856  9
  94.361469  9
  96.065967  9
  125.408157  9
  145.367639  9
  175.124675  9
  210.367545  9
  251.171910  9
  0.000000  9.5
  68.834132  9.5
  68.958519  9.5
  111.431636  9.5
  120.175874  9.5
  146.082706  9.5
  175.083150  9.5
  210.368683  9.5
  251.171898  9.5
  32.579904  8
  32.592691  8
  80.004949  8
  83.586915  8
  107.758872  8
  130.576425  8
  160.713871  8
  196.358743  8
  0.000000  8.5
  59.872718  8.5
  60.236275  8.5
  93.090748  8.5
  105.635819  8.5
  130.749209  8.5
  160.707978  8.5
  196.358817  8.5
  28.171813  7
  28.215678  7
  65.575997  7
  71.861211  7
  93.348973  7
  117.800051  7
  148.298167  7
  0.000000  7.5
  50.695260  7.5
  51.657157  7.5
  76.748490  7.5
  92.713771  7.5
  117.828779  7.5
  148.297728  7.5
  23.723631  6
  23.865291  6
  51.942104  6
  61.252213  6
  81.750918  6
  106.988825  6
  0.000000  6.5
  41.205722  6.5
  43.397502  6.5
  63.165471  6.5
  81.622341  6.5
  106.991342  6.5
  19.176110  5
  19.593767  5
  40.028039  5
  52.091234  5
  72.443416  5
  0.000003  5.5
  31.630642  5.5
  35.727510  5.5
  52.594183  5.5
  72.429726  5.5
  14.453052  4
  15.515909  4
  30.532361  4
  44.606240  4
  0.000044  4.5
  22.697184  4.5
  28.974879  4.5
  44.675052  4.5
  9.666629  3
  11.829665  3
  23.758591  3
  0.000710  3.5
  15.226296  3.5
  23.457576  3.5
  5.385201  2
  8.796252  2
  0.009958  2.5
  9.791294  2.5
  2.294186  1
  0.104085  1.5
