  5078.047248  10
  39458.932452  10
  109505.908594  10
  214580.532033  10
  354681.003424  10
  529806.905571  10
  739958.119279  10
  985134.599848  10
  1265336.327408  10
  1580563.292024  10
  3753.236366  10.5
  39460.334634  10.5
  109505.908394  10.5
  214580.532033  10.5
  354681.003424  10.5
  529806.905571  10.5
  739958.119279  10.5
  985134.599848  10.5
  1265336.327408  10.5
  1580563.292024  10.5
  5004.564820  9
  39448.433709  9
  109496.011195  9
  214570.833015  9
  354671.383761  9
  529797.325589  9
  739948.561974  9
  985125.056716  9
  1265326.793725  9
  3812.477072  9.5
  39449.453564  9.5
  109496.011079  9.5
  214570.833015  9.5
  354671.383761  9.5
  529797.325589  9.5
  739948.561974  9.5
  985125.056716  9.5
  1265326.793725  9.5
  4931.869337  8
  39439.022312  8
  109487.155797  8
  214562.155031  8
  354662.776746  8
  529788.754063  8
  739940.010727  8
  985116.518144  8
  3872.428328  8.5
  39439.736265  8.5
  109487.155733  8.5
  214562.155031  8.5
  354662.776746  8.5
  529788.754063  8.5
  739940.010727  8.5
  985116.518144  8.5
  4859.956837  7
  39430.702398  7
  109479.342341  7
  214554.498053  7
  354655.182363  7
  529781.190978  7
  739932.465529  7
  3933.094638  7.5
  39431.178398  7.5
  109479.342309  7.5
  214554.498053  7.5
  354655.182363  7.5
  529781.190978  7.5
  739932.465529  7.5
  4788.823324  6
  39423.478116  6
  109472.570779  6
  214547.862057  6
  354648.600595  6
  529774.636327  6
  3994.480481  6.5
  39423.775633  6.5
  109472.570765  6.5
  214547.862057  6.5
  354648.600595  6.5
  529774.636327  6.5
  4718.464767  5
  39417.353631  5
  109466.841066  5
  214542.247019  5
  354643.031430  5
  4056.590304  5.5
  39417.523650  5.5
  109466.841061  5.5
  214542.247019  5.5
  354643.031430  5.5
  4648.877098  4
  39412.333124  4
  109462.153168  4
  214537.652923  4
  4119.428527  4.5
  39412.418137  4.5
  109462.153167  4.5
  214537.652923  4.5
  4580.056216  3
  39408.420787  3
  109458.507055  3
  4182.999540  3.5
  39408.454793  3.5
  109458.507054  3.5
  4511.997985  2
  39405.620825  2
  4247.307703  2.5
  39405.629327  2.5
  4444.698237  1
  4312.357347  1.5
