  38.283748  10
  38.283748  10
  102.589863  10
  102.590044  10
  150.139216  10
  150.290853  10
  176.899041  10
  183.699888  10
  200.082723  10
  218.504267  10
  0.000000  10.5
  72.488707  10.5
  72.488710  10.5
  128.534145  10.5
  128.541182  10.5
  166.513606  10.5
  168.131059  10.5
  186.154073  10.5
  199.840730  10.5
  218.511788  10.5
  34.251434  9
  34.251435  9
  90.477369  9
  90.478979  9
  129.465323  9
  130.202555  9
  148.743279  9
  159.559964  9
  176.148082  9
  0.000000  9.5
  64.421436  9.5
  64.421463  9.5
  112.324686  9.5
  112.373640  9.5
  140.668629  9.5
  145.056326  9.5
  160.038361  9.5
  176.130425  9.5
  30.218974  8
  30.218977  8
  78.351419  8
  78.364385  8
  108.142157  8
  110.660298  8
  124.663631  8
  138.325804  8
  0.000000  8.5
  56.352631  8.5
  56.352908  8.5
  95.972583  8.5
  96.257763  8.5
  115.741783  8.5
  123.774151  8.5
  138.366313  8.5
  26.186268  7
  26.186297  7
  66.174696  7
  66.265039  7
  86.917508  7
  92.432965  7
  105.174278  7
  0.000000  7.5
  48.280272  7.5
  48.282869  7.5
  79.191359  7.5
  80.429657  7.5
  93.957200  7.5
  105.084119  7.5
  22.153016  6
  22.153340  6
  53.794190  6
  54.291947  6
  67.838953  6
  76.393166  6
  0.000000  6.5
  40.194327  6.5
  40.216080  6.5
  62.060828  6.5
  65.472184  6.5
  76.585558  6.5
  18.117589  5
  18.120890  5
  41.005155  5
  42.819006  5
  52.617666  5
  0.000000  5.5
  32.040114  5.5
  32.192168  5.5
  46.136874  5.5
  52.231453  5.5
  14.068400  4
  14.097994  4
  28.644336  4
  32.565383  4
  0.000000  4.5
  23.638628  4.5
  24.399764  4.5
  33.273963  4.5
  9.938242  3
  10.147328  3
  18.498436  3
  0.000000  3.5
  15.186869  3.5
  17.349319  3.5
  5.645983  2
  6.529984  2
  0.000071  2.5
  8.144017  2.5
  2.023972  1
  0.008033  1.5
