  68.566333  10
  77.155064  10
  160.180205  10
  246.365076  10
  369.435328  10
  523.828041  10
  709.478827  10
  926.253971  10
  1174.097830  10
  1452.982403  10
  0.001299  10.5
  111.327581  10.5
  152.713855  10.5
  246.880013  10.5
  369.419910  10.5
  523.828287  10.5
  709.478825  10.5
  926.253971  10.5
  1174.097830  10.5
  1452.982403  10.5
  59.325929  9
  70.273935  9
  146.894110  9
  235.421955  9
  358.698469  9
  513.266410  9
  699.014351  9
  915.850470  9
  1163.735108  9
  0.003336  9.5
  96.715661  9.5
  142.316014  9.5
  235.663200  9.5
  358.692928  9.5
  513.266476  9.5
  699.014350  9.5
  915.850470  9.5
  1163.735108  9.5
  50.263659  8
  63.790010  8
  135.490936  8
  225.699377  8
  349.164069  8
  503.862669  8
  689.684402  8
  906.566865  8
  0.008441  8.5
  83.453455  8.5
  132.895454  8.5
  225.801047  8.5
  349.162355  8.5
  503.862683  8.5
  689.684402  8.5
  906.566865  8.5
  41.572973  7
  57.771463  7
  125.840992  7
  217.183987  7
  340.806635  7
  495.601329  7
  681.477934  7
  0.020973  7.5
  71.670988  7.5
  124.505232  7.5
  217.221277  7.5
  340.806205  7.5
  495.601331  7.5
  681.477934  7.5
  33.455804  6
  52.287768  6
  117.794184  6
  209.857933  6
  333.604734  6
  488.468789  6
  0.050890  6.5
  61.472312  6.5
  117.187911  6.5
  209.869191  6.5
  333.604655  6.5
  488.468789  6.5
  26.095538  5
  47.409138  5
  111.205739  5
  203.701380  5
  327.540373  5
  0.119705  5.5
  52.933697  5.5
  110.974955  5.5
  203.703894  5.5
  327.540365  5.5
  19.637230  4
  43.207379  4
  105.953358  4
  198.694709  4
  0.270430  4.5
  46.096856  4.5
  105.886723  4.5
  198.695024  4.5
  14.176126  3
  39.758678  3
  101.944417  3
  0.580515  3.5
  40.957744  3.5
  101.933232  3.5
  9.751701  2
  37.148597  2
  1.171934  2.5
  37.456543  2.5
  6.344394  1
  2.208484  1.5
