  71.174945  10
  82.964910  10
  173.110826  10
  274.283694  10
  416.095024  10
  593.928455  10
  807.668350  10
  1057.196801  10
  1342.463456  10
  1663.442976  10
  0.002962  10.5
  115.855664  10.5
  166.966345  10.5
  274.639558  10.5
  416.085902  10.5
  593.928580  10.5
  807.668349  10.5
  1057.196801  10.5
  1342.463456  10.5
  1663.442976  10.5
  61.428783  9
  75.910888  9
  160.308249  9
  263.496908  9
  405.515804  9
  583.502806  9
  797.328914  9
  1046.911493  9
  1332.214359  9
  0.007041  9.5
  101.225886  9.5
  156.581123  9.5
  263.663061  9.5
  405.512530  9.5
  583.502840  9.5
  797.328914  9.5
  1046.911493  9.5
  1332.214359  9.5
  51.978742  8
  69.293110  8
  149.293285  8
  253.910869  8
  396.110958  8
  574.213955  8
  788.106015  8
  1037.730023  8
  0.016494  8.5
  88.018653  8.5
  147.198070  8.5
  253.980719  8.5
  396.109947  8.5
  574.213963  8.5
  788.106015  8.5
  1037.730023  8.5
  43.011022  7
  63.175089  7
  139.931868  7
  245.510558  7
  387.859345  7
  566.048701  7
  779.990229  7
  0.037942  7.5
  76.339275  7.5
  138.860250  7.5
  245.536132  7.5
  387.859091  7.5
  566.048702  7.5
  779.990229  7.5
  34.705338  6
  57.621056  6
  132.085714  6
  238.278355  6
  380.742969  6
  558.995443  6
  0.085264  6.5
  66.270451  6.5
  131.601421  6.5
  238.286066  6.5
  380.742923  6.5
  558.995443  6.5
  27.216074  5
  52.696054  5
  125.629611  5
  232.195920  5
  374.746604  5
  0.185950  5.5
  57.868864  5.5
  125.445787  5.5
  232.197640  5.5
  374.746599  5.5
  20.659810  4
  48.467269  4
  120.461235  4
  227.245771  4
  0.390424  4.5
  51.157880  4.5
  120.408258  4.5
  227.245987  4.5
  15.108317  3
  45.006925  3
  116.504217  3
  0.782384  3.5
  46.118087  3.5
  116.495334  3.5
  10.584721  2
  42.396772  2
  1.484631  2.5
  42.681094  2.5
  7.061303  1
  2.653419  1.5
