  75.612638  10
  94.446111  10
  200.231493  10
  330.941154  10
  510.477985  10
  735.457473  10
  1005.722202  10
  1321.173267  10
  1681.767343  10
  2087.482617  10
  0.010248  10.5
  125.141493  10.5
  195.840913  10.5
  331.133916  10.5
  510.474150  10.5
  735.457514  10.5
  1005.722201  10.5
  1321.173267  10.5
  1681.767343  10.5
  2087.482617  10.5
  65.116436  9
  87.123221  9
  188.118795  9
  320.376401  9
  500.110837  9
  725.216390  9
  995.552792  9
  1311.048879  9
  1671.673080  9
  0.021708  9.5
  110.560464  9.5
  185.490232  9.5
  320.466054  9.5
  500.109463  9.5
  725.216401  9.5
  995.552792  9.5
  1311.048879  9.5
  1671.673080  9.5
  55.101980  8
  80.295311  8
  177.634453  8
  310.980848  8
  490.881111  8
  716.083674  8
  986.475601  8
  1302.006574  8
  0.045326  8.5
  97.490857  8.5
  176.171505  8.5
  311.018431  8.5
  490.880687  8.5
  716.083677  8.5
  986.475601  8.5
  1302.006574  8.5
  45.726929  7
  74.018427  7
  168.657244  7
  302.739202  7
  482.773007  7
  708.049156  7
  978.483358  7
  0.092963  7.5
  86.005556  7.5
  167.914423  7.5
  302.752933  7.5
  482.772901  7.5
  708.049157  7.5
  978.483358  7.5
  37.130238  6
  68.349194  6
  161.075302  6
  295.635493  6
  475.772887  6
  701.103894  6
  0.186457  6.5
  76.157688  6.5
  160.741301  6.5
  295.639627  6.5
  475.772867  6.5
  701.103894  6.5
  29.423029  5
  63.345601  5
  154.793544  5
  289.654191  5
  469.869110  5
  0.363788  5.5
  67.975953  5.5
  154.667204  5.5
  289.655112  5.5
  469.869108  5.5
  22.683054  4
  59.068686  4
  149.736757  4
  284.781098  4
  0.686344  4.5
  61.458160  4.5
  149.700430  4.5
  284.781214  4.5
  16.951495  3
  55.585226  3
  145.849519  3
  1.244809  3.5
  56.565408  3.5
  145.843436  3.5
  12.231001  2
  52.971274  2
  2.159731  2.5
  53.220820  2.5
  8.484572  1
  3.573710  1.5
