  57.807686  10
  59.348026  10
  126.938967  10
  166.789424  10
  235.239638  10
  320.719813  10
  424.009310  10
  544.812926  10
  683.039795  10
  838.643685  10
  0.000019  10.5
  98.010815  10.5
  111.679128  10.5
  169.161521  10.5
  235.097069  10.5
  320.724181  10.5
  424.009234  10.5
  544.812926  10.5
  683.039795  10.5
  838.643685  10.5
  50.851164  9
  53.288482  9
  111.420289  9
  155.005687  9
  223.454428  9
  309.290370  9
  412.750803  9
  533.661845  9
  671.960333  9
  0.000072  9.5
  84.143428  9.5
  101.362043  9.5
  156.157012  9.5
  223.402526  9.5
  309.291546  9.5
  412.750789  9.5
  533.661845  9.5
  671.960333  9.5
  43.743720  8
  47.441017  8
  97.917908  8
  144.499397  8
  213.076524  8
  299.155948  8
  402.743204  8
  523.733796  8
  0.000272  8.5
  71.048888  8.5
  91.835463  8.5
  144.996649  8.5
  213.060326  8.5
  299.156202  8.5
  402.743202  8.5
  523.733796  8.5
  36.555936  7
  41.884740  7
  86.510320  7
  135.293563  7
  204.039658  7
  290.285714  7
  393.964349  7
  0.001013  7.5
  59.036913  7.5
  83.212057  7.5
  135.479001  7.5
  204.035566  7.5
  290.285753  7.5
  393.964349  7.5
  29.460652  6
  36.710384  6
  77.146615  6
  127.388642  6
  196.293584  6
  282.652484  6
  0.003677  6.5
  48.364025  6.5
  75.591544  6.5
  127.445255  6.5
  196.292835  6.5
  282.652487  6.5
  22.719760  5
  32.015925  5
  69.663305  5
  120.768213  5
  189.799228  5
  0.012923  5.5
  39.231651  5.5
  69.056311  5.5
  120.780945  5.5
  189.799153  5.5
  16.622645  4
  27.902375  4
  63.846184  4
  115.405954  4
  0.043335  4.5
  31.789688  4.5
  63.668219  4.5
  115.407558  4.5
  11.415794  3
  24.472310  3
  59.497105  3
  0.135808  3.5
  26.131170  3.5
  59.466962  3.5
  7.257249  2
  21.834004  2
  0.387237  2.5
  22.269837  2.5
  4.195961  1
  0.978872  1.5
