  62.085626  10
  65.436204  10
  136.836616  10
  192.587474  10
  279.028771  10
  387.431888  10
  518.047518  10
  670.674248  10
  845.238362  10
  1041.702693  10
  0.000122  10.5
  102.545215  10.5
  125.113492  10.5
  193.881944  10.5
  278.970687  10.5
  387.433251  10.5
  518.047500  10.5
  670.674248  10.5
  845.238362  10.5
  1041.702693  10.5
  54.223873  9
  59.028522  9
  122.199225  9
  181.174467  9
  267.759512  9
  376.420595  9
  507.170842  9
  659.882016  9
  834.502529  9
  0.000392  9.5
  88.210486  9.5
  114.729947  9.5
  181.790197  9.5
  267.738518  9.5
  376.420961  9.5
  507.170839  9.5
  659.882016  9.5
  834.502529  9.5
  46.289635  8
  52.909642  8
  109.604835  8
  171.026084  8
  257.792371  8
  366.637748  8
  497.488647  8
  650.262973  8
  0.001240  8.5
  74.946891  8.5
  105.230634  8.5
  171.288362  8.5
  257.785852  8.5
  366.637827  8.5
  497.488647  8.5
  650.262973  8.5
  38.432000  7
  47.157273  7
  99.009069  7
  162.142824  7
  249.084057  7
  358.060035  7
  488.984295  7
  0.003854  7.5
  62.974983  7.5
  96.700903  7.5
  162.239735  7.5
  249.082416  7.5
  358.060047  7.5
  488.984295  7.5
  30.870211  6
  41.854776  6
  90.279443  6
  154.512168  6
  241.599953  6
  350.666976  6
  0.011696  6.5
  52.473305  6.5
  89.213188  6.5
  154.541576  6.5
  241.599653  6.5
  350.666977  6.5
  23.854150  5
  37.088256  5
  83.235370  5
  148.113175  5
  235.311998  5
  0.034353  5.5
  43.581141  5.5
  82.824780  5.5
  148.119763  5.5
  235.311968  5.5
  17.614932  4
  32.944975  4
  77.695862  4
  142.921142  4
  0.096458  4.5
  36.397269  4.5
  77.576460  4.5
  142.921970  4.5
  12.327495  3
  29.514551  3
  73.512459  3
  0.254628  3.5
  30.968982  3.5
  73.492329  3.5
  8.090486  2
  26.894337  2
  0.620081  2.5
  27.272365  2.5
  4.916958  1
  1.370769  1.5
