  488.042847  10
  2577.213727  10
  7062.148492  10
  13790.648454  10
  22762.979786  10
  33978.712838  10
  47437.726270  10
  63139.974513  10
  81085.437301  10
  101274.104495  10
  147.417487  10.5
  2582.725198  10.5
  7062.136123  10.5
  13790.648464  10.5
  22762.979786  10.5
  33978.712838  10.5
  47437.726270  10.5
  63139.974513  10.5
  81085.437301  10.5
  101274.104495  10.5
  463.478542  9
  2567.238964  9
  7052.226215  9
  13780.933317  9
  22753.346765  9
  33969.120939  9
  47428.157886  9
  63130.420834  9
  81075.893428  9
  157.858464  9.5
  2571.252631  9.5
  7052.218999  9.5
  13780.933322  9.5
  22753.346765  9.5
  33969.120939  9.5
  47428.157886  9.5
  63130.420834  9.5
  81075.893428  9.5
  439.792823  8
  2558.248796  8
  7043.351541  8
  13772.242159  8
  22744.728568  8
  33960.539268  8
  47419.597101  8
  63121.873106  8
  168.882855  8.5
  2561.061701  8.5
  7043.347604  8.5
  13772.242161  8.5
  22744.728568  8.5
  33960.539268  8.5
  47419.597101  8.5
  63121.873106  8.5
  416.974029  7
  2550.257840  7
  7035.523357  7
  13764.574535  7
  22737.124921  7
  33952.967640  7
  47412.043780  7
  180.510389  7.5
  2552.135075  7.5
  7035.521389  7.5
  13764.574535  7.5
  22737.124921  7.5
  33952.967640  7.5
  47412.043780  7.5
  395.009823  6
  2543.281013  6
  7028.740713  6
  13757.930053  6
  22730.535582  6
  33946.405894  6
  192.760613  6.5
  2544.455350  6.5
  7028.739838  6.5
  13757.930053  6.5
  22730.535582  6.5
  33946.405894  6.5
  373.887205  5
  2537.333525  5
  7023.002810  5
  13752.308374  5
  22724.960342  5
  205.652844  5.5
  2538.005090  5.5
  7023.002482  5.5
  13752.308374  5.5
  22724.960342  5.5
  353.592524  4
  2532.430871  4
  7018.308997  4
  13747.709210  4
  219.206125  4.5
  2532.766865  4.5
  7018.308904  4.5
  13747.709210  4.5
  334.111503  3
  2528.588822  3
  7014.658759  3
  233.439182  3.5
  2528.723285  3.5
  7014.658743  3.5
  315.429258  2
  2525.823409  2
  248.370381  2.5
  2525.857036  2.5
  297.530317  1
  264.017692  1.5
