  38.193103  10
  38.193104  10
  102.402000  10
  102.402047  10
  150.123910  10
  150.184176  10
  178.210935  10
  182.854057  10
  197.896673  10
  214.057614  10
  -0.000000  10.5
  72.332711  10.5
  72.332711  10.5
  128.366659  10.5
  128.368920  10.5
  167.135725  10.5
  167.966767  10.5
  186.382816  10.5
  197.448683  10.5
  214.074174  10.5
  34.171119  9
  34.171119  9
  90.325851  9
  90.326365  9
  129.716344  9
  130.079929  9
  149.302016  9
  157.834908  9
  172.658768  9
  -0.000000  9.5
  64.286963  9.5
  64.286970  9.5
  112.231017  9.5
  112.250178  9.5
  141.658513  9.5
  144.523754  9.5
  158.627859  9.5
  172.623558  9.5
  30.149035  8
  30.149036  8
  78.242055  8
  78.247079  8
  108.766010  8
  110.336099  8
  123.904396  8
  135.644489  8
  -0.000000  8.5
  56.240222  8.5
  56.240310  8.5
  96.015166  8.5
  96.152032  8.5
  116.398755  8.5
  122.587348  8.5
  135.717602  8.5
  26.126790  7
  26.126799  7
  66.130048  7
  66.172680  7
  87.509363  7
  91.660579  7
  103.259702  7
  0.000000  7.5
  48.191382  7.5
  48.192381  7.5
  79.494442  7.5
  80.234886  7.5
  93.684374  7.5
  103.112580  7.5
  22.104215  6
  22.104339  6
  53.885772  6
  54.174314  6
  67.859663  6
  75.014407  6
  0.000000  6.5
  40.134984  6.5
  40.145146  6.5
  62.497566  6.5
  65.002099  6.5
  75.297843  6.5
  18.080433  5
  18.081966  5
  41.260082  5
  42.556762  5
  51.842202  5
  0.000000  5.5
  32.036348  5.5
  32.122850  5.5
  46.279051  5.5
  51.328968  5.5
  14.048369  4
  14.065043  4
  28.794959  4
  32.026797  4
  0.000000  4.5
  23.740987  4.5
  24.271660  4.5
  32.879140  4.5
  9.956872  3
  10.100123  3
  18.339888  3
  0.000000  3.5
  15.292926  3.5
  17.071422  3.5
  5.696430  2
  6.423162  2
  0.000033  2.5
  8.097869  2.5
  2.016297  1
  0.005452  1.5
