  54.588427  10
  55.348266  10
  121.616791  10
  151.091938  10
  208.417128  10
  279.296315  10
  365.297746  10
  465.990235  10
  581.266371  10
  711.070338  10
  0.000004  10.5
  94.822209  10.5
  103.334529  10.5
  154.834168  10.5
  208.128549  10.5
  279.307298  10.5
  365.297512  10.5
  465.990238  10.5
  581.266371  10.5
  711.070338  10.5
  48.260638  9
  49.572680  9
  105.525568  9
  139.000536  9
  196.092032  9
  267.451414  9
  353.660763  9
  454.484667  9
  569.848208  9
  0.000016  9.5
  81.543092  9.5
  93.115491  9.5
  140.864810  9.5
  195.986010  9.5
  267.454384  9.5
  353.660718  9.5
  454.484668  9.5
  569.848208  9.5
  41.778466  8
  43.951626  8
  91.327240  8
  128.175808  8
  185.294660  8
  256.968315  8
  343.331482  8
  444.251974  8
  0.000071  8.5
  68.731486  8.5
  83.592806  8.5
  128.995567  8.5
  185.261359  8.5
  256.968958  8.5
  343.331476  8.5
  444.251974  8.5
  35.149095  7
  38.560424  7
  79.216412  7
  118.669518  7
  175.927773  7
  247.808708  7
  334.281915  7
  0.000310  7.5
  56.769642  7.5
  74.902367  7.5
  118.978840  7.5
  175.919324  7.5
  247.808808  7.5
  334.281915  7.5
  28.476334  6
  33.492149  6
  69.250621  6
  110.501564  6
  167.921232  6
  239.938533  6
  0.001323  6.5
  45.995391  6.5
  67.169386  6.5
  110.596706  6.5
  167.919680  6.5
  239.938541  6.5
  21.992521  5
  28.853115  5
  61.326638  5
  103.665231  5
  161.222925  5
  0.005460  5.5
  36.678102  5.5
  60.501202  5.5
  103.686727  5.5
  161.222769  5.5
  16.016478  4
  24.756571  4
  55.226056  4
  98.135829  4
  0.021486  4.5
  29.020259  4.5
  54.981708  4.5
  98.138545  4.5
  10.857618  3
  21.318058  3
  50.709369  3
  0.078728  3.5
  23.158849  3.5
  50.667766  3.5
  6.734796  2
  18.657065  2
  0.259678  2.5
  19.145715  2.5
  3.736480  1
  0.743246  1.5
