  188.035435  10
  635.064013  10
  1674.512224  10
  3230.417989  10
  5306.084025  10
  7901.006746  10
  11015.057223  10
  14648.186783  10
  18800.373733  10
  23471.607205  10
  15.341250  10.5
  646.307822  10.5
  1674.400698  10.5
  3230.418372  10.5
  5306.084025  10.5
  7901.006746  10.5
  11015.057223  10.5
  14648.186783  10.5
  18800.373733  10.5
  23471.607205  10.5
  171.601691  9
  625.749486  9
  1664.488907  9
  3220.645398  9
  5296.403384  9
  7891.372384  9
  11005.449383  9
  14638.595548  9
  18790.793580  9
  18.036834  9.5
  633.973919  9.5
  1664.423787  9.5
  3220.645575  9.5
  5296.403384  9.5
  7891.372384  9.5
  11005.449383  9.5
  14638.595548  9.5
  18790.793580  9.5
  156.125872  8
  617.295980  8
  1655.537689  8
  3211.907280  8
  5287.745336  8
  7882.754580  8
  10996.854631  8
  14630.015225  8
  21.125312  8.5
  623.082801  8.5
  1655.502138  8.5
  3211.907354  8.5
  5287.745336  8.5
  7882.754580  8.5
  10996.854631  8.5
  14630.015225  8.5
  141.597433  7
  609.728298  7
  1647.652327  7
  3204.201714  7
  5280.108686  7
  7875.152528  7
  10989.272389  7
  24.646670  7.5
  613.603758  7.5
  1647.634538  7.5
  3204.201741  7.5
  5280.108686  7.5
  7875.152528  7.5
  10989.272389  7.5
  128.002634  6
  603.072479  6
  1640.827600  6
  3197.527001  6
  5273.492382  6
  7868.565519  6
  28.641898  6.5
  605.504206  6.5
  1640.819689  6.5
  3197.527009  6.5
  5273.492382  6.5
  7868.565519  6.5
  115.324562  5
  597.355850  5
  1635.059228  5
  3191.881665  5
  5267.895513  5
  33.152570  5.5
  598.750049  5.5
  1635.056260  5.5
  3191.881667  5.5
  5267.895513  5.5
  103.543174  4
  592.607060  4
  1630.343799  4
  3187.264457  4
  38.220412  4.5
  593.306063  4.5
  1630.342950  4.5
  3187.264458  4.5
  92.635365  3
  588.856084  3
  1626.678690  3
  43.886857  3.5
  589.136278  3.5
  1626.678548  3.5
  82.575069  2
  586.134201  2
  50.192610  2.5
  586.204355  2.5
  73.333388  1
  57.177236  1.5
