  38.013967  10
  38.013967  10
  102.029154  10
  102.029154  10
  150.012130  10
  150.012222  10
  181.788262  10
  181.937813  10
  195.892407  10
  201.317972  10
  0.000000  10.5
  72.024083  10.5
  72.024083  10.5
  128.026864  10.5
  128.026865  10.5
  167.969541  10.5
  167.974763  10.5
  190.805903  10.5
  192.415461  10.5
  201.771647  10.5
  34.012378  9
  34.012378  9
  90.023684  9
  90.023685  9
  129.993674  9
  129.995803  9
  153.185101  9
  154.286364  9
  163.230455  9
  0.000000  9.5
  64.020778  9.5
  64.020778  9.5
  112.017794  9.5
  112.017823  9.5
  143.886857  9.5
  143.965551  9.5
  158.197521  9.5
  162.629364  9.5
  30.010782  8
  30.010782  8
  78.017825  8
  78.017832  8
  109.948129  8
  109.986014  8
  124.512507  8
  128.032595  8
  0.000000  8.5
  56.017406  8.5
  56.017406  8.5
  96.006458  8.5
  96.007223  8.5
  119.482066  8.5
  120.190269  8.5
  128.809366  8.5
  26.009174  7
  26.009174  7
  66.011079  7
  66.011310  7
  89.699412  7
  90.120883  7
  98.498572  7
  -0.000000  7.5
  48.013915  7.5
  48.013916  7.5
  79.982851  7.5
  79.999112  7.5
  94.821566  7.5
  97.522755  7.5
  22.007547  6
  22.007547  6
  53.999611  6
  54.005574  6
  69.111689  6
  71.094697  6
  0.000000  6.5
  40.010162  6.5
  40.010216  6.5
  63.845612  6.5
  64.072522  6.5
  72.283447  6.5
  18.005876  5
  18.005884  5
  41.933712  5
  42.040184  5
  50.145713  5
  0.000000  5.5
  32.005007  5.5
  32.006733  5.5
  47.372458  5.5
  48.743252  5.5
  14.003952  4
  14.004279  4
  29.595744  4
  30.463475  4
  0.000000  4.5
  23.979042  4.5
  24.019593  4.5
  32.065679  4.5
  9.996714  3
  10.007222  3
  18.024691  3
  0.000000  3.5
  15.775418  3.5
  16.250857  3.5
  5.907259  2
  6.101369  2
  0.000000  2.5
  8.007059  2.5
  2.001176  1
  0.000392  1.5
