  76.816274  10
  97.900160  10
  208.678574  10
  348.269618  10
  539.289869  10
  778.616854  10
  1066.087793  10
  1401.607706  10
  1785.134810  10
  2216.648067  10
  0.013859  10.5
  128.011277  10.5
  204.666493  10.5
  348.433767  10.5
  539.286811  10.5
  778.616885  10.5
  1066.087792  10.5
  1401.607706  10.5
  1785.134810  10.5
  2216.648067  10.5
  66.142158  9
  90.510091  9
  196.722473  9
  337.755909  9
  528.969828  9
  768.416992  9
  1055.956407  9
  1391.519337  9
  1775.075225  9
  0.028552  9.5
  113.456144  9.5
  194.326793  9.5
  337.832197  9.5
  528.968732  9.5
  768.417001  9.5
  1055.956407  9.5
  1391.519337  9.5
  1775.075225  9.5
  55.993923  8
  83.629204  8
  186.355599  8
  328.403650  8
  519.779116  8
  759.319179  8
  1046.911825  8
  1382.508200  8
  0.057985  8.5
  100.430417  8.5
  185.024891  8.5
  328.435612  8.5
  519.778778  8.5
  759.319181  8.5
  1046.911825  8.5
  1382.508200  8.5
  46.520147  7
  77.311728  7
  177.462273  7
  320.197794  7
  511.703050  7
  751.313911  7
  1038.947248  7
  0.115691  7.5
  88.999722  7.5
  176.787566  7.5
  320.209467  7.5
  511.702965  7.5
  751.313912  7.5
  1038.947248  7.5
  37.849378  6
  71.612550  6
  169.937765  6
  313.122942  6
  504.728924  6
  744.392831  6
  0.225812  6.5
  79.210329  6.5
  169.634699  6.5
  313.126456  6.5
  504.728909  6.5
  744.392831  6.5
  30.082723  5
  66.588096  5
  163.694016  5
  307.164306  5
  498.845874  5
  0.429043  5.5
  71.084423  5.5
  163.579457  5.5
  307.165089  5.5
  498.845872  5.5
  23.289368  4
  62.298044  4
  158.661739  4
  302.308475  4
  0.789227  4.5
  64.614107  4.5
  158.628815  4.5
  302.308573  4.5
  17.503946  3
  58.807913  3
  154.789969  3
  1.398161  3.5
  59.756531  3.5
  154.784458  3.5
  12.724869  2
  56.192354  2
  2.375179  2.5
  56.433592  2.5
  8.913413  1
  3.859187  1.5
