  45.803073  10
  45.838194  10
  113.024016  10
  119.834534  10
  156.416574  10
  192.899112  10
  240.214165  10
  296.028409  10
  360.221898  10
  432.673942  10
  0.000000  10.5
  84.569381  10.5
  85.396330  10.5
  132.521319  10.5
  153.740106  10.5
  193.129679  10.5
  240.204004  10.5
  296.028656  10.5
  360.221895  10.5
  432.673942  10.5
  40.863721  9
  40.950521  9
  96.752916  9
  106.908144  9
  140.660183  9
  178.904969  9
  226.596344  9
  282.690617  9
  347.064891  9
  0.000000  9.5
  74.183593  9.5
  75.857933  9.5
  114.428780  9.5
  139.580555  9.5
  178.969780  9.5
  226.594383  9.5
  282.690647  9.5
  347.064890  9.5
  35.882520  8
  36.089604  8
  81.201151  8
  94.960367  8
  127.363234  8
  166.609393  8
  214.599882  8
  270.892823  8
  0.000000  8.5
  63.500243  8.5
  66.611288  8.5
  98.793435  8.5
  127.002875  8.5
  166.623808  8.5
  214.599615  8.5
  270.892825  8.5
  30.818708  7
  31.289600  7
  67.014705  7
  84.212829  7
  116.155148  7
  155.950614  7
  204.158066  7
  0.000002  7.5
  52.645382  7.5
  57.832055  7.5
  85.823181  7.5
  116.060090  7.5
  155.952890  7.5
  204.158046  7.5
  25.613957  6
  26.613837  6
  54.730318  6
  74.840213  6
  106.760757  6
  146.861055  6
  0.000018  6.5
  42.034955  6.5
  49.729596  6.5
  75.370300  6.5
  106.742858  6.5
  146.861248  6.5
  20.242094  5
  22.165186  5
  44.724434  5
  66.950254  5
  99.004158  5
  0.000150  5.5
  32.251996  5.5
  42.522544  5.5
  67.074806  5.5
  99.002328  5.5
  14.844756  4
  18.087487  4
  37.112184  4
  60.578954  4
  0.001171  4.5
  23.827906  4.5
  36.411827  4.5
  60.595035  4.5
  9.822507  3
  14.553083  3
  31.682059  3
  0.008491  3.5
  17.150488  3.5
  31.558088  3.5
  5.670602  2
  11.744075  2
  0.053941  2.5
  12.467015  2.5
  2.720212  1
  0.273351  1.5
