  42.859250  10
  42.863985  10
  110.292992  10
  112.340181  10
  147.594264  10
  171.318174  10
  206.897850  10
  248.960678  10
  297.661438  10
  352.789364  10
  0.000000  10.5
  80.123355  10.5
  80.278728  10.5
  130.764416  10.5
  141.144244  10.5
  172.259468  10.5
  206.835740  10.5
  248.962847  10.5
  297.661399  10.5
  352.789364  10.5
  38.292476  9
  38.307143  9
  95.327053  9
  99.326465  9
  128.870569  9
  155.759231  9
  191.710531  9
  234.213213  9
  283.179587  9
  0.000000  9.5
  70.803186  9.5
  71.206462  9.5
  111.453727  9.5
  125.909653  9.5
  156.039212  9.5
  191.698212  9.5
  234.213477  9.5
  283.179584  9.5
  33.712284  8
  33.756221  8
  80.201869  8
  86.981254  8
  113.239859  8
  142.090662  8
  178.422258  8
  221.221769  8
  0.000000  8.5
  61.285932  8.5
  62.256729  8.5
  93.921222  8.5
  112.157834  8.5
  142.155233  8.5
  178.420549  8.5
  221.221786  8.5
  29.099536  7
  29.225411  7
  65.614994  7
  75.608838  7
  100.390215  7
  130.283473  7
  166.916346  7
  0.000000  7.5
  51.469746  7.5
  53.565702  7.5
  78.873629  7.5
  100.088575  7.5
  130.293910  7.5
  166.916221  7.5
  24.411488  6
  24.750003  6
  52.387151  6
  65.502080  6
  89.851091  6
  120.263273  6
  0.000001  6.5
  41.437307  6.5
  45.341838  6.5
  66.674166  6.5
  89.792433  6.5
  120.264172  6.5
  19.578099  5
  20.405449  5
  41.203164  5
  56.890789  5
  81.268404  5
  0.000015  5.5
  31.674067  5.5
  37.849393  5.5
  57.180829  5.5
  81.262293  5.5
  14.579896  4
  16.326274  4
  32.511102  4
  49.904906  4
  0.000186  4.5
  22.907999  4.5
  31.367184  4.5
  49.943362  4.5
  9.674626  3
  12.707028  3
  26.353161  3
  0.002111  3.5
  15.763407  3.5
  26.141713  3.5
  5.448876  2
  9.775849  2
  0.020814  2.5
  10.652188  2.5
  2.432817  1
  0.156956  1.5
