  42.237487  10
  42.240117  10
  109.523692  10
  110.913026  10
  146.683889  10
  167.323578  10
  200.419381  10
  239.467425  10
  284.812682  10
  336.200959  10
  0.000000  10.5
  79.125696  10.5
  79.219805  10.5
  130.722738  10.5
  138.895770  10.5
  168.650707  10.5
  200.320926  10.5
  239.471220  10.5
  284.812607  10.5
  336.200960  10.5
  37.745657  9
  37.754356  9
  94.974657  9
  97.924183  9
  127.149652  9
  151.312046  9
  184.728986  9
  224.280864  9
  269.920240  9
  0.000000  9.5
  70.004595  9.5
  70.266540  9.5
  111.316658  9.5
  123.413815  9.5
  151.716598  9.5
  184.709243  9.5
  224.281329  9.5
  269.920236  9.5
  33.244197  8
  33.272042  8
  80.111464  8
  85.512877  8
  110.767431  8
  137.227911  8
  171.035184  8
  210.919320  8
  0.000000  8.5
  60.725763  8.5
  61.403976  8.5
  93.412780  8.5
  109.352067  8.5
  137.322620  8.5
  171.032424  8.5
  210.919350  8.5
  28.718426  7
  28.803713  7
  65.539086  7
  73.994914  7
  97.363560  7
  125.066368  7
  159.198705  7
  0.000000  7.5
  51.171816  7.5
  52.751857  7.5
  77.839732  7.5
  96.959781  7.5
  125.081818  7.5
  159.198502  7.5
  24.132518  6
  24.378028  6
  52.126677  6
  63.692812  6
  86.448811  6
  114.758013  6
  0.000001  6.5
  41.341390  6.5
  44.509238  6.5
  65.116537  6.5
  86.369258  6.5
  114.759351  6.5
  19.418183  5
  20.061576  5
  40.650620  5
  54.874444  5
  77.605042  5
  0.000008  5.5
  31.632344  5.5
  36.945920  5.5
  55.233994  5.5
  77.596695  5.5
  14.527776  4
  15.982482  4
  31.652564  4
  47.704150  4
  0.000109  4.5
  22.793126  4.5
  30.360692  4.5
  47.752322  4.5
  9.664276  3
  12.338073  3
  25.269010  3
  0.001410  3.5
  15.522929  3.5
  25.026478  3.5
  5.416876  2
  9.369330  2
  0.015825  2.5
  10.290019  2.5
  2.374693  1
  0.134512  1.5
