  49.745847  10
  49.935148  10
  116.148206  10
  132.055503  10
  175.966581  10
  227.532421  10
  291.128111  10
  365.806030  10
  451.430667  10
  547.922680  10
  0.000000  10.5
  89.664714  10.5
  92.786546  10.5
  139.465495  10.5
  175.050708  10.5
  227.583528  10.5
  291.126560  10.5
  365.806057  10.5
  451.430667  10.5
  547.922680  10.5
  44.242501  9
  44.628115  9
  99.539049  9
  119.475794  9
  162.330758  9
  214.777690  9
  278.661590  9
  353.528005  9
  439.277018  9
  0.000001  9.5
  77.782740  9.5
  82.841284  9.5
  123.443171  9.5
  161.984501  9.5
  214.791687  9.5
  278.661295  9.5
  353.528008  9.5
  439.277018  9.5
  38.640462  8
  39.396396  8
  84.398220  8
  108.076698  8
  150.556607  8
  203.531207  8
  267.630471  8
  342.633539  8
  0.000005  8.5
  65.835594  8.5
  73.398648  8.5
  109.917986  8.5
  150.445739  8.5
  203.534265  8.5
  267.630432  8.5
  342.633539  8.5
  32.891975  7
  34.298379  7
  71.127043  7
  97.983218  7
  140.445825  7
  193.739925  7
  257.992539  7
  0.000032  7.5
  54.213069  7.5
  64.628165  7.5
  98.703399  7.5
  140.417334  7.5
  193.740402  7.5
  257.992536  7.5
  26.983137  6
  29.419777  6
  60.009421  6
  89.273873  6
  131.864178  6
  185.354522  6
  0.000186  6.5
  43.388472  6.5
  56.701891  6.5
  89.500352  6.5
  131.858900  6.5
  185.354562  6.5
  21.019943  5
  24.873496  5
  51.146510  5
  81.979254  5
  124.720877  5
  0.001051  5.5
  33.791295  5.5
  49.779171  5.5
  82.031100  5.5
  124.720343  5.5
  15.291125  4
  20.792677  4
  44.409185  4
  76.089908  4
  0.005650  4.5
  25.753353  4.5
  43.993687  4.5
  76.096509  4.5
  10.196471  3
  17.319802  3
  39.515549  3
  0.028178  3.5
  19.509558  3.5
  39.443814  3.5
  6.085112  2
  14.600222  2
  0.124512  2.5
  15.193975  2.5
  3.141903  1
  0.458479  1.5
