  69.233718  10
  78.576416  10
  163.279592  10
  253.135771  10
  380.763560  10
  540.859089  10
  733.342216  10
  958.083690  10
  1215.029316  10
  1504.151821  10
  0.001615  10.5
  112.423886  10.5
  156.172872  10.5
  253.604111  10.5
  380.750088  10.5
  540.859296  10.5
  733.342214  10.5
  958.083690  10.5
  1215.029316  10.5
  1504.151821  10.5
  59.859939  9
  71.650057  9
  150.122027  9
  242.234478  9
  370.069644  9
  530.334390  9
  722.911680  9
  947.712259  9
  1204.697417  9
  0.004063  9.5
  97.803376  9.5
  145.777517  9.5
  242.453678  9.5
  370.064805  9.5
  530.334445  9.5
  722.911680  9.5
  947.712259  9.5
  1204.697417  9.5
  50.694478  8
  65.131186  8
  138.823596  8
  232.548646  8
  360.570479  8
  520.961840  8
  713.610781  8
  938.456360  8
  0.010073  8.5
  84.552928  8.5
  136.366405  8.5
  232.640960  8.5
  360.568983  8.5
  520.961851  8.5
  713.610780  8.5
  938.456360  8.5
  41.929971  7
  59.086789  7
  129.252244  7
  224.064348  7
  352.241795  7
  512.726576  7
  705.428912  7
  0.024522  7.5
  72.795743  7.5
  127.989876  7.5
  224.098189  7.5
  352.241419  7.5
  512.726578  7.5
  705.428912  7.5
  33.763065  6
  53.584955  6
  121.260345  6
  216.763709  6
  345.063111  6
  505.615545  6
  0.058303  6.5
  62.630068  6.5
  120.688081  6.5
  216.773923  6.5
  345.063043  6.5
  505.615545  6.5
  26.369580  5
  48.694501  5
  114.708140  5
  210.627252  5
  339.017200  5
  0.134417  5.5
  54.126916  5.5
  114.490478  5.5
  210.629532  5.5
  339.017193  5.5
  19.886891  4
  44.485972  4
  109.478716  4
  205.635910  4
  0.297808  4.5
  47.323072  4.5
  109.415903  4.5
  205.636196  4.5
  14.403810  3
  41.034477  3
  105.483919  3
  0.627667  3.5
  42.210278  3.5
  105.473378  3.5
  9.955282  2
  38.424564  2
  1.246357  2.5
  38.726234  2.5
  6.519436  1
  2.315808  1.5
