  40.085389  10
  40.085508  10
  106.133799  10
  106.289634  10
  147.079692  10
  155.682275  10
  180.480150  10
  207.689832  10
  240.365304  10
  277.706848  10
  0.000000  10.5
  75.561303  10.5
  75.567772  10.5
  130.604485  10.5
  132.409363  10.5
  160.709969  10.5
  179.763741  10.5
  207.734980  10.5
  240.363923  10.5
  277.706864  10.5
  35.846367  9
  35.846925  9
  93.101564  9
  93.599054  9
  124.810892  9
  137.598468  9
  161.760427  9
  190.067612  9
  223.205492  9
  0.000000  9.5
  67.050792  9.5
  67.076512  9.5
  112.131531  9.5
  116.159476  9.5
  139.478245  9.5
  161.602992  9.5
  190.073418  9.5
  223.205410  9.5
  31.605330  8
  31.607853  8
  79.722428  8
  81.113963  8
  104.922577  8
  121.403708  8
  145.753171  8
  174.662496  8
  0.000000  8.5
  58.501052  8.5
  58.597037  8.5
  93.605409  8.5
  100.850020  8.5
  121.904454  8.5
  145.729850  8.5
  174.662882  8.5
  27.359004  7
  27.369949  7
  65.906054  7
  69.105742  7
  88.334848  7
  107.338641  7
  132.079883  7
  0.000000  7.5
  49.846138  7.5
  50.173580  7.5
  76.196657  7.5
  86.949755  7.5
  107.426675  7.5
  132.078096  7.5
  23.096218  6
  23.141010  6
  52.160059  6
  57.972258  6
  75.155409  6
  95.451147  6
  0.000000  6.5
  40.951135  6.5
  41.923934  6.5
  61.084380  6.5
  74.851924  6.5
  95.459111  6.5
  18.781447  5
  18.949541  5
  39.571654  5
  48.156797  5
  64.809544  5
  0.000000  5.5
  31.756196  5.5
  34.087166  5.5
  49.061738  5.5
  64.775869  5.5
  14.331551  4
  14.878776  4
  29.164470  4
  40.029488  4
  0.000007  4.5
  22.748852  4.5
  27.024308  4.5
  40.160707  4.5
  9.716183  3
  11.113197  3
  21.584141  3
  0.000172  3.5
  14.919205  3.5
  21.141335  3.5
  5.381880  2
  7.946328  2
  0.003838  2.5
  9.089164  2.5
  2.179862  1
  0.062259  1.5
