  50.368918  10
  50.602399  10
  116.716739  10
  134.238741  10
  179.646680  10
  233.587970  10
  299.883287  10
  377.691557  10
  466.880455  10
  567.374665  10
  0.000000  10.5
  90.382713  10.5
  94.037398  10.5
  141.030250  10.5
  178.864102  10.5
  233.629288  10.5
  299.882094  10.5
  377.691576  10.5
  466.880455  10.5
  567.374665  10.5
  44.768043  9
  45.232142  9
  100.136838  9
  121.721479  9
  166.232884  9
  220.977963  9
  287.549089  9
  365.536307  9
  454.843471  9
  0.000001  9.5
  78.285777  9.5
  84.045493  9.5
  125.313434  9.5
  165.938635  9.5
  220.989252  9.5
  287.548862  9.5
  365.536309  9.5
  454.843471  9.5
  39.059168  8
  39.946497  8
  85.102087  8
  110.403112  8
  154.620685  8
  209.853047  8
  276.629609  8
  354.746835  8
  0.000008  8.5
  66.188073  8.5
  74.585208  8.5
  112.053925  8.5
  154.526808  8.5
  209.855510  8.5
  276.629578  8.5
  354.746836  8.5
  33.197566  7
  34.806879  7
  71.983342  7
  100.396652  7
  144.630808  7
  200.162243  7
  267.085053  7
  0.000045  7.5
  54.494433  7.5
  65.822416  7.5
  101.038025  7.5
  144.606739  7.5
  200.162627  7.5
  267.085050  7.5
  27.182421  6
  29.900990  6
  61.031743  6
  91.770232  6
  136.141380  6
  191.858628  6
  0.000250  6.5
  43.664427  6.5
  57.922708  6.5
  91.971100  6.5
  136.136928  6.5
  191.858660  6.5
  21.140724  5
  25.341653  5
  52.313787  5
  84.547206  5
  129.068886  5
  0.001344  5.5
  34.102439  5.5
  51.037523  5.5
  84.593079  5.5
  129.068435  5.5
  15.373014  4
  21.259532  4
  45.678614  4
  78.714632  4
  0.006893  4.5
  26.118311  4.5
  45.292578  4.5
  78.720464  4.5
  10.269783  3
  17.793045  3
  40.845844  3
  0.032814  3.5
  19.930839  3.5
  40.779358  3.5
  6.160224  2
  15.083332  2
  0.138669  2.5
  15.661114  2.5
  3.213110  1
  0.491224  1.5
