  56.643815  10
  57.854335  10
  124.830156  10
  160.791117  10
  225.004625  10
  304.988620  10
  401.753494  10
  514.964312  10
  644.524611  10
  790.385043  10
  0.000011  10.5
  96.854522  10.5
  108.512827  10.5
  163.588062  10.5
  224.821389  10.5
  304.994679  10.5
  401.753381  10.5
  514.964313  10.5
  644.524611  10.5
  790.385043  10.5
  49.921216  9
  51.895100  9
  109.091642  9
  148.898740  9
  213.043538  9
  293.421238  9
  390.369258  9
  503.695337  9
  633.332422  9
  0.000043  9.5
  83.172160  9.5
  98.225428  9.5
  150.267186  9.5
  212.976644  9.5
  293.422872  9.5
  390.369237  9.5
  503.695337  9.5
  633.332422  9.5
  43.041329  8
  46.126969  8
  95.336298  8
  138.282637  8
  202.527795  8
  283.170996  8
  380.254701  8
  493.665902  8
  0.000172  8.5
  70.160509  8.5
  88.697179  8.5
  138.876910  8.5
  202.506876  8.5
  283.171349  8.5
  380.254698  8.5
  493.665902  8.5
  36.050894  7
  40.628261  7
  83.682905  7
  128.974795  7
  193.381830  7
  274.204565  7
  371.385763  7
  0.000675  7.5
  58.156356  7.5
  80.048942  7.5
  129.197214  7.5
  193.376539  7.5
  274.204620  7.5
  371.385763  7.5
  29.100635  6
  35.490996  6
  74.115183  6
  120.981467  6
  185.549332  6
  266.492498  6
  0.002588  6.5
  47.443235  6.5
  72.389121  6.5
  121.049528  6.5
  185.548362  6.5
  266.492503  6.5
  22.446475  5
  30.816311  5
  66.485559  5
  114.288893  5
  178.987156  5
  0.009610  5.5
  38.244440  5.5
  65.808419  5.5
  114.304221  5.5
  178.987058  5.5
  16.390883  4
  26.709468  4
  60.575055  4
  108.870925  4
  0.034037  4.5
  30.726998  4.5
  60.375922  4.5
  108.872858  4.5
  11.202383  3
  23.277358  3
  56.170649  3
  0.112506  3.5
  24.998632  3.5
  56.136865  3.5
  7.059110  2
  20.631932  2
  0.337049  2.5
  21.085736  2.5
  4.022756  1
  0.888627  1.5
