  57.536066  10
  58.994088  10
  126.426775  10
  165.354570  10
  232.793180  10
  316.966256  10
  418.702669  10
  537.698685  10
  673.862171  10
  827.146196  10
  0.000016  10.5
  97.739543  10.5
  110.923742  10.5
  167.819632  10.5
  232.642063  10.5
  316.970969  10.5
  418.702586  10.5
  537.698685  10.5
  673.862171  10.5
  827.146196  10.5
  50.634743  9
  52.957725  9
  110.855727  9
  153.545761  9
  220.968588  9
  305.505714  9
  407.415808  9
  526.521005  9
  662.757268  9
  0.000064  9.5
  83.912773  9.5
  100.613066  9.5
  154.744301  9.5
  220.913541  9.5
  305.506984  9.5
  407.415792  9.5
  526.521005  9.5
  662.757268  9.5
  43.580456  8
  47.128539  8
  97.294334  8
  143.014356  8
  210.559721  8
  295.345174  8
  397.384079  8
  516.570076  8
  0.000245  8.5
  70.835869  8.5
  91.085827  8.5
  143.532618  8.5
  210.542534  8.5
  295.345448  8.5
  397.384077  8.5
  516.570076  8.5
  36.438208  7
  41.585506  7
  85.830289  7
  133.785328  7
  201.498294  7
  286.453240  7
  388.584895  7
  0.000923  7.5
  58.824836  7.5
  82.456583  7.5
  133.978754  7.5
  201.493951  7.5
  286.453282  7.5
  388.584895  7.5
  29.376017  6
  36.419698  6
  76.420283  6
  125.860384  6
  193.732737  6
  278.802220  6
  0.003393  6.5
  48.142257  6.5
  74.827027  6.5
  125.919466  6.5
  193.731942  6.5
  278.802223  6.5
  22.654812  5
  31.729836  5
  68.904013  5
  119.223650  5
  187.223081  5
  0.012076  5.5
  38.994427  5.5
  68.281422  5.5
  119.236941  5.5
  187.223001  5.5
  16.567214  4
  27.617906  4
  63.065908  4
  113.848811  4
  0.041004  4.5
  31.535081  4.5
  62.883248  4.5
  113.850486  4.5
  11.364763  3
  24.187458  3
  58.704383  3
  0.130073  3.5
  25.860580  3.5
  58.673434  3.5
  7.210016  2
  21.547587  2
  0.375080  2.5
  21.987514  2.5
  4.154762  1
  0.957257  1.5
