  47.990543  10
  48.088253  10
  114.694146  10
  126.285041  10
  166.414869  10
  211.338935  10
  267.542298  10
  333.654310  10
  409.534639  10
  495.089865  10
  0.000000  10.5
  87.520107  10.5
  89.395749  10.5
  135.732682  10.5
  164.963616  10.5
  211.435067  10.5
  267.538900  10.5
  333.654377  10.5
  409.534638  10.5
  495.089865  10.5
  42.749082  9
  42.963947  9
  98.100544  9
  113.536384  9
  152.017200  9
  198.112598  9
  254.642396  9
  320.975470  9
  397.000742  9
  0.000000  9.5
  76.285858  9.5
  79.605563  9.5
  118.801646  9.5
  151.457069  9.5
  198.139151  9.5
  254.641746  9.5
  320.975477  9.5
  397.000741  9.5
  37.435541  8
  37.890888  8
  82.706390  8
  101.899740  8
  139.694189  8
  186.469012  8
  243.246564  8
  309.738736  8
  0.000002  8.5
  64.836365  8.5
  70.229566  8.5
  104.428321  8.5
  139.512426  8.5
  186.474848  8.5
  243.246476  8.5
  309.738737  8.5
  32.000232  7
  32.917636  7
  69.010588  7
  91.538685  7
  129.180401  7
  176.349604  7
  233.304154  7
  0.000011  7.5
  53.478989  7.5
  61.444742  7.5
  92.552075  7.5
  129.133287  7.5
  176.350518  7.5
  233.304148  7.5
  26.400258  6
  28.122152  6
  57.397058  6
  82.567287  6
  120.295148  6
  167.697490  6
  0.000075  6.5
  42.702550  6.5
  53.441267  6.5
  82.890822  6.5
  120.286372  6.5
  167.697567  6.5
  20.679716  5
  23.615541  5
  48.077409  5
  75.042579  5
  112.920397  5
  0.000487  5.5
  33.011439  5.5
  46.402971  5.5
  75.117289  5.5
  112.919505  5.5
  15.077482  4
  19.537181  4
  41.006513  4
  68.969179  4
  0.003033  4.5
  24.812012  4.5
  40.489415  4.5
  68.978736  4.5
  10.009736  3
  16.042035  3
  35.912070  3
  0.017517  3.5
  18.393934  3.5
  35.822020  3.5
  5.887071  2
  13.289335  2
  0.089177  2.5
  13.933650  2.5
  2.948357  1
  0.371567  1.5
