  61.200872  10
  64.088619  10
  134.482758  10
  186.714763  10
  269.091446  10
  372.352788  10
  496.828291  10
  642.301936  10
  808.696862  10
  995.974277  10
  0.000085  10.5
  101.552214  10.5
  122.074025  10.5
  188.182165  10.5
  269.021667  10.5
  372.354516  10.5
  496.828267  10.5
  642.301936  10.5
  808.696862  10.5
  995.974277  10.5
  53.530323  9
  57.750455  9
  119.657216  9
  175.228909  9
  257.729159  9
  361.264699  9
  485.881396  9
  631.443621  9
  797.897691  9
  0.000282  9.5
  87.290750  9.5
  111.699557  9.5
  175.929167  9.5
  257.703907  9.5
  361.265163  9.5
  485.881392  9.5
  631.443621  9.5
  797.897691  9.5
  45.764041  8
  51.685401  8
  106.880177  8
  165.011984  8
  247.687279  8
  351.417221  8
  476.139294  8
  621.767627  8
  0.000924  8.5
  74.047808  8.5
  102.192403  8.5
  165.310937  8.5
  247.679432  8.5
  351.417321  8.5
  476.139294  8.5
  621.767627  8.5
  38.037252  7
  45.971915  7
  96.128725  7
  156.068011  7
  238.918827  7
  342.785672  7
  467.584356  7
  0.002974  7.5
  62.060451  7.5
  93.643179  7.5
  156.178641  7.5
  238.916851  7.5
  342.785688  7.5
  467.584356  7.5
  30.564155  6
  40.695116  6
  87.281619  6
  148.386301  6
  231.386595  6
  335.348362  6
  0.009342  6.5
  51.520935  6.5
  86.129408  6.5
  148.419906  6.5
  231.386234  6.5
  335.348363  6.5
  23.600506  5
  35.943534  5
  80.157658  5
  141.946339  5
  225.060632  5
  0.028406  5.5
  42.579544  5.5
  79.712952  5.5
  141.953872  5.5
  225.060596  5.5
  17.390033  4
  31.807031  4
  74.567850  4
  136.722888  4
  0.082526  4.5
  35.344454  4.5
  74.438348  4.5
  136.723835  4.5
  12.121185  3
  28.377581  3
  70.354258  3
  0.225114  3.5
  29.871524  3.5
  70.332407  3.5
  7.903289  2
  25.754523  2
  0.564892  2.5
  26.143601  2.5
  4.755645  1
  1.280985  1.5
