  239.490271  10
  938.191299  10
  2514.000827  10
  4876.030012  10
  8026.465130  10
  11964.839755  10
  16691.028309  10
  22204.983504  10
  28506.684283  10
  35596.120102  10
  31.508452  10.5
  947.395005  10.5
  2513.941269  10.5
  4876.030146  10.5
  8026.465130  10.5
  11964.839755  10.5
  16691.028309  10.5
  22204.983504  10.5
  28506.684283  10.5
  35596.120102  10.5
  221.367001  9
  928.650578  9
  2504.024217  9
  4866.282960  9
  8016.805662  9
  11955.224268  9
  16681.438005  9
  22195.408960  9
  28497.120252  9
  35.728908  9.5
  935.369591  9.5
  2503.989453  9.5
  4866.283022  9.5
  8016.805662  9.5
  11955.224268  9.5
  16681.438005  9.5
  22195.408960  9.5
  28497.120252  9.5
  204.180512  8
  920.012359  8
  2495.108160  8
  4857.565719  8
  8008.165330  8
  11946.622524  8
  16672.858349  8
  22186.843122  8
  40.410146  8.5
  924.731644  8.5
  2495.089188  8.5
  4857.565744  8.5
  8008.165330  8.5
  11946.622524  8.5
  16672.858349  8.5
  22186.843122  8.5
  187.918120  7
  912.298364  7
  2487.248894  7
  4849.877019  7
  8000.543351  7
  11939.033994  7
  16665.288959  7
  45.585710  7.5
  915.453980  7.5
  2487.239403  7.5
  4849.877029  7.5
  8000.543351  7.5
  11939.033994  7.5
  16665.288959  7.5
  172.565065  6
  905.531171  6
  2480.443248  6
  4843.215744  6
  7993.939032  6
  11932.458212  6
  51.289382  6.5
  907.508550  6.5
  2480.439028  6.5
  4843.215747  6.5
  7993.939032  6.5
  11932.458212  6.5
  158.104546  5
  899.734234  5
  2474.688606  5
  4837.580923  5
  7988.351775  5
  57.554949  5.5
  900.866645  5.5
  2474.687023  5.5
  4837.580924  5.5
  7988.351775  5.5
  144.517753  4
  894.931876  4
  2469.982863  4
  4832.971734  4
  64.415970  4.5
  895.499097  4.5
  2469.982411  4.5
  4832.971735  4.5
  131.783925  3
  891.149282  3
  2466.324389  3
  71.905535  3.5
  891.376487  3.5
  2466.324314  3.5
  119.880419  2
  888.412468  2
  80.056054  2.5
  888.469326  2.5
  108.782790  1
  88.899037  1.5
