  38.311517  10
  38.311517  10
  102.647301  10
  102.647551  10
  150.137649  10
  150.326799  10
  176.566047  10
  183.983049  10
  200.763090  10
  219.770117  10
  -0.000000  10.5
  72.536475  10.5
  72.536478  10.5
  128.584711  10.5
  128.593968  10.5
  166.311402  10.5
  168.198693  10.5
  186.193724  10.5
  200.557953  10.5
  219.776233  10.5
  34.276039  9
  34.276039  9
  90.523567  9
  90.525690  9
  129.377869  9
  130.249001  9
  148.656632  9
  160.080825  9
  177.145004  9
  -0.000000  9.5
  64.462602  9.5
  64.462640  9.5
  112.351157  9.5
  112.412520  9.5
  140.399256  9.5
  145.236807  9.5
  160.497907  9.5
  177.130274  9.5
  30.240398  8
  30.240402  8
  78.384277  8
  78.400583  8
  107.961337  8
  110.770690  8
  124.933037  8
  139.091499  8
  0.000000  8.5
  56.387017  8.5
  56.387382  8.5
  95.954089  8.5
  96.293996  8.5
  115.598817  8.5
  124.134743  8.5
  139.126175  8.5
  26.204484  7
  26.204523  7
  66.186409  7
  66.294668  7
  86.772681  7
  92.668795  7
  105.727133  7
  0.000000  7.5
  48.307362  7.5
  48.310634  7.5
  79.097906  7.5
  80.495449  7.5
  94.076914  7.5
  105.647925  7.5
  22.167949  6
  22.168358  6
  53.763828  6
  54.330784  6
  67.860763  6
  76.787782  6
  0.000000  6.5
  40.212006  6.5
  40.238155  6.5
  61.946813  6.5
  65.616174  6.5
  76.961314  6.5
  18.128896  5
  18.132872  5
  40.935233  5
  42.899463  5
  52.847458  5
  0.000000  5.5
  32.040178  5.5
  32.214376  5.5
  46.112184  5.5
  52.489683  5.5
  14.074295  4
  14.108301  4
  28.609646  4
  32.719210  4
  0.000000  4.5
  23.609300  4.5
  24.439084  4.5
  33.393066  4.5
  9.932728  3
  10.161816  3
  18.546895  3
  0.000001  3.5
  15.160513  3.5
  17.428424  3.5
  5.633017  2
  6.560251  2
  0.000086  2.5
  8.158182  2.5
  2.026327  1
  0.008827  1.5
