  39.568364  10
  39.568398  10
  105.165144  10
  105.226526  10
  148.045348  10
  153.585393  10
  176.864038  10
  200.342093  10
  229.405645  10
  262.764800  10
  0.000000  10.5
  74.685720  10.5
  74.687869  10.5
  130.289333  10.5
  131.170212  10.5
  160.671586  10.5
  175.536230  10.5
  200.444541  10.5
  229.401957  10.5
  262.764852  10.5
  35.388986  9
  35.389168  9
  92.442796  9
  92.671033  9
  125.446012  9
  134.875663  9
  156.692984  9
  181.697133  9
  211.290853  9
  0.000000  9.5
  66.306683  9.5
  66.316536  9.5
  112.457203  9.5
  114.817401  9.5
  137.817528  9.5
  156.382844  9.5
  181.710697  9.5
  211.290632  9.5
  31.208398  8
  31.209347  8
  79.482739  8
  80.234075  8
  104.610231  8
  117.924124  8
  139.652599  8
  165.433324  8
  0.000000  8.5
  57.905649  8.5
  57.948117  8.5
  94.189162  8.5
  99.191557  8.5
  118.774356  8.5
  139.604991  8.5
  165.434244  8.5
  27.024829  7
  27.029568  7
  66.088522  7
  68.136337  7
  86.812445  7
  103.106031  7
  125.196273  7
  0.000000  7.5
  49.440657  7.5
  49.608595  7.5
  76.467693  7.5
  84.803354  7.5
  103.262747  7.5
  125.192546  7.5
  22.831696  6
  22.854036  6
  52.461429  6
  56.762006  6
  72.614401  6
  90.566197  6
  0.000000  6.5
  40.800595  6.5
  41.383047  6.5
  60.650001  6.5
  72.145306  6.5
  90.580745  6.5
  18.604777  5
  18.701529  5
  39.614064  5
  46.599757  5
  61.599619  5
  0.000000  5.5
  31.846319  5.5
  33.478177  5.5
  47.807729  5.5
  61.545795  5.5
  14.272552  4
  14.637290  4
  28.748095  4
  38.103639  4
  0.000002  4.5
  22.865657  4.5
  26.255740  4.5
  38.286797  4.5
  9.757091  3
  10.830586  3
  20.705210  3
  0.000074  3.5
  14.861152  3.5
  20.166626  3.5
  5.404826  2
  7.586482  2
  0.002173  2.5
  8.812445  2.5
  2.134469  1
  0.046124  1.5
