  38.555412  10
  38.555412  10
  103.149205  10
  103.151042  10
  149.997380  10
  150.713072  10
  174.693047  10
  186.763323  10
  206.680918  10
  229.740924  10
  0.000000  10.5
  72.955524  10.5
  72.955560  10.5
  129.010655  10.5
  129.060419  10.5
  164.536930  10.5
  169.064223  10.5
  187.744504  10.5
  206.617354  10.5
  229.742388  10.5
  34.492109  9
  34.492112  9
  90.924089  9
  90.935739  9
  128.493061  9
  130.804790  9
  148.924447  9
  164.532164  9
  185.028053  9
  0.000000  9.5
  64.823505  9.5
  64.823785  9.5
  112.535178  9.5
  112.778518  9.5
  138.625131  9.5
  147.047791  9.5
  164.687841  9.5
  185.023855  9.5
  30.428504  8
  30.428530  8
  78.658364  8
  78.724982  8
  106.621599  8
  111.892467  8
  127.612192  8
  145.151977  8
  0.000000  8.5
  56.687838  8.5
  56.689871  8.5
  95.705056  8.5
  96.679934  8.5
  115.091459  8.5
  127.250968  8.5
  145.163746  8.5
  26.364344  7
  26.364562  7
  66.253197  7
  66.579626  7
  85.982268  7
  94.726123  7
  110.154073  7
  0.000000  7.5
  48.542057  7.5
  48.555679  7.5
  78.322023  7.5
  81.161532  7.5
  95.502358  7.5
  110.122020  7.5
  22.298695  6
  22.300417  6
  53.476217  6
  54.714047  6
  68.376530  6
  79.925703  6
  0.000000  6.5
  40.357505  6.5
  40.438679  6.5
  61.217906  6.5
  66.880611  6.5
  80.009602  6.5
  18.226686  5
  18.239227  5
  40.443263  5
  43.608447  5
  54.751550  5
  0.000000  5.5
  32.024866  5.5
  32.424689  5.5
  46.119218  5.5
  54.544312  5.5
  14.122126  4
  14.202294  4
  28.439881  4
  33.940891  4
  0.000000  4.5
  23.385774  4.5
  24.785938  4.5
  34.408609  4.5
  9.887907  3
  10.289592  3
  18.970476  3
  0.000003  3.5
  15.000620  3.5
  18.053698  3.5
  5.548080  2
  6.797752  2
  0.000273  2.5
  8.283123  2.5
  2.047070  1
  0.015853  1.5
