  94.464876  10
  161.032363  10
  372.735763  10
  675.686510  10
  1081.940737  10
  1590.206460  10
  2200.321426  10
  2912.219369  10
  3725.870628  10
  4641.260289  10
  0.284779  10.5
  184.111013  10.5
  371.433130  10.5
  675.710116  10.5
  1081.940536  10.5
  1590.206461  10.5
  2200.321426  10.5
  2912.219369  10.5
  3725.870628  10.5
  4641.260289  10.5
  82.072223  9
  152.911906  9
  362.009592  9
  665.603803  9
  1072.000219  9
  1580.341105  9
  2190.499298  9
  2902.424387  9
  3716.093802  9
  0.447746  9.5
  170.148215  9.5
  361.244307  9.5
  665.614723  9.5
  1072.000147  9.5
  1580.341105  9.5
  2190.499298  9.5
  2902.424387  9.5
  3716.093802  9.5
  70.551074  8
  145.441955  8
  352.543467  8
  656.611264  8
  1063.125074  8
  1571.526958  8
  2181.720237  8
  2893.667351  8
  0.695501  8.5
  157.808332  8.5
  352.123588  8.5
  656.615822  8.5
  1063.125052  8.5
  1571.526958  8.5
  2181.720237  8.5
  2893.667351  8.5
  59.953701  7
  138.661300  7
  344.287710  7
  648.699732  7
  1055.308926  7
  1563.759762  7
  2173.981187  7
  1.065556  7.5
  147.092266  7.5
  344.076763  7.5
  648.701392  7.5
  1055.308920  7.5
  1563.759762  7.5
  2173.981187  7.5
  50.317208  6
  132.610793  6
  337.201154  6
  641.860815  6
  1048.546175  6
  1557.035764  6
  1.607391  6.5
  137.985828  6.5
  337.107035  6.5
  641.861314  6.5
  1048.546174  6.5
  1557.035764  6.5
  41.662887  5
  127.334246  5
  331.250758  5
  636.087042  5
  1042.831990  5
  2.383516  5.5
  130.458574  5.5
  331.215354  5.5
  636.087153  5.5
  1042.831990  5.5
  33.995720  4
  122.879464  4
  326.410965  4
  631.371970  4
  3.469235  4.5
  124.463805  4.5
  326.400825  4.5
  631.371984  4.5
  27.304028  3
  119.299331  3
  322.662902  3
  4.950767  3.5
  119.940082  3.5
  322.661209  3.5
  21.559308  2
  116.652805  2
  6.921720  2.5
  116.814258  2.5
  16.716438  1
  9.478371  1.5
