  46.627850  10
  46.681196  10
  113.654155  10
  122.173751  10
  159.908627  10
  199.625112  10
  250.260111  10
  309.922422  10
  378.478233  10
  455.818961  10
  0.000000  10.5
  85.719207  10.5
  86.879160  10.5
  133.540496  10.5
  157.794470  10.5
  199.788676  10.5
  250.253511  10.5
  309.922569  10.5
  378.478231  10.5
  455.818961  10.5
  41.577498  9
  41.703219  9
  97.210792  9
  109.307891  9
  144.731767  9
  185.949357  9
  236.942437  9
  296.859287  9
  365.580639  9
  0.000000  9.5
  75.013038  9.5
  77.237307  9.5
  115.881021  9.5
  143.895812  9.5
  185.994973  9.5
  236.941169  9.5
  296.859305  9.5
  365.580639  9.5
  36.474575  8
  36.760419  8
  81.689821  8
  97.478530  8
  131.851757  8
  173.925225  8
  225.196501  8
  285.295103  8
  0.000001  8.5
  64.023855  8.5
  67.934659  8.5
  100.746288  8.5
  131.576271  8.5
  173.935317  8.5
  225.196328  8.5
  285.295104  8.5
  31.273765  7
  31.892591  7
  67.679697  7
  86.884206  7
  120.938247  7
  163.491200  7
  214.962670  7
  0.000004  7.5
  52.953762  7.5
  59.149295  7.5
  88.229129  7.5
  120.866146  7.5
  163.492788  7.5
  214.962658  7.5
  25.919632  6
  27.169259  6
  55.654312  6
  77.674299  6
  111.757739  6
  154.583808  6
  0.000032  6.5
  42.262525  6.5
  51.084215  6.5
  78.111025  6.5
  111.744227  6.5
  154.583942  6.5
  20.410306  5
  22.697359  5
  45.924037  5
  69.934529  5
  104.160537  5
  0.000242  5.5
  32.508983  5.5
  43.944464  5.5
  70.036353  5.5
  104.159160  5.5
  14.928336  4
  18.619702  4
  38.535679  4
  63.686648  4
  0.001725  4.5
  24.172870  4.5
  37.913975  4.5
  63.699741  4.5
  9.886607  3
  15.101895  3
  33.246158  3
  0.011398  3.5
  17.599832  3.5
  33.136891  3.5
  5.747939  2
  12.316544  2
  0.066125  2.5
  13.007330  2.5
  2.804654  1
  0.309140  1.5
