  38.952975  10
  38.952979  10
  103.955556  10
  103.967138  10
  149.372407  10
  151.613205  10
  174.273347  10
  191.875460  10
  215.894482  10
  243.666017  10
  0.000000  10.5
  73.636664  10.5
  73.636970  10.5
  129.616644  10.5
  129.846374  10.5
  162.284570  10.5
  171.199518  10.5
  192.222441  10.5
  215.877982  10.5
  243.666314  10.5
  34.844221  9
  34.844246  9
  91.551756  9
  91.607546  9
  127.034050  9
  132.137137  9
  151.328114  9
  171.452635  9
  196.084844  9
  0.000000  9.5
  65.408977  9.5
  65.410778  9.5
  112.646487  9.5
  113.478925  9.5
  137.378039  9.5
  150.493178  9.5
  171.501869  9.5
  196.083816  9.5
  30.734887  8
  30.735056  8
  79.043292  8
  79.284042  8
  105.279258  8
  114.080009  8
  132.324181  8
  153.676383  8
  0.000000  8.5
  57.172679  8.5
  57.182654  8.5
  95.114464  8.5
  97.519917  8.5
  115.874300  8.5
  132.184352  8.5
  153.679871  8.5
  26.624328  7
  26.625413  7
  66.250117  7
  67.127017  7
  85.787375  7
  98.038520  7
  116.453856  7
  0.000000  7.5
  48.910397  7.5
  48.961269  7.5
  77.339450  7.5
  82.468879  7.5
  98.409021  7.5
  116.442348  7.5
  22.509992  6
  22.516548  6
  53.015984  6
  55.450948  6
  69.828005  6
  84.377003  6
  0.000000  6.5
  40.559704  6.5
  40.789264  6.5
  60.671419  6.5
  68.942904  6.5
  84.413535  6.5
  18.380355  5
  18.416807  5
  39.951190  5
  44.773356  5
  57.576345  5
  0.000000  5.5
  31.964433  5.5
  32.810478  5.5
  46.588483  5.5
  57.466614  5.5
  14.188559  4
  14.365822  4
  28.439470  4
  35.676873  4
  0.000000  4.5
  23.120159  4.5
  25.357167  4.5
  35.978962  4.5
  9.827097  3
  10.499932  3
  19.654845  3
  0.000017  3.5
  14.884283  3.5
  18.936747  3.5
  5.467552  2
  7.129331  2
  0.000803  2.5
  8.488862  2.5
  2.081132  1
  0.027523  1.5
