  42.778863  10
  42.783271  10
  110.198517  10
  112.152892  10
  147.454189  10
  170.788950  10
  206.047725  10
  247.725197  10
  295.995719  10
  350.643813  10
  0.000000  10.5
  79.995350  10.5
  80.141568  10.5
  130.754108  10.5
  140.844796  10.5
  171.771957  10.5
  205.981936  10.5
  247.727523  10.5
  295.995677  10.5
  350.643814  10.5
  38.221838  9
  38.235603  9
  95.284275  9
  99.141227  9
  128.628558  9
  155.174517  9
  190.800347  9
  232.924920  9
  281.464436  9
  0.000000  9.5
  70.701513  9.5
  71.084285  9.5
  111.425766  9.5
  125.578360  9.5
  155.467712  9.5
  190.787282  9.5
  232.925204  9.5
  281.464433  9.5
  33.651929  8
  33.693498  8
  80.188625  8
  86.786848  8
  112.907143  8
  141.455568  8
  177.463403  8
  219.888923  8
  0.000000  8.5
  61.215570  8.5
  62.145271  8.5
  93.843512  8.5
  111.787826  8.5
  141.523301  8.5
  177.461589  8.5
  219.888941  8.5
  29.050592  7
  29.170656  7
  65.600503  7
  75.395802  7
  99.991802  7
  129.605644  7
  165.917717  7
  0.000000  7.5
  51.432786  7.5
  53.458752  7.5
  78.729356  7.5
  99.678948  7.5
  129.616603  7.5
  165.917583  7.5
  24.375937  6
  24.701512  6
  52.348035  6
  65.264739  6
  89.408023  6
  119.550738  6
  0.000001  6.5
  41.424627  6.5
  45.232232  6.5
  66.465904  6.5
  89.347094  6.5
  119.551682  6.5
  19.557918  5
  20.360438  5
  41.127179  5
  56.628093  5
  80.794049  5
  0.000014  5.5
  31.666888  5.5
  37.730848  5.5
  56.926026  5.5
  80.787696  5.5
  14.573146  4
  16.281250  4
  32.397479  4
  49.619845  4
  0.000175  4.5
  22.891239  4.5
  31.235947  4.5
  49.659396  4.5
  9.672790  3
  12.658933  3
  26.212321  3
  0.002010  3.5
  15.731085  3.5
  25.997226  3.5
  5.444365  2
  9.723214  2
  0.020130  2.5
  10.604967  2.5
  2.425254  1
  0.154013  1.5
