  40.266440  10
  40.266612  10
  106.460761  10
  106.664499  10
  146.814312  10
  156.495676  10
  181.919625  10
  210.295227  10
  244.152959  10
  282.799487  10
  0.000000  10.5
  75.866480  10.5
  75.875386  10.5
  130.669089  10.5
  132.872741  10.5
  160.958875  10.5
  181.332807  10.5
  210.330132  10.5
  244.151941  10.5
  282.799499  10.5
  36.006454  9
  36.007226  9
  93.311594  9
  93.933059  9
  124.722815  9
  138.620367  9
  163.597477  9
  192.969222  9
  227.268750  9
  0.000000  9.5
  67.308780  9.5
  67.342746  9.5
  112.009832  9.5
  116.671765  9.5
  140.240290  9.5
  163.470399  9.5
  192.973678  9.5
  227.268690  9.5
  31.744095  8
  31.747449  8
  79.784026  8
  81.439349  8
  105.170670  8
  122.660539  8
  147.880440  8
  177.812310  8
  0.000000  8.5
  58.704530  8.5
  58.826042  8.5
  93.453133  8.5
  101.474586  8.5
  123.083282  8.5
  147.861781  8.5
  177.812605  8.5
  27.475439  7
  27.489404  7
  65.844118  7
  69.467453  7
  88.957977  7
  108.819508  7
  134.431826  7
  0.000000  7.5
  49.979446  7.5
  50.376273  7.5
  76.180207  7.5
  87.731375  7.5
  108.892968  7.5
  134.430405  7.5
  23.187505  6
  23.242337  6
  52.086809  6
  58.414504  6
  76.068587  6
  97.122148  6
  0.000000  6.5
  40.995455  6.5
  42.121546  6.5
  61.304778  6.5
  75.804174  6.5
  97.128750  6.5
  18.840899  5
  19.038220  5
  39.594027  5
  48.707046  5
  65.911564  5
  0.000000  5.5
  31.729299  5.5
  34.308899  5.5
  49.531763  5.5
  65.882471  5.5
  14.350472  4
  14.965820  4
  29.333304  4
  40.690109  4
  0.000009  4.5
  22.723515  4.5
  27.296412  4.5
  40.808310  4.5
  9.705074  3
  11.213209  3
  21.891837  3
  0.000221  3.5
  14.950688  3.5
  21.475617  3.5
  5.378008  2
  8.069378  2
  0.004532  2.5
  9.187124  2.5
  2.195884  1
  0.068020  1.5
