  38.435736  10
  38.435736  10
  102.903526  10
  102.904323  10
  150.094100  10
  150.507483  10
  175.402458  10
  185.345286  10
  203.799570  10
  225.058551  10
  -0.000000  10.5
  72.750011  10.5
  72.750025  10.5
  128.806009  10.5
  128.830674  10.5
  165.391384  10.5
  168.584467  10.5
  186.775799  10.5
  203.692244  10.5
  225.061307  10.5
  34.386091  9
  34.386093  9
  90.728804  9
  90.734519  9
  128.945393  9
  130.501370  9
  148.605138  9
  162.373188  9
  181.320751  9
  0.000000  9.5
  64.646565  9.5
  64.646686  9.5
  112.455976  9.5
  112.593205  9.5
  139.373034  9.5
  146.116460  9.5
  162.615623  9.5
  181.313432  9.5
  30.336216  8
  30.336227  8
  78.527242  8
  78.564252  8
  107.223112  8
  111.312560  8
  126.249925  8
  142.300101  8
  0.000000  8.5
  56.540508  8.5
  56.541498  8.5
  95.844506  8.5
  96.476178  8.5
  115.199492  8.5
  125.732467  8.5
  142.319106  8.5
  26.285933  7
  26.286039  7
  66.228176  7
  66.434440  7
  86.278267  7
  93.719552  7
  108.062146  7
  0.000000  7.5
  48.427649  7.5
  48.435146  7.5
  78.689414  7.5
  80.817277  7.5
  94.739443  7.5
  108.014229  7.5
  22.234635  6
  22.235577  6
  53.620224  6
  54.517510  6
  68.065133  6
  78.445941  6
  0.000000  6.5
  40.288270  6.5
  40.338821  6.5
  61.522876  6.5
  66.260185  6.5
  78.561958  6.5
  18.179041  5
  18.186789  5
  40.660355  5
  43.260028  5
  53.839749  5
  0.000000  5.5
  32.035480  5.5
  32.318370  5.5
  46.074696  5.5
  53.574991  5.5
  14.099475  4
  14.155452  4
  28.498483  4
  33.364886  4
  0.000000  4.5
  23.488367  4.5
  24.615403  4.5
  33.916588  4.5
  9.909114  3
  10.226774  3
  18.763058  3
  0.000002  3.5
  15.066035  3.5
  17.759456  3.5
  5.584495  2
  6.686339  2
  0.000168  2.5
  8.221695  2.5
  2.036877  1
  0.012392  1.5
