  38.530295  10
  38.530295  10
  103.097745  10
  103.099312  10
  150.021919  10
  150.667347  10
  174.813377  10
  186.459099  10
  206.080583  10
  228.784307  10
  -0.000000  10.5
  72.912410  10.5
  72.912440  10.5
  128.968463  10.5
  129.012015  10.5
  164.711155  10.5
  168.955853  10.5
  187.517856  10.5
  206.010079  10.5
  228.785965  10.5
  34.469859  9
  34.469862  9
  90.883319  9
  90.893493  9
  128.589323  9
  130.736693  9
  148.834591  9
  164.082610  9
  184.270059  9
  0.000000  9.5
  64.786395  9.5
  64.786634  9.5
  112.520354  9.5
  112.738674  9.5
  138.764699  9.5
  146.846851  9.5
  164.252585  9.5
  184.265375  9.5
  30.409137  8
  30.409159  8
  78.631405  8
  78.690983  8
  106.739245  8
  111.766859  8
  127.321849  8
  144.568607  8
  0.000000  8.5
  56.656965  8.5
  56.658738  8.5
  95.736592  8.5
  96.635040  8.5
  115.096131  8.5
  126.933803  8.5
  144.581542  8.5
  26.347893  7
  26.348082  7
  66.249103  7
  66.548339  7
  86.032425  7
  94.515298  7
  109.725237  7
  0.000000  7.5
  48.518172  7.5
  48.530331  7.5
  78.396555  7.5
  81.086917  7.5
  95.335234  7.5
  109.690538  7.5
  22.285267  6
  22.286802  6
  53.506576  6
  54.671621  6
  68.304154  6
  79.622575  6
  0.000000  6.5
  40.343312  6.5
  40.417494  6.5
  61.274943  6.5
  66.750397  6.5
  79.712023  6.5
  18.216740  5
  18.228182  5
  40.485505  5
  43.535238  5
  54.563220  5
  0.000000  5.5
  32.027501  5.5
  32.401932  5.5
  46.104761  5.5
  54.345669  5.5
  14.117490  4
  14.192359  4
  28.449107  4
  33.822879  4
  0.000000  4.5
  23.406283  4.5
  24.750093  4.5
  34.306242  4.5
  9.892238  3
  10.276389  3
  18.927008  3
  0.000003  3.5
  15.012737  3.5
  17.993481  3.5
  5.555074  2
  6.774996  2
  0.000249  2.5
  8.270212  2.5
  2.044929  1
  0.015124  1.5
