  49.814135  10
  50.007949  10
  116.208966  10
  132.291247  10
  176.362724  10
  228.188083  10
  292.077523  10
  367.095999  10
  453.108327  10
  550.035628  10
  0.000000  10.5
  89.744441  10.5
  92.922345  10.5
  139.630936  10.5
  175.462637  10.5
  228.238000  10.5
  292.076016  10.5
  367.096025  10.5
  453.108327  10.5
  550.035628  10.5
  44.300220  9
  44.693945  9
  99.602259  9
  119.718341  9
  162.752299  9
  215.449730  9
  279.625988  9
  354.831869  9
  440.967878  9
  0.000001  9.5
  77.838466  9.5
  82.971772  9.5
  123.642611  9.5
  162.412228  9.5
  215.463396  9.5
  279.625701  9.5
  354.831872  9.5
  440.967878  9.5
  38.686581  8
  39.456255  8
  84.472718  8
  108.328190  8
  150.996618  8
  204.217008  8
  268.607506  8
  343.949283  8
  0.000006  8.5
  65.874167  8.5
  73.527064  8.5
  110.147420  8.5
  150.887776  8.5
  204.219994  8.5
  268.607468  8.5
  343.949283  8.5
  32.925733  7
  34.353614  7
  71.218237  7
  98.244439  7
  140.899577  7
  194.437099  7
  258.980139  7
  0.000033  7.5
  54.243323  7.5
  64.757369  7.5
  98.955440  7.5
  140.871614  7.5
  194.437565  7.5
  258.980137  7.5
  27.005146  6
  29.471969  6
  60.119071  6
  89.544418  6
  132.328385  6
  186.060951  6
  0.000193  6.5
  43.417883  6.5
  56.834030  6.5
  89.767903  6.5
  132.323205  6.5
  186.060990  6.5
  21.033160  5
  24.924235  5
  51.272458  5
  82.257876  5
  125.193100  5
  0.001081  5.5
  33.824531  5.5
  49.915506  5.5
  82.309023  5.5
  125.192575  5.5
  15.299942  4
  20.843284  4
  44.546702  4
  76.374947  4
  0.005778  4.5
  25.792571  4.5
  44.134578  4.5
  76.381457  4.5
  10.204332  3
  17.371144  3
  39.659970  3
  0.028663  3.5
  19.555077  3.5
  39.588838  3.5
  6.093223  2
  14.652689  2
  0.126021  2.5
  15.244646  2.5
  3.149640  1
  0.462018  1.5
