  71.999001  10
  84.944351  10
  177.657835  10
  283.928078  10
  432.185712  10
  618.077536  10
  841.476675  10
  1102.269396  10
  1400.406830  10
  1735.864378  10
  0.003788  10.5
  117.426089  10.5
  171.884724  10.5
  284.245050  10.5
  432.177970  10.5
  618.077637  10.5
  841.476674  10.5
  1102.269396  10.5
  1400.406830  10.5
  1735.864378  10.5
  62.102492  9
  77.837938  9
  164.996631  9
  273.186673  9
  421.650876  9
  607.690368  9
  831.172659  9
  1092.017592  9
  1390.189956  9
  0.008799  9.5
  102.798706  9.5
  161.504911  9.5
  273.334537  9.5
  421.648098  9.5
  607.690395  9.5
  831.172659  9.5
  1092.017592  9.5
  1390.189956  9.5
  52.538702  8
  71.179429  8
  154.092401  8
  263.639876  8
  412.282605  8
  598.434052  8
  821.980100  8
  1082.865086  8
  0.020146  8.5
  89.613406  8.5
  152.133904  8.5
  263.701998  8.5
  412.281748  8.5
  598.434058  8.5
  821.980100  8.5
  1082.865086  8.5
  43.489629  7
  65.030879  7
  144.812010  7
  255.272420  7
  404.060923  7
  590.296025  7
  813.890027  7
  0.045294  7.5
  77.968677  7.5
  143.811947  7.5
  255.295154  7.5
  404.060708  7.5
  590.296025  7.5
  813.890027  7.5
  35.127403  6
  59.454974  6
  137.021800  6
  248.066906  6
  396.968768  6
  583.265246  6
  0.099500  6.5
  67.941152  6.5
  136.570356  6.5
  248.073759  6.5
  396.968729  6.5
  583.265246  6.5
  27.597686  5
  54.515281  5
  130.602577  5
  242.005508  5
  390.991678  5
  0.212208  5.5
  59.581830  5.5
  130.431352  5.5
  242.007036  5.5
  390.991674  5.5
  21.008944  4
  50.277693  4
  125.457706  4
  237.071393  4
  0.436069  4.5
  52.908795  4.5
  125.408384  4.5
  237.071584  4.5
  15.426424  3
  46.813312  3
  121.515304  3
  0.856433  3.5
  47.898393  3.5
  121.507037  3.5
  10.868805  2
  44.202764  2
  1.595997  2.5
  44.480121  2.5
  7.306247  1
  2.808521  1.5
