  62.184793  10
  65.590490  10
  137.111417  10
  193.264970  10
  280.174126  10
  389.168204  10
  520.489808  10
  673.939051  10
  849.442558  10
  1046.963336  10
  0.000127  10.5
  102.658862  10.5
  125.463621  10.5
  194.541365  10.5
  280.117222  10.5
  389.169530  10.5
  520.489791  10.5
  673.939051  10.5
  849.442558  10.5
  1046.963336  10.5
  54.301546  9
  59.175093  9
  122.495201  9
  181.860001  9
  268.914924  9
  378.165246  9
  509.620757  9
  663.153997  9
  838.713607  9
  0.000406  9.5
  88.316571  9.5
  115.079190  9.5
  182.466927  9.5
  268.894359  9.5
  378.165602  9.5
  509.620754  9.5
  663.153997  9.5
  838.713607  9.5
  46.348633  8
  53.050246  8
  109.921053  8
  171.719134  8
  258.955878  8
  368.389417  8
  499.945070  8
  653.541143  8
  0.001281  8.5
  75.051049  8.5
  105.580813  8.5
  171.977600  8.5
  258.949494  8.5
  368.389494  8.5
  499.945069  8.5
  653.541143  8.5
  38.476592  7
  47.293566  7
  99.342334  7
  162.842503  7
  250.254088  7
  359.817551  7
  491.446213  7
  0.003966  7.5
  63.081065  7.5
  97.053266  7.5
  162.937990  7.5
  250.252481  7.5
  359.817563  7.5
  491.446213  7.5
  30.905089  6
  41.988208  6
  90.625469  6
  155.217406  6
  242.775209  6
  352.429300  6
  0.011989  6.5
  52.583694  6.5
  89.568428  6.5
  155.246379  6.5
  242.774916  6.5
  352.429301  6.5
  23.883269  5
  37.220010  5
  83.590039  5
  148.822869  5
  236.491383  5
  0.035081  5.5
  43.697034  5.5
  83.183096  5.5
  148.829359  5.5
  236.491354  5.5
  17.640832  4
  33.075949  4
  78.055971  4
  143.634250  4
  0.098133  4.5
  36.518840  4.5
  77.937647  4.5
  143.635066  4.5
  12.351242  3
  29.645390  3
  73.875838  3
  0.258120  3.5
  31.095471  3.5
  73.855892  3.5
  8.111996  2
  27.025469  2
  0.626523  2.5
  27.402284  2.5
  4.935478  1
  1.381149  1.5
