  38.016034  10
  38.016034  10
  102.033467  10
  102.033467  10
  150.013901  10
  150.014029  10
  181.750992  10
  181.933835  10
  195.799648  10
  201.590632  10
  0.000000  10.5
  72.027646  10.5
  72.027646  10.5
  128.030836  10.5
  128.030837  10.5
  167.964527  10.5
  167.971395  10.5
  190.663921  10.5
  192.476597  10.5
  201.999632  10.5
  34.014210  9
  34.014210  9
  90.027188  9
  90.027188  9
  129.992530  9
  129.995333  9
  153.082485  9
  154.328605  9
  163.394795  9
  -0.000000  9.5
  64.023852  9.5
  64.023852  9.5
  112.020419  9.5
  112.020459  9.5
  143.866875  9.5
  143.963299  9.5
  158.106490  9.5
  162.843195  9.5
  30.012377  8
  30.012377  8
  78.020460  8
  78.020470  8
  109.938866  8
  109.985358  8
  124.430008  8
  128.195960  8
  0.000000  8.5
  56.019981  8.5
  56.019981  8.5
  96.007339  8.5
  96.008346  8.5
  119.413542  8.5
  120.218380  8.5
  128.921105  8.5
  26.010532  7
  26.010532  7
  66.012696  7
  66.013000  7
  89.658028  7
  90.138761  7
  98.569287  7
  -0.000000  7.5
  48.015973  7.5
  48.015975  7.5
  79.979628  7.5
  79.999604  7.5
  94.751761  7.5
  97.643593  7.5
  22.008664  6
  22.008664  6
  53.999303  6
  54.006633  6
  69.056529  6
  71.180425  6
  0.000000  6.5
  40.011661  6.5
  40.011732  6.5
  63.823717  6.5
  64.083254  6.5
  72.324451  6.5
  18.006745  5
  18.006756  5
  41.924123  5
  42.046132  5
  50.167061  5
  0.000000  5.5
  32.005676  5.5
  32.007798  5.5
  47.332139  5.5
  48.800703  5.5
  14.004524  4
  14.004925  4
  29.569123  4
  30.498863  4
  0.000000  4.5
  23.975973  4.5
  24.022493  4.5
  32.075367  4.5
  9.996230  3
  10.008291  3
  18.028344  3
  0.000000  3.5
  15.760361  3.5
  16.269802  3.5
  5.900955  2
  6.108949  2
  0.000000  2.5
  8.008104  2.5
  2.001351  1
  0.000450  1.5
