  144.652278  10
  398.269871  10
  1020.526970  10
  1948.149920  10
  3186.249984  10
  4734.233892  10
  6591.966214  10
  8759.395504  10
  11236.498794  10
  14023.264567  10
  5.542174  10.5
  412.588147  10.5
  1020.284239  10.5
  1948.151324  10.5
  3186.249980  10.5
  4734.233892  10.5
  6591.966214  10.5
  8759.395504  10.5
  11236.498794  10.5
  14023.264567  10.5
  129.829778  9
  389.280723  9
  1010.404230  9
  1938.326531  9
  3176.527175  9
  4724.561962  9
  6582.323482  9
  8749.771068  9
  11226.886575  9
  6.927775  9.5
  399.794075  9.5
  1010.262392  9.5
  1938.327179  9.5
  3176.527174  9.5
  4724.561962  9.5
  6582.323482  9.5
  8749.771068  9.5
  11226.886575  9.5
  115.980481  8
  381.094405  8
  1001.378919  8
  1929.546875  8
  3167.833855  8
  4715.912199  8
  6573.698702  8
  8741.161935  8
  8.608224  8.5
  388.517348  8.5
  1001.301437  8.5
  1929.547145  8.5
  3167.833854  8.5
  4715.912199  8.5
  6573.698702  8.5
  8741.161935  8.5
  103.101118  7
  373.739547  7
  993.439162  7
  1921.807742  7
  3160.168008  7
  4708.283248  7
  6566.090897  7
  10.630117  7.5
  378.726030  7.5
  993.400371  7.5
  1921.807840  7.5
  3160.168008  7.5
  4708.283248  7.5
  6566.090897  7.5
  91.183053  6
  367.246555  6
  986.575101  6
  1915.106285  6
  3153.527858  6
  4701.673909  6
  13.043141  6.5
  370.383803  6.5
  986.557842  6.5
  1915.106315  6.5
  3153.527858  6.5
  4701.673909  6.5
  80.212257  5
  361.647795  5
  980.778733  5
  1909.440029  5
  3147.911869  5
  15.899360  5.5
  363.450584  5.5
  980.772255  5.5
  1909.440035  5.5
  3147.911869  5.5
  70.169326  4
  356.977728  4
  976.043744  4
  1904.806871  4
  19.252376  4.5
  357.883265  4.5
  976.041892  4.5
  1904.806872  4.5
  61.029543  3
  353.273019  3
  972.365344  3
  23.156396  3.5
  353.636527  3.5
  972.365035  3.5
  52.763016  2
  350.572566  2
  27.665275  2.5
  350.663675  2.5
  45.334885  1
  32.831569  1.5
