  172.814708  10
  549.633508  10
  1438.276904  10
  2767.285266  10
  4540.455370  10
  6757.262892  10
  9417.577243  10
  12521.349057  10
  16068.556318  10
  20059.187997  10
  11.438891  10.5
  561.747587  10.5
  1438.135557  10.5
  2767.285835  10.5
  4540.455369  10.5
  6757.262892  10.5
  9417.577243  10.5
  12521.349057  10.5
  16068.556318  10.5
  20059.187997  10.5
  156.921997  9
  540.412840  9
  1428.229312  9
  2757.499883  9
  4530.764118  9
  6747.619073  9
  9407.960619  9
  12511.749462  9
  16058.968090  9
  13.672395  9.5
  549.282461  9.5
  1428.146765  9.5
  2757.500146  9.5
  4530.764117  9.5
  6747.619073  9.5
  9407.960619  9.5
  12511.749462  9.5
  16058.968090  9.5
  141.993644  8
  532.036237  8
  1419.259922  8
  2748.751308  8
  4522.097192  8
  6738.993224  8
  9399.358306  8
  12503.161884  8
  16.270337  8.5
  538.282492  8.5
  1419.214850  8.5
  2748.751417  8.5
  4522.097192  8.5
  6738.993224  8.5
  9399.358306  8.5
  12503.161884  8.5
  128.020652  7
  524.529672  7
  1411.361154  7
  2741.037292  7
  4514.453192  7
  6731.384399  7
  9391.769627  7
  19.275008  7.5
  528.716069  7.5
  1411.338598  7.5
  2741.037331  7.5
  4514.453192  7.5
  6731.384399  7.5
  9391.769627  7.5
  114.990270  6
  517.920513  6
  1404.526684  6
  2734.355846  6
  4507.830885  6
  6724.791768  6
  22.730175  6.5
  520.549118  6.5
  1404.516651  6.5
  2734.355858  6.5
  4507.830885  6.5
  6724.791768  6.5
  102.886012  5
  512.237605  5
  1398.751343  5
  2728.705243  5
  4502.229202  5
  26.680577  5.5
  513.745543  5.5
  1398.747578  5.5
  2728.705246  5.5
  4502.229202  5.5
  91.687696  4
  507.511324  4
  1394.031023  4
  2724.084019  4
  31.171383  4.5
  508.267705  4.5
  1394.029947  4.5
  2724.084020  4.5
  81.371513  3
  503.773603  3
  1390.362578  3
  36.247633  3.5
  504.076907  3.5
  1390.362399  3.5
  71.910143  2
  501.057914  2
  41.953679  2.5
  501.133874  2.5
  63.272906  1
  48.332655  1.5
