  66.185869  10
  72.432505  10
  150.243695  10
  224.202194  10
  332.282964  10
  467.900619  10
  631.066547  10
  821.628119  10
  1039.523957  10
  1284.723173  10
  0.000576  10.5
  107.738299  10.5
  141.373647  10.5
  224.924909  10.5
  332.257942  10.5
  467.901078  10.5
  631.066542  10.5
  821.628119  10.5
  1039.523957  10.5
  1284.723173  10.5
  57.438997  9
  65.718107  9
  136.477329  9
  213.099753  9
  321.376716  9
  457.194199  9
  620.469136  9
  811.099101  9
  1029.040664  9
  0.001596  9.5
  93.183379  9.5
  130.972069  9.5
  213.439769  9.5
  321.367709  9.5
  457.194321  9.5
  620.469135  9.5
  811.099101  9.5
  1029.040664  9.5
  48.766193  8
  59.362734  8
  124.671299  8
  203.235628  8
  311.703774  8
  447.668254  8
  611.025480  8
  801.707108  8
  0.004360  8.5
  79.894508  8.5
  121.519274  8.5
  203.379355  8.5
  311.700986  8.5
  447.668281  8.5
  611.025480  8.5
  801.707108  8.5
  40.356380  7
  53.438626  7
  114.713095  7
  194.599573  7
  303.233547  7
  439.304821  7
  602.722769  7
  0.011697  7.5
  68.029376  7.5
  113.078919  7.5
  194.652400  7.5
  303.232846  7.5
  439.304825  7.5
  602.722769  7.5
  32.426538  6
  48.020358  6
  106.448655  6
  187.174433  6
  295.940686  6
  432.088123  6
  0.030636  6.5
  57.715102  6.5
  105.703128  6.5
  187.190406  6.5
  295.940559  6.5
  432.088123  6.5
  25.186985  5
  43.183522  5
  99.716192  5
  180.939356  5
  289.804125  5
  0.077730  5.5
  49.048270  5.5
  99.431443  5.5
  180.942926  5.5
  289.804112  5.5
  18.812263  4
  39.004898  4
  94.372840  4
  175.872738  4
  0.189039  4.5
  42.089506  4.5
  94.290449  4.5
  175.873186  4.5
  13.423132  3
  35.564931  3
  90.308172  3
  0.435089  3.5
  36.851403  3.5
  90.294323  3.5
  9.077377  2
  32.953055  2
  0.935415  2.5
  33.284738  2.5
  5.765099  1
  1.859959  1.5
