  65.030599  10
  70.324971  10
  146.018571  10
  214.504572  10
  315.985080  10
  443.321323  10
  596.575391  10
  775.583397  10
  980.280827  10
  1210.635204  10
  0.000380  10.5
  106.161324  10.5
  136.399639  10.5
  215.356502  10.5
  315.953391  10.5
  443.321945  10.5
  596.575384  10.5
  775.583398  10.5
  980.280827  10.5
  1210.635204  10.5
  56.530670  9
  63.694483  9
  132.009901  9
  203.319192  9
  304.986559  9
  432.536671  9
  585.906239  9
  764.986701  9
  969.732560  9
  0.001094  9.5
  91.651016  9.5
  125.999624  9.5
  203.721016  9.5
  304.975141  9.5
  432.536837  9.5
  585.906238  9.5
  764.986701  9.5
  969.732560  9.5
  48.058130  8
  57.403735  8
  119.992844  8
  193.380307  8
  295.238471  8
  422.944753  8
  576.401261  8
  755.536296  8
  0.003109  8.5
  78.359063  8.5
  116.532327  8.5
  193.550465  8.5
  295.234933  8.5
  422.944788  8.5
  576.401261  8.5
  755.536296  8.5
  39.794944  7
  51.526766  7
  109.868865  7
  184.679905  7
  286.707235  7
  414.526247  7
  568.046680  7
  0.008676  7.5
  66.458735  7.5
  108.067069  7.5
  184.742525  7.5
  286.706346  7.5
  414.526252  7.5
  568.046680  7.5
  31.962379  6
  46.140672  6
  101.485641  6
  177.201612  6
  279.365268  6
  407.264186  6
  0.023637  6.5
  56.089920  6.5
  100.661182  6.5
  177.220562  6.5
  279.365106  6.5
  407.264187  6.5
  24.783272  5
  41.323862  5
  94.674198  5
  170.924285  5
  273.189778  5
  0.062365  5.5
  47.360090  5.5
  94.358684  5.5
  170.928522  5.5
  273.189762  5.5
  18.447519  4
  37.155817  4
  89.281081  4
  165.825380  4
  0.157585  4.5
  40.339846  4.5
  89.189677  4.5
  165.825912  4.5
  13.089785  3
  33.719305  3
  85.186121  3
  0.376117  3.5
  35.050766  3.5
  85.170745  3.5
  8.778075  2
  31.105810  2
  0.835687  2.5
  31.449810  2.5
  5.508066  1
  1.708872  1.5
