  60.812170  10
  63.512438  10
  133.502660  10
  184.229445  10
  264.880871  10
  365.954967  10
  487.819975  10
  630.252827  10
  793.175220  10
  976.547611  10
  0.000072  10.5
  101.127008  10.5
  120.785067  10.5
  185.779899  10.5
  264.805213  10.5
  365.956885  10.5
  487.819947  10.5
  630.252827  10.5
  793.175220  10.5
  976.547611  10.5
  53.225193  9
  57.205209  9
  118.595059  9
  172.710944  9
  253.475732  9
  354.831702  9
  476.840931  9
  619.364271  9
  782.347073  9
  0.000243  9.5
  86.901189  9.5
  110.415278  9.5
  173.451988  9.5
  253.448338  9.5
  354.832217  9.5
  476.840926  9.5
  619.364271  9.5
  782.347073  9.5
  45.533385  8
  51.164155  8
  105.736699  8
  162.463045  8
  243.399523  8
  344.954630  8
  467.071412  8
  609.662222  8
  0.000810  8.5
  73.669390  8.5
  100.904994  8.5
  162.779748  8.5
  243.391006  8.5
  344.954741  8.5
  467.071411  8.5
  609.662222  8.5
  37.865386  7
  45.467996  7
  94.914811  7
  153.491479  7
  234.603499  7
  336.298440  7
  458.493330  7
  0.002647  7.5
  61.676279  7.5
  92.347208  7.5
  153.608762  7.5
  234.601353  7.5
  336.298457  7.5
  458.493330  7.5
  30.432449  6
  40.202596  6
  86.013972  6
  145.786484  6
  227.049226  6
  328.840882  6
  0.008446  6.5
  51.120492  6.5
  84.821767  6.5
  145.822127  6.5
  227.048833  6.5
  328.840884  6.5
  23.492458  5
  35.457561  5
  78.853272  5
  139.327801  5
  220.705869  5
  0.026083  5.5
  42.157405  5.5
  78.392634  5.5
  139.335793  5.5
  220.705830  5.5
  17.294651  4
  31.323935  4
  73.240315  4
  134.089983  4
  0.076952  4.5
  34.899486  4.5
  73.106085  4.5
  134.090988  4.5
  12.033631  3
  27.894775  3
  69.012858  3
  0.213041  3.5
  29.406492  3.5
  68.990201  3.5
  7.823653  2
  25.270333  2
  0.541899  2.5
  25.664400  2.5
  4.686936  1
  1.243093  1.5
