  74.073452  10
  90.236811  10
  190.096427  10
  309.982800  10
  475.601043  10
  683.189222  10
  932.599818  10
  1223.728226  10
  1556.528937  10
  1930.979041  10
  0.006818  10.5
  121.689229  10.5
  185.164175  10.5
  310.220473  10.5
  475.595889  10.5
  683.189282  10.5
  932.599818  10.5
  1223.728226  10.5
  1556.528937  10.5
  1930.979041  10.5
  63.820604  9
  83.003440  9
  177.764551  9
  299.347191  9
  465.167547  9
  672.890214  9
  922.377007  9
  1213.553271  9
  1546.386003  9
  0.014997  9.5
  107.082054  9.5
  174.800210  9.5
  299.457857  9.5
  465.165700  9.5
  672.890230  9.5
  922.377007  9.5
  1213.553271  9.5
  1546.386003  9.5
  53.988771  8
  76.245814  8
  167.114126  8
  289.891249  8
  455.882941  8
  663.708471  8
  913.254034  8
  1204.467222  8
  0.032513  8.5
  93.959781  8.5
  165.459442  8.5
  289.937679  8.5
  455.882371  8.5
  663.708474  8.5
  913.254034  8.5
  1204.467222  8.5
  44.746798  7
  70.022446  7
  158.017683  7
  281.599519  7
  447.729808  7
  655.632881  7
  905.222959  7
  0.069229  7.5
  82.405430  7.5
  157.175713  7.5
  281.616493  7.5
  447.729665  7.5
  655.632882  7.5
  905.222959  7.5
  36.247548  6
  64.392392  6
  150.353994  6
  274.455354  6
  440.693178  6
  648.653676  6
  0.144094  6.5
  72.481574  6.5
  149.974845  6.5
  274.460467  6.5
  440.693152  6.5
  648.653676  6.5
  28.616062  5
  59.415846  5
  144.018229  5
  268.442248  5
  434.760305  5
  0.291493  5.5
  64.225899  5.5
  143.874663  5.5
  268.443388  5.5
  434.760302  5.5
  21.942222  4
  55.155762  4
  138.926738  4
  263.544930  4
  0.569324  4.5
  57.644270  4.5
  138.885429  4.5
  263.545073  4.5
  16.276609  3
  51.680649  3
  135.017689  3
  1.066376  3.5
  52.703635  3.5
  135.010770  3.5
  11.628051  2
  49.068442  2
  1.904417  2.5
  49.329298  2.5
  7.962205  1
  3.230816  1.5
