  56.820626  10
  58.077494  10
  125.136325  10
  161.677572  10
  226.518463  10
  307.320254  10
  405.054905  10
  519.394082  10
  650.242201  10
  797.550409  10
  0.000012  10.5
  97.029341  10.5
  108.982232  10.5
  164.405367  10.5
  226.342126  10.5
  307.326017  10.5
  405.054800  10.5
  519.394084  10.5
  650.242201  10.5
  797.550409  10.5
  50.062940  9
  52.102855  9
  109.430402  9
  149.801900  9
  214.585337  9
  295.774638  9
  393.690503  9
  508.143695  9
  639.067779  9
  0.000047  9.5
  83.316983  9.5
  98.689939  9.5
  151.134770  9.5
  214.520991  9.5
  295.776192  9.5
  393.690483  9.5
  508.143695  9.5
  639.067779  9.5
  43.148537  8
  46.322499  8
  95.713477  8
  139.202853  8
  204.091432  8
  285.542667  8
  383.592811  8
  498.130242  8
  0.000184  8.5
  70.291468  8.5
  89.161743  8.5
  139.781158  8.5
  204.071317  8.5
  285.543003  8.5
  383.592808  8.5
  498.130242  8.5
  36.127756  7
  40.814903  7
  84.098072  7
  129.910958  7
  194.962710  7
  276.591406  7
  374.738073  7
  0.000719  7.5
  58.285466  7.5
  80.517245  7.5
  130.127274  7.5
  194.957623  7.5
  276.591458  7.5
  374.738073  7.5
  29.154918  6
  35.671923  6
  74.562301  6
  121.931510  6
  187.143851  6
  268.891767  6
  0.002733  6.5
  47.578230  6.5
  72.863490  6.5
  121.997678  6.5
  187.142918  6.5
  268.891771  6.5
  22.487170  5
  30.994220  5
  66.955780  5
  115.250289  5
  180.592369  5
  0.010063  5.5
  38.389559  5.5
  66.289871  5.5
  115.265188  5.5
  180.592275  5.5
  16.425136  4
  26.886398  4
  61.060063  4
  109.841097  4
  0.035337  4.5
  30.883755  4.5
  60.864328  4.5
  109.842976  4.5
  11.233930  3
  23.454667  3
  56.664408  3
  0.115838  3.5
  25.166235  3.5
  56.631210  3.5
  7.088507  2
  20.810395  2
  0.344359  2.5
  21.261393  2.5
  4.048520  1
  0.901945  1.5
