  53.130460  10
  53.656331  10
  119.690326  10
  144.836095  10
  197.707752  10
  262.515427  10
  341.387982  10
  433.795736  10
  539.622768  10
  658.807694  10
  0.000002  10.5
  93.351171  10.5
  99.940663  10.5
  149.436765  10.5
  197.305087  10.5
  262.532461  10.5
  341.387581  10.5
  433.795741  10.5
  539.622768  10.5
  658.807694  10.5
  47.066973  9
  48.016357  9
  103.385915  9
  132.598985  9
  185.070372  9
  250.441197  9
  329.542216  9
  422.095151  9
  528.018590  9
  0.000007  9.5
  80.424584  9.5
  89.784969  9.5
  134.929379  9.5
  184.921545  9.5
  250.445816  9.5
  329.542140  9.5
  422.095152  9.5
  528.018590  9.5
  40.860361  8
  42.505700  8
  88.882446  8
  121.614029  8
  174.035264  8
  239.765769  8
  319.035864  8
  411.695117  8
  0.000036  8.5
  67.806449  8.5
  80.274595  8.5
  122.650893  8.5
  173.988325  8.5
  239.766771  8.5
  319.035854  8.5
  411.695117  8.5
  34.494266  7
  37.196137  7
  76.431515  7
  111.950626  7
  164.484077  7
  230.446814  7
  309.837559  7
  0.000169  7.5
  55.903572  7.5
  71.556256  7.5
  112.344888  7.5
  164.472134  7.5
  230.446970  7.5
  309.837558  7.5
  28.035541  6
  32.180247  6
  66.151820  6
  103.641698  6
  156.333406  6
  222.446419  6
  0.000783  6.5
  45.096508  6.5
  63.768270  6.5
  103.763549  6.5
  156.331208  6.5
  222.446432  6.5
  21.688631  5
  27.567448  5
  57.986101  5
  96.687982  5
  149.522848  5
  0.003512  5.5
  35.694435  5.5
  57.031526  5.5
  96.715593  5.5
  149.522626  5.5
  15.775985  4
  23.476952  4
  51.726614  4
  91.067119  4
  0.015014  4.5
  27.930435  4.5
  51.442353  4.5
  91.070613  4.5
  10.636619  3
  20.031351  3
  47.116185  3
  0.059687  3.5
  21.965645  3.5
  47.067632  3.5
  6.523009  2
  17.356500  2
  0.212565  2.5
  17.872817  2.5
  3.546776  1
  0.649713  1.5
