  74.578881  10
  91.592862  10
  193.340520  10
  316.713931  10
  486.806317  10
  699.985171  10
  956.099288  10
  1255.046030  10
  1596.780630  10
  1981.280554  10
  0.007815  10.5
  122.795728  10.5
  188.593567  10.5
  316.935708  10.5
  486.801644  10.5
  699.985224  10.5
  956.099288  10.5
  1255.046030  10.5
  1596.780630  10.5
  1981.280554  10.5
  64.244139  9
  84.329651  9
  181.082986  9
  306.102295  9
  476.395399  9
  689.705856  9
  945.894629  9
  1244.888260  9
  1586.654236  9
  0.016974  9.5
  108.196193  9.5
  178.233848  9.5
  306.205518  9.5
  476.393724  9.5
  689.705870  9.5
  945.894628  9.5
  1244.888260  9.5
  1586.654236  9.5
  54.350857  8
  77.548635  8
  170.489126  8
  296.666824  8
  467.129459  8
  680.540778  8
  936.787215  8
  1235.817077  8
  0.036339  8.5
  95.090730  8.5
  168.900371  8.5
  296.710118  8.5
  467.128942  8.5
  680.540781  8.5
  936.787215  8.5
  1235.817077  8.5
  45.064294  7
  71.307500  7
  161.433384  7
  288.392093  7
  458.991635  7
  672.479148  7
  928.769336  7
  0.076409  7.5
  83.558916  7.5
  160.625560  7.5
  288.407917  7.5
  458.991506  7.5
  672.479148  7.5
  928.769336  7.5
  36.532685  6
  65.664478  6
  153.797618  6
  281.261669  6
  451.967415  6
  665.511477  6
  0.157071  6.5
  73.660135  6.5
  153.434033  6.5
  281.266435  6.5
  451.967392  6.5
  665.511477  6.5
  28.876364  5
  60.679013  5
  147.480290  5
  275.259369  5
  446.044430  5
  0.313902  5.5
  65.429039  5.5
  147.342667  5.5
  275.260432  5.5
  446.044428  5.5
  22.181080  4
  56.413406  4
  142.400632  4
  270.370283  4
  0.605989  4.5
  58.868755  4.5
  142.361042  4.5
  270.370416  4.5
  16.494196  3
  52.935580  3
  138.499007  3
  1.122802  3.5
  53.944206  3.5
  138.492377  3.5
  11.822409  2
  50.322843  2
  1.985753  2.5
  50.579899  2.5
  8.130445  1
  3.340645  1.5
