  45.644047  10
  45.676274  10
  112.899827  10
  119.396077  10
  155.786468  10
  191.634393  10
  238.312461  10
  293.387752  10
  356.744395  10
  428.259009  10
  0.000000  10.5
  84.342551  10.5
  85.113459  10.5
  132.351791  10.5
  152.983601  10.5
  191.881270  10.5
  238.301384  10.5
  293.388026  10.5
  356.744392  10.5
  428.259009  10.5
  40.725723  9
  40.806151  9
  96.670376  9
  106.459240  9
  139.907279  9
  177.574097  9
  224.631731  9
  279.992562  9
  343.533229  9
  0.000000  9.5
  74.018038  9.5
  75.596288  9.5
  114.177710  9.5
  138.771627  9.5
  177.643614  9.5
  224.629591  9.5
  279.992595  9.5
  343.533229  9.5
  35.767497  8
  35.961284  8
  81.117891  8
  94.488629  8
  126.521255  8
  165.221884  8
  212.582877  8
  268.145992  8
  0.000000  8.5
  63.395578  8.5
  66.361598  8.5
  98.442904  8.5
  126.141110  8.5
  165.237364  8.5
  212.582586  8.5
  268.145994  8.5
  30.729614  7
  31.174723  7
  66.899250  7
  83.710454  7
  115.250616  7
  154.516155  7
  202.097625  7
  0.000002  7.5
  52.586077  7.5
  57.584241  7.5
  85.379095  7.5
  115.150164  7.5
  154.518601  7.5
  202.097604  7.5
  25.553596  6
  26.508510  6
  54.564232  6
  74.304655  6
  105.811200  6
  145.388558  6
  0.000016  6.5
  41.994373  6.5
  49.474620  6.5
  74.855579  6.5
  105.792265  6.5
  145.388765  6.5
  20.209034  5
  22.064574  5
  44.502681  5
  66.383690  5
  98.021239  5
  0.000136  5.5
  32.206784  5.5
  42.254027  5.5
  66.513360  5.5
  98.019302  5.5
  14.829189  4
  17.986832  4
  36.844058  4
  59.986739  4
  0.001081  4.5
  23.765268  4.5
  36.126885  4.5
  60.003496  4.5
  9.811135  3
  14.448936  3
  31.384451  3
  0.007994  3.5
  17.066656  3.5
  31.257307  3.5
  5.656341  2
  11.634964  2
  0.051742  2.5
  12.364519  2.5
  2.704139  1
  0.266617  1.5
