  61.592368  10
  64.678595  10
  135.502880  10
  189.275767  10
  273.427012  10
  378.934991  10
  506.092803  10
  654.691124  10
  824.654510  10
  1015.944901  10
  0.000100  10.5
  101.987105  10.5
  123.400518  10.5
  190.663987  10.5
  273.362680  10.5
  378.936546  10.5
  506.092781  10.5
  654.691124  10.5
  824.654510  10.5
  1015.944901  10.5
  53.837357  9
  58.309518  9
  120.760396  9
  177.822398  9
  262.106639  9
  367.881431  9
  495.177473  9
  643.862510  9
  813.883803  9
  0.000327  9.5
  87.691910  9.5
  113.021771  9.5
  178.483887  9.5
  262.083371  9.5
  367.881848  9.5
  495.177469  9.5
  643.862510  9.5
  813.883803  9.5
  45.996470  8
  52.220512  8
  108.064618  8
  167.636136  8
  252.098397  8
  358.063008  8
  485.462298  8
  634.212111  8
  0.001054  8.5
  74.439046  8.5
  103.517969  8.5
  167.918248  8.5
  252.091170  8.5
  358.063098  8.5
  485.462297  8.5
  634.212111  8.5
  38.211272  7
  46.489728  7
  97.382852  7
  158.719380  7
  243.356994  7
  349.455657  7
  476.930093  7
  0.003339  7.5
  62.458134  7.5
  94.977371  7.5
  158.823706  7.5
  243.355174  7.5
  349.455671  7.5
  476.930093  7.5
  30.698472  6
  41.201517  6
  88.588545  6
  151.060588  6
  235.846399  6
  342.038235  6
  0.010327  6.5
  51.935228  6.5
  87.475215  6.5
  151.092263  6.5
  235.846067  6.5
  342.038236  6.5
  23.711396  5
  36.443332  5
  81.500559  5
  144.639029  5
  229.537519  5
  0.030920  5.5
  43.015646  5.5
  81.071307  5.5
  144.646128  5.5
  229.537486  5.5
  17.488194  4
  32.303869  4
  75.933408  4
  139.429696  4
  0.088471  4.5
  35.803344  4.5
  75.808484  4.5
  139.430588  4.5
  12.211256  3
  28.874041  3
  71.733403  3
  0.237817  3.5
  30.350341  3.5
  71.712333  3.5
  7.985090  2
  26.252293  2
  0.588814  2.5
  26.636429  2.5
  4.826166  1
  1.320096  1.5
