  126.061038  10
  304.334339  10
  762.256858  10
  1441.496275  10
  2348.569544  10
  3482.786645  10
  4844.006508  10
  6432.175138  10
  8247.268403  10
  10289.274194  10
  2.744754  10.5
  320.815475  10.5
  761.868953  10.5
  1441.499351  10.5
  2348.569533  10.5
  3482.786645  10.5
  4844.006508  10.5
  6432.175138  10.5
  8247.268403  10.5
  10289.274194  10.5
  112.015963  9
  295.565131  9
  752.037637  9
  1431.626806  9
  2338.808391  9
  3473.080581  9
  4834.332087  9
  6422.520557  9
  8237.627076  9
  3.601407  9.5
  307.707122  9.5
  751.810795  9.5
  1431.628227  9.5
  2338.808387  9.5
  3473.080581  9.5
  4834.332087  9.5
  6422.520557  9.5
  8237.627076  9.5
  98.941374  8
  287.560189  8
  742.941081  8
  1422.809437  8
  2330.083011  8
  3464.401790  8
  4825.680041  8
  6413.885271  8
  4.689634  8.5
  296.159343  8.5
  742.817084  8.5
  1422.810030  8.5
  2330.083010  8.5
  3464.401790  8.5
  4825.680041  8.5
  6413.885271  8.5
  86.842390  7
  280.350487  7
  734.949546  7
  1415.039818  7
  2322.390638  7
  3456.748411  7
  4818.049030  7
  6.057749  7.5
  286.143033  7.5
  734.887434  7.5
  1415.040033  7.5
  2322.390638  7.5
  3456.748411  7.5
  4818.049030  7.5
  75.716863  6
  273.969073  6
  728.048445  6
  1408.314071  6
  2315.728832  6
  3450.118801  6
  7.759261  6.5
  277.622265  6.5
  728.020797  6.5
  1408.314136  6.5
  2315.728832  6.5
  3450.118801  6.5
  65.555293  5
  268.451381  5
  722.225997  5
  1402.628816  5
  2310.095485  5
  9.852070  5.5
  270.554977  5.5
  722.215616  5.5
  1402.628830  5.5
  2310.095485  5.5
  56.340791  4
  263.835520  4
  717.472970  4
  1397.981176  4
  12.397345  4.5
  264.893939  4.5
  717.470001  4.5
  1397.981178  4.5
  48.049108  3
  260.162504  3
  713.782411  3
  15.458169  3.5
  260.587942  3.5
  713.781916  3.5
  40.648764  2
  257.476385  2
  19.098036  2.5
  257.583115  2.5
  34.101314  1
  23.379316  1.5
