  40.161991  10
  40.162131  10
  106.272962  10
  106.448035  10
  146.962310  10
  156.021792  10
  181.080480  10
  208.790370  10
  241.970340  10
  279.868620  10
  0.000000  10.5
  75.690519  10.5
  75.697951  10.5
  130.634362  10.5
  132.603530  10.5
  160.801969  10.5
  180.422703  10.5
  208.830796  10.5
  241.969129  10.5
  279.868635  10.5
  35.914105  9
  35.914747  9
  93.191743  9
  93.739765  9
  124.765673  9
  138.026956  9
  162.534515  9
  191.296712  9
  224.930173  9
  0.000000  9.5
  67.160121  9.5
  67.189139  9.5
  112.079898  9.5
  116.373672  9.5
  139.791167  9.5
  162.390905  9.5
  191.301894  9.5
  224.930101  9.5
  31.664057  8
  31.666912  8
  79.749719  8
  81.250558  8
  105.019811  8
  121.933321  8
  146.653640  8
  175.999331  8
  0.000000  8.5
  58.587476  8.5
  58.693804  8.5
  93.537638  8.5
  101.111733  8.5
  122.399025  8.5
  146.632449  8.5
  175.999675  8.5
  27.408307  7
  27.420471  7
  65.879494  7
  69.257462  7
  88.593756  7
  107.965182  7
  133.077949  7
  0.000000  7.5
  49.903084  7.5
  50.259027  7.5
  76.185196  7.5
  87.278745  7.5
  108.046634  7.5
  133.076330  7.5
  23.134928  6
  23.183826  6
  52.127142  6
  58.158302  6
  75.540577  6
  96.160141  6
  0.000000  6.5
  40.970344  6.5
  42.007045  6.5
  61.173865  6.5
  75.254512  6.5
  96.167488  6.5
  18.806749  5
  18.986947  5
  39.579043  5
  48.389286  5
  65.276922  5
  0.000000  5.5
  31.744480  5.5
  34.180482  5.5
  49.258968  5.5
  65.245298  5.5
  14.339649  4
  14.915456  4
  29.234640  4
  40.309678  4
  0.000008  4.5
  22.737256  4.5
  27.139245  4.5
  40.435139  4.5
  9.711294  3
  11.155445  3
  21.714316  3
  0.000192  3.5
  14.931917  3.5
  21.283116  3.5
  5.380018  2
  7.998537  2
  0.004125  2.5
  9.130543  2.5
  2.186633  1
  0.064689  1.5
