  43.230585  10
  43.237073  10
  110.711430  10
  113.216474  10
  148.322456  10
  173.809152  10
  210.869967  10
  254.699770  10
  305.377360  10
  362.711119  10
  0.000000  10.5
  80.710627  10.5
  80.913510  10.5
  130.834234  10.5
  142.560231  10.5
  174.582597  10.5
  210.822023  10.5
  254.701357  10.5
  305.377333  10.5
  362.711119  10.5
  38.618527  9
  38.637924  9
  95.516647  9
  100.197301  9
  130.056606  9
  158.495794  9
  195.943773  9
  240.183051  9
  291.111646  9
  0.000000  9.5
  71.266581  9.5
  71.773611  9.5
  111.621827  9.5
  127.471693  9.5
  158.723235  9.5
  195.934314  9.5
  240.183244  9.5
  291.111645  9.5
  33.990413  8
  34.046493  8
  80.270641  8
  87.896379  8
  114.821710  8
  145.048483  8
  182.867864  8
  227.386404  8
  0.000000  8.5
  61.603228  8.5
  62.776396  8.5
  94.323726  8.5
  113.893615  8.5
  145.100566  8.5
  182.866557  8.5
  227.386416  8.5
  29.324312  7
  29.479304  7
  65.699529  7
  76.609133  7
  102.255749  7
  133.428333  7
  171.535798  7
  0.000000  7.5
  51.635299  7.5
  54.066375  7.5
  79.577583  7.5
  101.999838  7.5
  133.436714  7.5
  171.535702  7.5
  24.573743  6
  24.975566  6
  52.587460  6
  66.611207  6
  91.910109  6
  123.559916  6
  0.000002  6.5
  41.497540  6.5
  45.855510  6.5
  67.660249  6.5
  91.860653  6.5
  123.560636  6.5
  19.669563  5
  20.615481  5
  41.570372  5
  58.112133  5
  83.463787  5
  0.000022  5.5
  31.713821  5.5
  38.403496  5.5
  58.369168  5.5
  83.458653  5.5
  14.611233  4
  16.536426  4
  33.045372  4
  51.224547  4
  0.000248  4.5
  22.992196  4.5
  31.977736  4.5
  51.258457  4.5
  9.684892  3
  12.930729  3
  27.006526  3
  0.002623  3.5
  15.917106  3.5
  26.810713  3.5
  5.471020  2
  10.019443  2
  0.024123  2.5
  10.871869  2.5
  2.467940  1
  0.170705  1.5
