  38.000285  10
  38.000285  10
  102.000595  10
  102.000595  10
  150.000250  10
  150.000250  10
  181.997042  10
  181.997495  10
  197.614509  10
  198.410055  10
  0.000000  10.5
  72.000491  10.5
  72.000491  10.5
  128.000549  10.5
  128.000549  10.5
  167.999439  10.5
  167.999441  10.5
  191.969888  10.5
  192.008519  10.5
  200.041833  10.5
  34.000253  9
  34.000253  9
  90.000483  9
  90.000483  9
  129.999895  9
  129.999896  9
  153.980660  9
  154.005860  9
  162.027793  9
  -0.000000  9.5
  64.000424  9.5
  64.000424  9.5
  112.000364  9.5
  112.000364  9.5
  143.998406  9.5
  143.998641  9.5
  159.686525  9.5
  160.330285  9.5
  30.000220  8
  30.000220  8
  78.000364  8
  78.000364  8
  109.999284  8
  109.999396  8
  125.751609  8
  126.259487  8
  -0.000000  8.5
  56.000355  8.5
  56.000355  8.5
  96.000141  8.5
  96.000141  8.5
  119.988300  8.5
  120.003888  8.5
  128.017637  8.5
  26.000187  7
  26.000187  7
  66.000229  7
  66.000229  7
  89.993461  7
  90.002468  7
  98.010575  7
  0.000000  7.5
  48.000284  7.5
  48.000284  7.5
  79.999796  7.5
  79.999844  7.5
  95.809540  7.5
  96.197476  7.5
  22.000154  6
  22.000154  6
  54.000045  6
  54.000063  6
  69.860125  6
  70.144083  6
  0.000000  6.5
  40.000208  6.5
  40.000208  6.5
  63.996731  6.5
  64.001480  6.5
  72.005901  6.5
  18.000120  5
  18.000120  5
  41.998621  5
  42.000820  5
  50.002999  5
  -0.000000  5.5
  32.000117  5.5
  32.000123  5.5
  47.903202  5.5
  48.099158  5.5
  14.000084  4
  14.000084  4
  29.938636  4
  30.062572  4
  0.000000  4.5
  23.999568  4.5
  24.000400  4.5
  32.001344  4.5
  9.999933  3
  10.000147  3
  18.000504  3
  0.000000  3.5
  15.966326  3.5
  16.034210  3.5
  5.986231  2
  6.013945  2
  0.000000  2.5
  8.000144  2.5
  2.000024  1
  0.000008  1.5
