  206.780385  10
  743.158615  10
  1973.695431  10
  3816.916463  10
  6275.640148  10
  9349.380617  10
  13038.010467  10
  17341.481658  10
  22259.772788  10
  27792.873138  10
  20.739907  10.5
  753.529284  10.5
  1973.608980  10.5
  3816.916713  10.5
  6275.640148  10.5
  9349.380617  10.5
  13038.010467  10.5
  17341.481658  10.5
  22259.772788  10.5
  27792.873138  10.5
  189.708578  9
  733.748379  9
  1963.693763  9
  3807.155543  9
  6265.969184  9
  9339.754881  9
  13028.410640  9
  17331.898049  9
  22250.200002  9
  23.999523  9.5
  741.327380  9.5
  1963.643293  9.5
  3807.155658  9.5
  6265.969184  9.5
  9339.754881  9.5
  13028.410640  9.5
  17331.898049  9.5
  22250.200002  9.5
  173.586661  8
  725.216605  8
  1954.758807  8
  3798.426965  8
  6257.319232  8
  9331.144416  8
  13019.822786  8
  17323.324345  8
  27.680944  8.5
  730.545016  8.5
  1954.731258  8.5
  3798.427013  8.5
  6257.319232  8.5
  9331.144416  8.5
  13019.822786  8.5
  17323.324345  8.5
  158.402926  7
  717.586843  7
  1946.885486  7
  3790.729107  7
  6249.689286  7
  9323.548543  7
  13012.246416  7
  31.821557  7.5
  721.152771  7.5
  1946.871703  7.5
  3790.729124  7.5
  6249.689286  7.5
  9323.548543  7.5
  13012.246416  7.5
  144.142979  6
  710.883712  6
  1940.069543  6
  3784.060534  6
  6243.078459  6
  9316.966663  6
  36.459370  6.5
  713.119839  6.5
  1940.063414  6.5
  3784.060540  6.5
  6243.078459  6.5
  9316.966663  6.5
  130.789769  5
  705.132938  5
  1934.307477  5
  3778.420003  5
  6237.485982  5
  41.632677  5.5
  706.414323  5.5
  1934.305177  5.5
  3778.420004  5.5
  6237.485982  5.5
  118.323629  4
  700.361365  4
  1929.596488  4
  3773.806460  4
  47.379714  4.5
  701.003533  4.5
  1929.595830  4.5
  3773.806460  4.5
  106.722341  3
  696.596954  3
  1925.934415  3
  53.738321  3.5
  696.854280  3.5
  1925.934305  3.5
  95.961223  2
  693.868752  2
  60.745607  2.5
  693.933166  2.5
  86.013238  1
  68.437637  1.5
