  55.006326  10
  55.845509  10
  122.220768  10
  152.977210  10
  211.644063  10
  284.318551  10
  372.436591  10
  475.589949  10
  593.673549  10
  726.633004  10
  0.000004  10.5
  95.237331  10.5
  104.347980  10.5
  156.504290  10.5
  211.381288  10.5
  284.328263  10.5
  372.436390  10.5
  475.589952  10.5
  593.673549  10.5
  726.633004  10.5
  48.600302  9
  50.031885  9
  106.196890  9
  140.926948  9
  199.399405  9
  272.534036  9
  360.854587  9
  464.135800  9
  582.304468  9
  0.000020  9.5
  81.867697  9.5
  94.113207  9.5
  142.676791  9.5
  199.303005  9.5
  272.536660  9.5
  360.854549  9.5
  464.135800  9.5
  582.304468  9.5
  42.037966  8
  44.380154  8
  92.087778  8
  130.146228  8
  188.663843  8
  262.101589  8
  350.571981  8
  453.947258  8
  0.000086  8.5
  69.009113  8.5
  84.588381  8.5
  130.913455  8.5
  188.633595  8.5
  262.102157  8.5
  350.571976  8.5
  453.947258  8.5
  35.334073  7
  38.966424  7
  80.072198  7
  120.682343  7
  179.345207  7
  252.983980  7
  341.561653  7
  0.000366  7.5
  57.035226  7.5
  75.906299  7.5
  120.971300  7.5
  179.337538  7.5
  252.984068  7.5
  341.561653  7.5
  28.602614  6
  33.883706  6
  70.191437  6
  112.552013  6
  171.376563  6
  245.148154  6
  0.001526  6.5
  46.272180  6.5
  68.188597  6.5
  112.640786  6.5
  171.375155  6.5
  245.148161  6.5
  22.082176  5
  29.237319  5
  62.331406  5
  105.746801  5
  164.707845  5
  0.006155  5.5
  36.979098  5.5
  61.539012  5.5
  105.766844  5.5
  164.707704  5.5
  16.089156  4
  25.138846  4
  56.272409  4
  100.241574  4
  0.023685  4.5
  29.350616  4.5
  56.038192  4.5
  100.244105  4.5
  10.924511  3
  21.701952  3
  51.780262  3
  0.084900  3.5
  23.517369  3.5
  51.740416  3.5
  6.798222  2
  19.044469  2
  0.274324  2.5
  19.525673  2.5
  3.792808  1
  0.771461  1.5
