  214.012128  10
  785.621250  10
  2091.285540  10
  4047.423647  10
  6656.694583  10
  9918.617766  10
  13833.066272  10
  18399.992260  10
  23619.374417  10
  29491.202071  10
  22.981540  10.5
  795.700405  10.5
  2091.206478  10.5
  4047.423863  10.5
  6656.694583  10.5
  9918.617766  10.5
  13833.066272  10.5
  18399.992260  10.5
  23619.374417  10.5
  29491.202071  10.5
  196.701517  9
  776.178699  9
  2081.290534  9
  4037.666373  9
  6647.026642  9
  9908.994725  9
  13823.468949  9
  18390.411034  9
  23609.803932  9
  26.456420  9.5
  783.542600  9.5
  2081.244379  9.5
  4037.666472  9.5
  6647.026642  9.5
  9908.994725  9.5
  13823.468949  9.5
  18390.411034  9.5
  23609.803932  9.5
  180.337773  8
  767.620537  8
  2072.360593  8
  4028.940776  8
  6638.379219  8
  9900.386552  8
  13814.883250  8
  18381.839397  8
  30.362814  8.5
  772.796422  8.5
  2072.335401  8.5
  4028.940817  8.5
  6638.379219  8.5
  9900.386552  8.5
  13814.883250  8.5
  18381.839397  8.5
  164.908880  7
  759.969871  7
  2064.490995  7
  4021.245326  7
  6630.751368  7
  9892.792610  7
  13807.308715  7
  34.737188  7.5
  763.432955  7.5
  2064.478392  7.5
  4021.245341  7.5
  6630.751368  7.5
  9892.792610  7.5
  13807.308715  7.5
  150.400302  6
  753.250828  6
  2057.677774  6
  4014.578672  6
  6624.142252  6
  9886.212333  6
  39.616516  6.5
  755.422045  6.5
  2057.672170  6.5
  4014.578676  6.5
  6624.142252  6.5
  9886.212333  6.5
  136.795002  5
  747.488580  5
  2051.917667  5
  4008.939642  5
  6618.551147  5
  45.037976  5.5
  748.732566  5.5
  2051.915565  5.5
  4008.939643  5.5
  6618.551147  5.5
  124.073491  4
  742.709353  4
  2047.208061  4
  4004.327243  4
  51.038637  4.5
  743.332696  4.5
  2047.207460  4.5
  4004.327243  4.5
  112.213887  3
  738.940425  3
  2043.546935  3
  57.655146  3.5
  739.190182  3.5
  2043.546835  3.5
  101.191996  2
  736.210090  2
  64.923426  2.5
  736.272605  2.5
  90.981420  1
  72.878392  1.5
