  39.612152  10
  39.612191  10
  105.249035  10
  105.316257  10
  147.953701  10
  153.748838  10
  177.133832  10
  200.958126  10
  230.344341  10
  264.059199  10
  0.000000  10.5
  74.760094  10.5
  74.762486  10.5
  130.324414  10.5
  131.270432  10.5
  160.631329  10.5
  175.877341  10.5
  201.053154  10.5
  230.340973  10.5
  264.059245  10.5
  35.427734  9
  35.427937  9
  92.501916  9
  92.748258  9
  125.368620  9
  135.093541  9
  157.108899  9
  182.412320  9
  212.322494  9
  0.000000  9.5
  66.370094  9.5
  66.380909  9.5
  112.432925  9.5
  114.923750  9.5
  137.922135  9.5
  156.817370  9.5
  182.424863  9.5
  212.322292  9.5
  31.242050  8
  31.243093  8
  79.507208  8
  80.305719  8
  104.610552  8
  118.211573  8
  140.171149  8
  166.231959  8
  0.000000  8.5
  57.956852  8.5
  58.002825  8.5
  94.131514  8.5
  99.324078  8.5
  119.022095  8.5
  140.126568  8.5
  166.232808  8.5
  27.053220  7
  27.058360  7
  66.073539  7
  68.214509  7
  86.923336  7
  103.465005  7
  125.791387  7
  0.000000  7.5
  49.476429  7.5
  49.655668  7.5
  76.430383  7.5
  84.979588  7.5
  103.613640  7.5
  125.787905  7.5
  22.854312  6
  22.878211  6
  52.430283  6
  56.861155  6
  72.824716  6
  90.988146  6
  0.000000  6.5
  40.814942  6.5
  41.427446  6.5
  60.673726  6.5
  72.373880  6.5
  91.001906  6.5
  18.620148  5
  18.722228  5
  39.603431  5
  46.730816  5
  61.876021  5
  0.000000  5.5
  31.838075  5.5
  33.528239  5.5
  47.907752  5.5
  61.824476  5.5
  14.277887  4
  14.657307  4
  28.778920  4
  38.269647  4
  0.000002  4.5
  22.852855  4.5
  26.320347  4.5
  38.447276  4.5
  9.753052  3
  10.854350  3
  20.779712  3
  0.000080  3.5
  14.863903  3.5
  20.250670  3.5
  5.402064  2
  7.617580  2
  0.002296  2.5
  8.835708  2.5
  2.138293  1
  0.047472  1.5
