  77.366598  10
  99.525411  10
  212.688585  10
  356.459344  10
  552.900283  10
  798.999759  10
  1094.593094  10
  1439.586968  10
  1833.940256  10
  2277.632254  10
  0.015833  10.5
  129.372317  10.5
  208.837211  10.5
  356.612020  10.5
  552.897522  10.5
  798.999785  10.5
  1094.593094  10.5
  1439.586968  10.5
  1833.940256  10.5
  2277.632254  10.5
  66.614663  9
  92.105456  9
  200.799871  9
  345.967743  9
  542.600476  9
  788.817625  9
  1084.478068  9
  1429.514099  9
  1823.895597  9
  0.032222  9.5
  114.830402  9.5
  198.502650  9.5
  346.038677  9.5
  542.599487  9.5
  788.817632  9.5
  1084.478068  9.5
  1429.514099  9.5
  1823.895597  9.5
  56.407756  8
  85.200933  8
  190.483267  8
  336.634183  8
  533.426534  8
  779.734826  8
  1075.447517  8
  1420.516376  8
  0.064645  8.5
  101.825375  8.5
  189.208294  8.5
  336.663894  8.5
  533.426229  8.5
  779.734828  8.5
  1075.447517  8.5
  1420.516376  8.5
  46.890278  7
  78.865279  7
  181.625743  7
  328.443756  7
  525.364246  7
  771.742145  7
  1067.494847  7
  0.127424  7.5
  90.419718  7.5
  180.979680  7.5
  328.454605  7.5
  525.364170  7.5
  771.742145  7.5
  1067.494847  7.5
  38.186193  6
  73.152630  6
  174.125736  6
  321.381332  6
  518.401303  6
  764.831471  6
  0.245760  6.5
  80.656713  6.5
  173.835659  6.5
  321.384597  6.5
  518.401289  6.5
  764.831471  6.5
  30.392279  5
  68.118742  5
  167.898221  5
  315.432453  5
  512.527173  5
  0.461552  5.5
  72.555713  5.5
  167.788605  5.5
  315.433180  5.5
  512.527171  5.5
  23.574064  4
  63.822710  4
  162.876438  4
  310.584051  4
  0.839681  4.5
  66.106383  4.5
  162.844940  4.5
  310.584143  4.5
  17.763401  3
  60.329505  3
  159.011306  3
  1.472350  3.5
  61.264240  3.5
  159.006034  3.5
  12.956926  2
  57.713152  2
  2.478276  2.5
  57.950743  2.5
  9.115219  1
  3.994690  1.5
