  71.408785  10
  83.519501  10
  174.378331  10
  276.979719  10
  420.594319  10
  600.682143  10
  817.124160  10
  1069.803683  10
  1358.670788  10
  1683.700352  10
  0.003179  10.5
  116.294282  10.5
  168.341447  10.5
  277.324063  10.5
  420.585613  10.5
  600.682260  10.5
  817.124159  10.5
  1069.803683  10.5
  1358.670788  10.5
  1683.700352  10.5
  61.619468  9
  76.450501  9
  161.616461  9
  266.206005  9
  410.027944  9
  590.267622  9
  806.794966  9
  1059.528061  9
  1348.431007  9
  0.007505  9.5
  101.664828  9.5
  157.957700  9.5
  266.366738  9.5
  410.024820  9.5
  590.267654  9.5
  806.794966  9.5
  1059.528061  9.5
  1348.431007  9.5
  52.136723  8
  69.821088  8
  150.633500  8
  256.631288  8
  400.633679  8
  580.988179  8
  797.580839  8
  1050.354964  8
  0.017467  8.5
  88.463618  8.5
  148.578062  8.5
  256.698847  8.5
  400.632714  8.5
  580.988186  8.5
  797.580839  8.5
  1050.354964  8.5
  43.145630  7
  63.694359  7
  141.295553  7
  248.240465  7
  392.390722  7
  572.830797  7
  789.472485  7
  0.039917  7.5
  76.793986  7.5
  140.244780  7.5
  248.265197  7.5
  392.390480  7.5
  572.830798  7.5
  789.472485  7.5
  34.823768  6
  58.134101  6
  133.465618  6
  241.015975  6
  385.281350  6
  565.784038  6
  0.089120  6.5
  66.736878  6.5
  132.990904  6.5
  241.023432  6.5
  385.281305  6.5
  565.784038  6.5
  27.323018  5
  53.204929  5
  127.020208  5
  234.939620  5
  379.290557  5
  0.193119  5.5
  58.347341  5.5
  126.840060  5.5
  234.941284  5.5
  379.290553  5.5
  20.757615  4
  48.973657  4
  121.858642  4
  229.994107  4
  0.402975  4.5
  51.647217  4.5
  121.806731  4.5
  229.994315  4.5
  15.197436  3
  45.512182  3
  117.905854  3
  0.802873  3.5
  46.615862  3.5
  117.897151  3.5
  10.664312  2
  42.901934  2
  1.515601  2.5
  43.184255  2.5
  7.129903  1
  2.696707  1.5
