  39.679029  10
  39.679075  10
  105.376535  10
  105.453385  10
  147.816606  10
  154.003801  10
  177.561158  10
  201.901506  10
  231.773668  10
  266.024178  10
  0.000000  10.5
  74.873611  10.5
  74.876411  10.5
  130.374834  10.5
  131.425152  10.5
  160.586558  10.5
  176.404991  10.5
  201.986423  10.5
  231.770726  10.5
  266.024218  10.5
  35.486910  9
  35.487149  9
  92.591042  9
  92.866665  9
  125.259193  9
  135.431236  9
  157.749742  9
  183.502013  9
  213.888793  9
  0.000000  9.5
  66.466809  9.5
  66.479216  9.5
  112.394150  9.5
  115.088873  9.5
  138.096455  9.5
  157.484037  9.5
  183.513171  9.5
  213.888617  9.5
  31.293434  8
  31.294634  8
  79.542985  8
  80.416175  8
  104.621234  8
  118.653436  8
  140.962374  8
  167.444687  8
  0.000000  8.5
  58.034787  8.5
  58.086460  8.5
  94.046258  8.5
  99.529502  8.5
  119.407734  8.5
  140.921965  8.5
  167.445440  8.5
  27.096551  7
  27.102344  7
  66.050277  7
  68.335373  7
  87.100022  7
  104.013011  7
  126.695294  7
  0.000000  7.5
  49.530554  7.5
  49.727835  7.5
  76.378900  7.5
  85.250897  7.5
  104.150327  7.5
  126.692148  7.5
  22.888779  6
  22.915177  6
  52.384791  6
  57.013866  6
  73.147980  6
  91.629180  6
  0.000000  6.5
  40.836232  6.5
  41.495776  6.5
  60.715117  6.5
  72.723195  6.5
  91.641842  6.5
  18.643476  5
  18.753952  5
  39.589952  5
  46.931268  5
  62.296299  5
  0.000000  5.5
  31.825657  5.5
  33.605271  5.5
  48.063029  5.5
  62.247980  5.5
  14.285902  4
  14.688042  4
  28.827761  4
  38.521979  4
  0.000003  4.5
  22.834433  4.5
  26.419194  4.5
  38.691647  4.5
  9.747100  3
  10.890705  3
  20.893464  3
  0.000090  3.5
  14.868970  3.5
  20.378404  3.5
  5.398174  2
  7.664818  2
  0.002490  2.5
  8.871299  2.5
  2.144140  1
  0.049538  1.5
