  81.385941  10
  112.209252  10
  244.595423  10
  421.019867  10
  660.080639  10
  959.428028  10
  1318.890825  10
  1738.385661  10
  2217.875485  10
  2757.341646  10
  0.038306  10.5
  140.199481  10.5
  241.712226  10.5
  421.111803  10.5
  660.079286  10.5
  959.428039  10.5
  1318.890825  10.5
  1738.385661  10.5
  2217.875485  10.5
  2757.341646  10.5
  70.127428  9
  104.586554  9
  233.125030  9
  410.668210  9
  649.906748  9
  949.356509  9
  1308.877948  9
  1728.409627  9
  2207.924105  9
  0.071923  9.5
  125.773949  9.5
  231.415976  9.5
  410.710849  9.5
  649.906264  9.5
  949.356512  9.5
  1308.877948  9.5
  1728.409627  9.5
  2207.924105  9.5
  59.533956  8
  97.520571  8
  223.117374  8
  401.452325  8
  640.837313  8
  940.367441  8
  1299.935048  8
  1719.495733  8
  0.133165  8.5
  112.927772  8.5
  222.173271  8.5
  401.470161  8.5
  640.837164  8.5
  940.367441  8.5
  1299.935048  8.5
  1719.495733  8.5
  49.720764  7
  91.059670  7
  214.478899  7
  393.358640  7
  632.860981  7
  932.453366  7
  1292.056786  7
  0.242414  7.5
  101.703309  7.5
  214.002136  7.5
  393.365145  7.5
  632.860944  7.5
  932.453366  7.5
  1292.056786  7.5
  40.782053  6
  85.253302  6
  207.128818  6
  386.373967  6
  625.967862  6
  925.607722  6
  0.432396  6.5
  92.124541  6.5
  206.915283  6.5
  386.375924  6.5
  625.967855  6.5
  925.607722  6.5
  32.787551  5
  80.153086  5
  201.000981  5
  380.486072  5
  620.149460  5
  0.752869  5.5
  84.192880  5.5
  200.920429  5.5
  380.486508  5.5
  620.149459  5.5
  25.780388  4
  75.814446  4
  196.043973  4
  375.684106  4
  1.274684  4.5
  77.883210  4.5
  196.020855  4.5
  375.684161  4.5
  19.775719  3
  72.298761  3
  192.220067  3
  2.091319  3.5
  73.142025  3.5
  192.216202  3.5
  14.759788  2
  69.675797  2
  3.316096  2.5
  69.889488  2.5
  10.689559  1
  5.074558  1.5
