  39.420097  10
  39.420119  10
  104.878770  10
  104.922940  10
  148.364448  10
  153.053255  10
  176.016512  10
  198.266848  10
  226.208770  10
  258.330932  10
  0.000000  10.5
  74.433606  10.5
  74.435066  10.5
  130.158123  10.5
  130.837114  10.5
  160.875335  10.5
  174.408802  10.5
  198.400272  10.5
  226.203691  10.5
  258.331007  10.5
  35.257767  9
  35.257891  9
  92.238204  9
  92.411245  9
  125.742561  9
  134.158031  9
  155.309381  9
  179.264377  9
  207.757903  9
  0.000000  9.5
  66.091482  9.5
  66.098517  9.5
  112.531468  9.5
  114.467894  9.5
  137.524307  9.5
  154.924139  9.5
  179.282251  9.5
  207.757597  9.5
  31.094409  8
  31.095083  8
  79.393511  8
  79.995481  8
  104.650843  8
  116.962563  8
  137.893749  8
  162.699149  8
  0.000000  8.5
  57.731280  8.5
  57.763160  8.5
  94.394478  8.5
  98.755026  8.5
  117.966992  8.5
  137.833742  8.5
  162.700371  8.5
  26.928584  7
  26.932120  7
  66.137181  7
  67.877505  7
  86.467844  7
  101.889368  7
  123.159840  7
  0.000000  7.5
  49.317570  7.5
  49.450237  7.5
  76.616231  7.5
  84.215396  7.5
  102.078135  7.5
  123.155100  7.5
  22.754837  6
  22.772348  6
  52.575015  6
  56.431469  6
  71.911213  6
  89.122910  6
  0.000000  6.5
  40.749498  6.5
  41.234746  6.5
  60.590989  6.5
  71.372139  6.5
  89.140617  6.5
  18.552152  5
  18.631868  5
  39.661445  5
  46.157085  5
  60.655768  5
  0.000000  5.5
  31.874762  5.5
  33.310966  5.5
  47.479676  5.5
  60.593076  5.5
  14.253932  4
  14.570156  4
  28.651065  4
  37.536330  4
  0.000001  4.5
  22.913628  4.5
  26.037640  4.5
  37.740345  4.5
  9.771632  3
  10.750355  3
  20.452776  3
  0.000055  3.5
  14.855446  3.5
  19.879360  3.5
  5.415561  2
  7.480066  2
  0.001782  2.5
  8.733911  2.5
  2.121550  1
  0.041582  1.5
