  57.898624  10
  59.467282  10
  127.113255  10
  167.274711  10
  236.066792  10
  321.988044  10
  425.801803  10
  547.215627  10
  686.139073  10
  842.526135  10
  0.000020  10.5
  98.101889  10.5
  111.934346  10.5
  169.616475  10.5
  235.926970  10.5
  321.992303  10.5
  425.801730  10.5
  547.215628  10.5
  686.139073  10.5
  842.526135  10.5
  50.923543  9
  53.400008  9
  111.612243  9
  155.499329  9
  224.294555  9
  310.568873  9
  414.552661  9
  536.073334  9
  675.068016  9
  0.000075  9.5
  84.221239  9.5
  101.615184  9.5
  156.635284  9.5
  224.243663  9.5
  310.570019  9.5
  414.552648  9.5
  536.073334  9.5
  675.068016  9.5
  43.798301  8
  47.546454  8
  98.129609  8
  145.001379  8
  213.926863  8
  300.443078  8
  404.553033  8
  526.152845  8
  0.000282  8.5
  71.121014  8.5
  92.088858  8.5
  145.491802  8.5
  213.910982  8.5
  300.443325  8.5
  404.553031  8.5
  526.152845  8.5
  36.595345  7
  41.985767  7
  86.740796  7
  135.803229  7
  204.898104  7
  291.580011  7
  395.780895  7
  0.001044  7.5
  59.108836  7.5
  83.467412  7.5
  135.986073  7.5
  204.894093  7.5
  291.580049  7.5
  395.780895  7.5
  29.489083  6
  36.808564  6
  77.392418  6
  127.904933  6
  197.158464  6
  283.952659  6
  0.003777  6.5
  48.439230  6.5
  75.849909  6.5
  127.960745  6.5
  197.157730  6.5
  283.952662  6.5
  22.741670  5
  32.112567  5
  69.919989  5
  121.289894  5
  190.669163  5
  0.013217  5.5
  39.312025  5.5
  69.318118  5.5
  121.302445  5.5
  190.669089  5.5
  16.641390  4
  27.998467  4
  64.109788  4
  115.931792  4
  0.044138  4.5
  31.875851  4.5
  63.933364  4.5
  115.933373  4.5
  11.433049  3
  24.568520  3
  59.764816  3
  0.137770  3.5
  26.222643  3.5
  59.734938  3.5
  7.273201  2
  21.930724  2
  0.391370  2.5
  22.365200  2.5
  4.209864  1
  0.986186  1.5
