  79.082072  10
  104.769384  10
  225.760453  10
  383.022902  10
  597.021441  10
  865.056728  10
  1186.959968  10
  1562.642513  10
  1992.065129  10
  2475.208062  10
  0.023522  10.5
  133.806876  10.5
  222.364036  10.5
  383.145256  10.5
  597.019419  10.5
  865.056746  10.5
  1186.959968  10.5
  1562.642513  10.5
  1992.065129  10.5
  2475.208062  10.5
  68.101148  9
  97.259585  9
  214.065560  9
  372.595492  9
  586.779837  9
  854.925664  9
  1176.892086  9
  1552.614325  9
  1982.063503  9
  0.046168  9.5
  119.310866  9.5
  212.045769  9.5
  372.652290  9.5
  586.779113  9.5
  854.925669  9.5
  1176.892086  9.5
  1552.614325  9.5
  1982.063503  9.5
  57.720697  8
  90.283755  8
  203.892719  8
  363.316050  8
  577.654170  8
  845.886129  8
  1167.901980  8
  1543.655276  8
  0.089337  8.5
  106.372337  8.5
  202.774245  8.5
  363.339825  8.5
  577.653946  8.5
  845.886130  8.5
  1167.901980  8.5
  1543.655276  8.5
  48.072274  7
  83.893011  7
  195.137305  7
  355.170189  7
  569.631568  7
  837.929722  7
  1159.983639  7
  0.169896  7.5
  95.044610  7.5
  194.571476  7.5
  355.178866  7.5
  569.631512  7.5
  837.929722  7.5
  1159.983639  7.5
  39.266316  6
  78.139324  6
  187.707169  6
  348.143618  6
  562.700851  6
  831.049051  6
  0.316320  6.5
  85.362199  6.5
  187.453415  6.5
  348.146228  6.5
  562.700841  6.5
  831.049051  6.5
  31.387105  5
  73.076532  5
  181.526027  5
  342.222871  5
  556.852434  5
  0.574082  5.5
  77.336224  5.5
  181.430216  5.5
  342.223452  5.5
  556.852433  5.5
  24.489720  4
  68.762045  4
  176.534300  4
  337.395892  4
  1.010952  4.5
  70.949405  4.5
  176.506785  4.5
  337.395964  4.5
  18.598164  3
  65.259215  3
  172.688244  3
  1.720024  3.5
  66.152821  3.5
  172.683641  3.5
  13.704112  2
  62.640187  2
  2.817869  2.5
  62.867006  2.5
  9.766315  1
  4.436602  1.5
