  71.761928  10
  84.367714  10
  176.326720  10
  281.112386  10
  427.489271  10
  611.030168  10
  831.611233  10
  1089.117567  10
  1383.499882  10
  1714.733373  10
  0.003532  10.5
  116.967201  10.5
  170.448996  10.5
  281.440067  10.5
  427.481156  10.5
  611.030275  10.5
  831.611232  10.5
  1089.117567  10.5
  1383.499882  10.5
  1714.733373  10.5
  61.908174  9
  77.276262  9
  163.625443  9
  270.358122  9
  416.941917  9
  600.632139  9
  821.297218  9
  1078.856303  9
  1373.273911  9
  0.008258  9.5
  102.338775  9.5
  160.067568  9.5
  270.511019  9.5
  416.939005  9.5
  600.632167  9.5
  821.297218  9.5
  1078.856303  9.5
  1373.273911  9.5
  52.376679  8
  70.629392  8
  152.689940  8
  260.800222  8
  407.563326  8
  591.366638  8
  812.096093  8
  1069.695619  8
  0.019030  8.5
  89.146966  8.5
  150.693092  8.5
  260.864470  8.5
  407.562427  8.5
  591.366645  8.5
  812.096093  8.5
  1069.695619  8.5
  43.350723  7
  64.489580  7
  143.386718  7
  252.423480  7
  399.333196  7
  583.220924  7
  803.998760  7
  0.043065  7.5
  77.492183  7.5
  142.366610  7.5
  252.446995  7.5
  399.332971  7.5
  583.220925  7.5
  803.998760  7.5
  35.004631  6
  58.919948  6
  135.580758  6
  245.210428  6
  392.234204  6
  576.183799  6
  0.095217  6.5
  67.452775  6.5
  135.120121  6.5
  245.217517  6.5
  392.234163  6.5
  576.183799  6.5
  27.486546  5
  53.984480  5
  129.151152  5
  239.143089  5
  386.251672  5
  0.204366  5.5
  59.081352  5.5
  128.976404  5.5
  239.144670  5.5
  386.251668  5.5
  20.907225  4
  49.749435  4
  123.999660  4
  234.204447  4
  0.422530  4.5
  52.397492  4.5
  123.949316  4.5
  234.204645  4.5
  15.333750  3
  46.286231  3
  120.053136  3
  0.834600  3.5
  47.378733  3.5
  120.044697  3.5
  10.786047  2
  43.675813  2
  1.563318  2.5
  43.955149  2.5
  7.234864  1
  2.763168  1.5
