  45.331841  10
  45.358908  10
  112.651867  10
  118.546911  10
  154.592999  10
  189.182235  10
  234.612035  10
  288.238302  10
  349.954900  10
  419.632762  10
  0.000000  10.5
  83.892495  10.5
  84.560730  10.5
  132.044404  10.5
  151.522529  10.5
  189.465178  10.5
  234.598874  10.5
  288.238638  10.5
  349.954896  10.5
  419.632762  10.5
  40.454465  9
  40.523365  9
  96.512855  9
  105.590922  9
  138.461424  9
  174.987123  9
  220.802437  9
  274.725725  9
  336.633032  9
  0.000000  9.5
  73.687518  9.5
  75.086478  9.5
  113.712917  9.5
  137.205626  9.5
  175.067092  9.5
  220.799890  9.5
  274.725765  9.5
  336.633032  9.5
  35.540888  8
  35.710249  8
  80.964682  8
  93.575586  8
  124.891213  8
  162.519200  8
  208.646395  8
  262.779448  8
  0.000000  8.5
  63.186092  8.5
  65.876429  8.5
  97.780496  8.5
  124.468292  8.5
  162.537052  8.5
  208.646047  8.5
  262.779451  8.5
  30.553428  7
  30.950435  7
  66.684948  7
  82.736217  7
  113.491547  7
  151.717482  7
  198.072343  7
  0.000001  7.5
  52.469365  7.5
  57.103498  7.5
  84.526956  7.5
  113.379377  7.5
  151.720307  7.5
  198.072318  7.5
  25.433684  6
  26.303345  6
  54.249993  6
  73.263434  6
  103.959677  6
  142.512127  6
  0.000013  6.5
  41.917741  6.5
  48.979895  6.5
  73.858406  6.5
  103.938486  6.5
  142.512367  6.5
  20.143434  5
  21.868908  5
  44.076687  5
  65.279480  5
  96.101430  5
  0.000111  5.5
  32.122264  5.5
  41.732156  5.5
  65.420022  5.5
  96.099259  5.5
  14.799121  4
  17.791053  4
  36.323732  4
  58.830226  4
  0.000921  4.5
  23.646107  4.5
  35.571782  4.5
  58.848422  4.5
  9.789790  3
  14.246007  3
  30.803742  3
  0.007074  3.5
  16.904787  3.5
  30.670002  3.5
  5.628991  2
  11.421863  2
  0.047562  2.5
  12.164841  2.5
  2.672776  1
  0.253550  1.5
