  38.001781  10
  38.001781  10
  102.003719  10
  102.003719  10
  150.001561  10
  150.001562  10
  181.979347  10
  181.986396  10
  197.085283  10
  199.068358  10
  -0.000000  10.5
  72.003071  10.5
  72.003071  10.5
  128.003428  10.5
  128.003428  10.5
  167.996451  10.5
  167.996536  10.5
  191.817020  10.5
  192.053216  10.5
  200.256284  10.5
  34.001579  9
  34.001579  9
  90.003021  9
  90.003021  9
  129.999330  9
  129.999365  9
  153.881395  9
  154.036612  9
  162.171454  9
  0.000000  9.5
  64.002650  9.5
  64.002650  9.5
  112.002274  9.5
  112.002275  9.5
  143.988915  9.5
  143.992579  9.5
  159.249343  9.5
  160.855769  9.5
  30.001375  8
  30.001375  8
  78.002275  8
  78.002275  8
  109.994990  8
  109.996739  8
  125.400534  8
  126.668841  8
  -0.000000  8.5
  56.002220  8.5
  56.002220  8.5
  96.000873  8.5
  96.000885  8.5
  119.927758  8.5
  120.024296  8.5
  128.109351  8.5
  26.001170  7
  26.001170  7
  66.001428  7
  66.001432  7
  89.959434  7
  90.015424  7
  98.065795  7
  0.000000  7.5
  48.001775  7.5
  48.001775  7.5
  79.998498  7.5
  79.999245  7.5
  95.537292  7.5
  96.506567  7.5
  22.000963  6
  22.000963  6
  54.000200  6
  54.000473  6
  69.658297  6
  70.368007  6
  0.000000  6.5
  40.001300  6.5
  40.001300  6.5
  63.979652  6.5
  64.009249  6.5
  72.036800  6.5
  18.000750  5
  18.000750  5
  41.991398  5
  42.005124  5
  50.018729  5
  0.000000  5.5
  32.000710  5.5
  32.000789  5.5
  47.762448  5.5
  48.252304  5.5
  14.000518  4
  14.000532  4
  29.848852  4
  30.158699  4
  0.000000  4.5
  23.997305  4.5
  24.002498  4.5
  32.008397  4.5
  9.999579  3
  10.000921  3
  18.003150  3
  0.000000  3.5
  15.916816  3.5
  16.086534  3.5
  5.965906  2
  6.035194  2
  0.000000  2.5
  8.000900  2.5
  2.000150  1
  0.000050  1.5
