  334.130431  10
  1536.263132  10
  4172.735584  10
  8127.307670  10
  13401.091088  10
  19993.643738  10
  27904.842669  10
  37134.641663  10
  47683.020152  10
  59549.967845  10
  69.941362  10.5
  1543.423354  10.5
  4172.708118  10.5
  8127.307707  10.5
  13401.091088  10.5
  19993.643738  10.5
  27904.842669  10.5
  37134.641663  10.5
  47683.020152  10.5
  59549.967845  10.5
  313.293999  9
  1526.486332  9
  4162.793334  9
  8117.580434  9
  13391.448041  9
  19984.042896  9
  27895.265974  9
  37125.080072  9
  47673.468635  9
  76.740137  9.5
  1531.705556  9.5
  4162.777306  9.5
  8117.580451  9.5
  13391.448041  9.5
  19984.042896  9.5
  27895.265974  9.5
  37125.080072  9.5
  47673.468635  9.5
  293.365163  8
  1517.656291  8
  4153.903368  8
  8108.879388  8
  13382.821453  8
  19975.453614  8
  27886.698033  8
  37116.525477  8
  84.068025  8.5
  1521.317146  8.5
  4153.894622  8.5
  8108.879395  8.5
  13382.821453  8.5
  19975.453614  8.5
  27886.698033  8.5
  37116.525477  8.5
  274.331062  7
  1509.791063  7
  4146.063637  7
  8101.203774  7
  13375.210855  7
  19967.875578  7
  27879.138619  7
  91.951111  7.5
  1512.235991  7.5
  4146.059263  7.5
  8101.203777  7.5
  13375.210855  7.5
  19967.875578  7.5
  27879.138619  7.5
  256.177634  6
  1502.909222  6
  4139.272402  6
  8094.552926  6
  13368.615837  6
  19961.308509  6
  100.415367  6.5
  1504.439666  6.5
  4139.270458  6.5
  8094.552926  6.5
  13368.615837  6.5
  19961.308509  6.5
  238.889638  5
  1497.029859  5
  4133.528218  5
  8088.926264  5
  13363.036040  5
  109.486545  5.5
  1497.905542  5.5
  4133.527489  5.5
  8088.926264  5.5
  13363.036040  5.5
  222.450683  4
  1492.172574  4
  4128.829910  4
  8084.323299  4
  119.190071  4.5
  1492.610885  4.5
  4128.829701  4.5
  8084.323299  4.5
  206.843261  3
  1488.357460  3
  4125.176558  3
  129.550943  3.5
  1488.532930  3.5
  4125.176523  3.5
  192.048786  2
  1485.605081  2
  140.593637  2.5
  1485.648975  2.5
  178.047638  1
  152.342010  1.5
