  103.436167  10
  198.961948  10
  474.798837  10
  876.826224  10
  1414.746806  10
  2087.564500  10
  2895.125282  10
  3837.368437  10
  4914.266791  10
  6125.806687  10
  0.686668  10.5
  219.586602  10.5
  473.945740  10.5
  876.837776  10.5
  1414.746732  10.5
  2087.564500  10.5
  2895.125282  10.5
  3837.368437  10.5
  4914.266791  10.5
  6125.806687  10.5
  90.494185  9
  190.601494  9
  464.308565  9
  866.838117  9
  1404.886326  9
  2077.770145  9
  2885.368956  9
  3827.635981  9
  4904.550293  9
  1.002859  9.5
  205.917733  9.5
  463.808521  9.5
  866.843457  9.5
  1404.886300  9.5
  2077.770145  9.5
  2885.368956  9.5
  3827.635981  9.5
  4904.550293  9.5
  78.479352  8
  182.934096  8
  455.013797  8
  857.923449  8
  1396.077970  8
  2069.016309  8
  2876.646463  8
  3818.933153  8
  1.449186  8.5
  193.862727  8.5
  454.739941  8.5
  857.925677  8.5
  1396.077962  8.5
  2069.016309  8.5
  2876.646463  8.5
  3818.933153  8.5
  67.422008  7
  175.995269  7
  446.879901  7
  850.075080  7
  1388.316989  7
  2061.299809  7
  2868.955517  7
  2.069727  7.5
  183.407607  7.5
  446.742511  7.5
  850.075891  7.5
  1388.316987  7.5
  2061.299809  7.5
  2868.955517  7.5
  57.340635  6
  169.822784  6
  439.878306  6
  843.286562  6
  1381.599209  6
  2054.617839  6
  2.918363  6.5
  174.526167  6.5
  439.817074  6.5
  843.286805  6.5
  1381.599208  6.5
  2054.617839  6.5
  48.241531  5
  164.457345  5
  433.986082  5
  837.552212  5
  1375.921021  5
  4.058641  5.5
  167.179962  5.5
  433.963069  5.5
  837.552266  5.5
  1375.921021  5.5
  40.118566  4
  159.943290  4
  429.185436  4
  832.867166  4
  5.562707  4.5
  161.319144  4.5
  429.178849  4.5
  832.867172  4.5
  32.953035  3
  156.329278  3
  425.463143  3
  7.509278  3.5
  156.884194  3.5
  425.462044  3.5
  26.713666  2
  153.668834  2
  9.980821  2.5
  153.808385  2.5
  21.356908  1
  13.060262  1.5
