  59.380019  10
  61.466957  10
  130.159596  10
  175.541714  10
  250.136573  10
  343.502769  10
  456.176925  10
  587.906005  10
  738.606041  10
  908.234513  10
  0.000039  10.5
  99.609447  10.5
  116.264184  10.5
  177.440615  10.5
  250.034454  10.5
  343.505600  10.5
  456.176881  10.5
  587.906005  10.5
  738.606041  10.5
  908.234513  10.5
  52.097574  9
  55.275849  9
  114.954544  9
  163.899598  9
  238.561919  9
  332.241625  9
  445.071957  9
  576.899077  9
  727.664525  9
  0.000139  9.5
  85.534987  9.5
  105.915630  9.5
  164.813117  9.5
  238.524858  9.5
  332.242386  9.5
  445.071949  9.5
  576.899077  9.5
  727.664525  9.5
  44.682924  8
  49.325201  8
  101.791939  8
  153.532840  8
  228.350520  8
  322.248611  8
  435.195103  8
  567.095084  8
  0.000490  8.5
  72.356438  8.5
  96.395686  8.5
  153.925002  8.5
  228.338979  8.5
  322.248776  8.5
  435.195102  8.5
  567.095084  8.5
  37.238266  7
  43.694311  7
  90.699884  7
  144.454455  7
  219.446240  7
  313.495937  7
  426.526462  7
  0.001698  7.5
  60.348208  7.5
  87.806446  7.5
  144.600117  7.5
  219.443329  7.5
  313.495962  7.5
  426.526462  7.5
  29.960021  6
  38.471590  6
  81.589285  6
  136.658810  6
  211.805589  6
  305.959148  6
  0.005752  6.5
  49.734533  6.5
  80.236788  6.5
  136.703165  6.5
  211.805056  6.5
  305.959151  6.5
  23.111022  5
  33.750638  5
  74.283839  5
  130.127019  5
  205.394149  5
  0.018852  5.5
  40.691120  5.5
  73.758956  5.5
  130.136977  5.5
  205.394096  5.5
  16.960396  4
  29.627066  4
  68.579512  4
  124.833026  4
  0.058992  4.5
  33.347242  4.5
  68.426154  4.5
  124.834279  4.5
  11.726527  3
  26.198204  3
  64.297491  3
  0.172878  3.5
  27.777778  3.5
  64.271567  3.5
  7.543219  2
  23.567892  2
  0.463328  2.5
  23.981117  2.5
  4.444444  1
  1.111111  1.5
