  49.407932  10
  49.576035  10
  115.852793  10
  130.901601  10
  174.032696  10
  224.316678  10
  286.466133  10
  359.467576  10
  443.183982  10
  537.533646  10
  0.000000  10.5
  89.266296  10.5
  92.119087  10.5
  138.668907  10.5
  173.033984  10.5
  224.374167  10.5
  286.464338  10.5
  359.467607  10.5
  443.183982  10.5
  537.533646  10.5
  43.956457  9
  44.303654  9
  99.234482  9
  118.288411  9
  160.267032  9
  211.478929  9
  273.923589  9
  347.119094  9
  430.963424  9
  0.000001  9.5
  77.504594  9.5
  82.200857  9.5
  122.476604  9.5
  159.888202  9.5
  211.494695  9.5
  273.923247  9.5
  347.119097  9.5
  430.963424  9.5
  38.411415  8
  39.101696  8
  84.039147  8
  106.844712  8
  148.398674  8
  200.162659  8
  262.828390  8
  336.164408  8
  0.000004  8.5
  65.644728  8.5
  72.768997  8.5
  108.799753  8.5
  148.277114  8.5
  200.166107  8.5
  262.828344  8.5
  336.164408  8.5
  32.723938  7
  34.026806  7
  70.685443  7
  96.702370  7
  138.217996  7
  190.313708  7
  253.136895  7
  0.000026  7.5
  54.065385  7.5
  63.994840  7.5
  97.470115  7.5
  138.186712  7.5
  190.314246  7.5
  253.136892  7.5
  26.873567  6
  29.163454  6
  59.475559  6
  87.945994  6
  129.583270  6
  181.881389  6
  0.000158  6.5
  43.245950  6.5
  56.053961  6.5
  88.188026  6.5
  129.577469  6.5
  181.881435  6.5
  20.954578  5
  24.624455  5
  50.530459  5
  80.610521  5
  122.399319  5
  0.000915  5.5
  33.629986  5.5
  49.110164  5.5
  80.666007  5.5
  122.398731  5.5
  15.248056  4
  20.544248  4
  43.734465  4
  74.688676  4
  0.005050  4.5
  25.562128  4.5
  43.301699  4.5
  74.695746  4.5
  10.158215  3
  17.067601  3
  38.805756  3
  0.025859  3.5
  19.286665  3.5
  38.730932  3.5
  6.045418  2
  14.342292  2
  0.117196  2.5
  14.945103  2.5
  3.103853  1
  0.441148  1.5
