  56.909341  10
  58.189956  10
  125.291821  10
  162.125630  10
  227.283468  10
  308.497835  10
  406.721887  10
  521.630519  10
  653.128585  10
  801.167476  10
  0.000012  10.5
  97.117139  10.5
  109.219285  10.5
  164.819378  10.5
  227.110487  10.5
  308.503456  10.5
  406.721784  10.5
  521.630520  10.5
  653.128585  10.5
  801.167476  10.5
  50.133987  9
  52.207610  9
  109.602366  9
  150.258312  9
  215.364196  9
  296.963027  9
  395.367333  9
  510.389364  9
  641.962988  9
  0.000048  9.5
  83.389992  9.5
  98.924589  9.5
  151.573700  9.5
  215.301089  9.5
  296.964541  9.5
  395.367314  9.5
  510.389364  9.5
  641.962988  9.5
  43.202256  8
  46.421144  8
  95.904724  8
  139.667772  8
  204.881122  8
  286.740128  8
  385.278017  8
  500.383848  8
  0.000191  8.5
  70.357700  8.5
  89.396448  8.5
  140.238240  8.5
  204.861397  8.5
  286.740456  8.5
  385.278014  8.5
  500.383848  8.5
  36.166297  7
  40.909109  7
  84.308293  7
  130.383817  7
  195.760957  7
  277.796401  7
  376.430332  7
  0.000742  7.5
  58.350864  7.5
  80.753831  7.5
  130.597140  7.5
  195.755969  7.5
  277.796452  7.5
  376.430332  7.5
  29.182204  6
  35.763272  6
  74.788423  6
  122.411270  6
  187.948870  6
  270.102935  6
  0.002809  6.5
  47.646614  6.5
  73.103107  6.5
  122.476511  6.5
  187.947956  6.5
  270.102939  6.5
  22.507696  5
  31.084057  5
  67.193372  5
  115.735691  5
  181.402698  5
  0.010296  5.5
  38.463017  5.5
  66.533018  5.5
  115.750379  5.5
  181.402607  5.5
  16.442450  4
  26.975738  4
  61.304990  4
  110.330858  4
  0.036004  4.5
  30.963028  4.5
  61.110935  4.5
  110.332710  4.5
  11.249875  3
  23.544188  3
  56.913678  3
  0.117536  3.5
  25.250918  3.5
  56.880769  3.5
  7.103350  2
  20.900485  2
  0.348068  2.5
  21.350087  2.5
  4.061519  1
  0.908680  1.5
