  92.177828  10
  151.849023  10
  348.255819  10
  627.308879  10
  1001.862497  10
  1470.512636  10
  2033.094723  10
  2689.540527  10
  3439.819515  10
  4283.916332  10
  0.216093  10.5
  175.661231  10.5
  346.783676  10.5
  627.337926  10.5
  1001.862228  10.5
  1470.512637  10.5
  2033.094723  10.5
  2689.540527  10.5
  3439.819515  10.5
  4283.916332  10.5
  79.946046  9
  143.800827  9
  337.444580  9
  617.193481  9
  991.894109  9
  1460.622590  9
  2023.249725  9
  2679.723822  9
  3430.021736  9
  0.347927  9.5
  161.617639  9.5
  336.578941  9.5
  617.206921  9.5
  991.894013  9.5
  1460.622590  9.5
  2023.249725  9.5
  2679.723822  9.5
  3430.021736  9.5
  68.563760  8
  136.390071  8
  327.916750  8
  608.173959  8
  982.995724  8
  1451.787478  8
  2014.451010  8
  2670.947958  8
  0.553240  8.5
  149.195964  8.5
  327.441484  8.5
  608.179571  8.5
  982.995695  8.5
  1451.787478  8.5
  2014.451010  8.5
  2670.947958  8.5
  58.090988  7
  129.656679  7
  319.617277  7
  600.240506  7
  975.160391  7
  1444.002666  7
  2006.695250  7
  0.867171  7.5
  138.402338  7.5
  319.378376  7.5
  600.242550  7.5
  975.160384  7.5
  1444.002666  7.5
  2006.695250  7.5
  48.571540  6
  123.642533  6
  312.500413  6
  593.384084  6
  968.382011  6
  1437.264069  6
  1.337270  6.5
  129.227092  6.5
  312.393777  6.5
  593.384698  6.5
  968.382010  6.5
  1437.264069  6.5
  40.032209  5
  118.392434  5
  306.529404  5
  587.596615  5
  962.655320  5
  2.025032  5.5
  121.643154  5.5
  306.489279  5.5
  587.596751  5.5
  962.655320  5.5
  32.482166  4
  113.955229  4
  301.675839  4
  582.871113  4
  3.006078  4.5
  115.605639  4.5
  301.664344  4.5
  582.871130  4.5
  25.912522  3
  110.385046  3
  297.918769  3
  4.368471  3.5
  111.053150  3.5
  297.916849  3.5
  20.296096  2
  107.742451  2
  6.209058  2.5
  107.910911  2.5
  15.587570  1
  8.628281  1.5
