  64.719263  10
  69.776307  10
  144.942884  10
  212.002426  10
  311.775105  10
  436.966430  10
  587.654071  10
  763.670822  10
  964.951280  10
  1191.462521  10
  0.000338  10.5
  105.752980  10.5
  135.114663  10.5
  212.892945  10.5
  311.741328  10.5
  436.967106  10.5
  587.654063  10.5
  763.670822  10.5
  964.951280  10.5
  1191.462521  10.5
  56.286422  9
  63.168766  9
  130.868233  9
  200.794076  9
  300.750478  9
  426.159731  9
  576.964712  9
  753.055070  9
  954.384724  9
  0.000986  9.5
  91.256832  9.5
  124.715501  9.5
  201.214415  9.5
  300.738305  9.5
  426.159912  9.5
  576.964710  9.5
  753.055070  9.5
  954.384724  9.5
  47.869002  8
  56.895692  8
  118.792699  8
  190.834345  8
  290.981172  8
  416.549227  8
  567.442467  8
  743.588223  8
  0.002832  8.5
  77.965295  8.5
  115.244456  8.5
  191.012438  8.5
  290.977400  8.5
  416.549266  8.5
  567.442466  8.5
  743.588223  8.5
  39.646518  7
  51.031583  7
  108.622201  7
  182.115921  7
  282.432734  7
  408.115212  7
  559.073283  7
  0.007990  7.5
  66.056108  7.5
  106.772439  7.5
  182.181485  7.5
  282.431786  7.5
  408.115218  7.5
  559.073283  7.5
  31.840966  6
  45.654212  6
  100.205394  6
  174.622699  6
  275.076933  6
  400.840382  6
  0.022008  6.5
  55.672804  6.5
  99.358250  6.5
  174.642545  6.5
  275.076759  6.5
  400.840383  6.5
  24.678428  5
  40.842769  5
  93.371559  5
  168.333489  5
  268.890483  5
  0.058697  5.5
  46.925927  5.5
  93.047180  5.5
  168.337927  5.5
  268.890465  5.5
  18.353038  4
  36.677494  4
  87.964345  4
  163.225498  4
  0.149898  4.5
  39.888857  4.5
  87.870340  4.5
  163.226055  4.5
  13.003384  3
  33.241817  3
  83.860825  3
  0.361397  3.5
  34.585702  3.5
  83.845009  3.5
  8.700388  2
  30.627794  2
  0.810362  2.5
  30.975208  2.5
  5.441341  1
  1.670035  1.5
