  68.345725  10
  76.694837  10
  159.186583  10
  244.181943  10
  365.780710  10
  518.331717  10
  701.776248  10
  915.979041  10
  1160.883959  10
  1436.462755  10
  0.001208  10.5
  110.974212  10.5
  151.598088  10.5
  244.713297  10.5
  365.764588  10.5
  518.331977  10.5
  701.776245  10.5
  915.979041  10.5
  1160.883959  10.5
  1436.462755  10.5
  59.149948  9
  69.828807  9
  145.857344  9
  233.224721  9
  355.029239  9
  507.757539  9
  691.300243  9
  905.564648  9
  1150.510773  9
  0.003122  9.5
  96.365795  9.5
  141.199552  9.5
  233.473742  9.5
  355.023444  9.5
  507.757608  9.5
  691.300242  9.5
  905.564648  9.5
  1150.510773  9.5
  50.122381  8
  63.356539  8
  134.418738  8
  223.489717  8
  345.482858  8
  498.343202  8
  681.960430  8
  896.271636  8
  0.007956  8.5
  83.100086  8.5
  131.775902  8.5
  223.594689  8.5
  345.481066  8.5
  498.343217  8.5
  681.960430  8.5
  896.271636  8.5
  41.456559  7
  57.346597  7
  124.742074  7
  214.963792  7
  337.115656  7
  490.073006  7
  673.745609  7
  0.019903  7.5
  71.309448  7.5
  123.381115  7.5
  215.002300  7.5
  337.115206  7.5
  490.073009  7.5
  673.745609  7.5
  33.356081  6
  51.868918  6
  116.676548  6
  207.629116  6
  329.905868  6
  482.933162  6
  0.048624  6.5
  61.099912  6.5
  116.058576  6.5
  207.640744  6.5
  329.905786  6.5
  482.933162  6.5
  26.006842  5
  46.994188  5
  110.075743  5
  201.465742  5
  323.835243  5
  0.115149  5.5
  52.549522  5.5
  109.840440  5.5
  201.468338  5.5
  323.835234  5.5
  19.556496  4
  42.794641  4
  104.815539  4
  196.453866  4
  0.261847  4.5
  45.701656  4.5
  104.747587  4.5
  196.454192  4.5
  14.102482  3
  39.346833  3
  100.801787  3
  0.565572  3.5
  40.553707  3.5
  100.790379  3.5
  9.685829  2
  36.736665  2
  1.148143  2.5
  37.046722  2.5
  6.287775  1
  2.173961  1.5
