  69.345789  10
  78.819423  10
  163.813957  10
  254.297482  10
  382.706368  10
  543.779091  10
  737.433059  10
  963.539741  10
  1222.045177  10
  1512.922214  10
  0.001674  10.5
  112.612071  10.5
  156.766175  10.5
  254.758429  10.5
  382.693198  10.5
  543.779291  10.5
  737.433057  10.5
  963.539741  10.5
  1222.045177  10.5
  1512.922214  10.5
  59.949864  9
  71.885535  9
  150.677670  9
  243.403089  9
  372.019481  9
  533.260444  9
  727.008087  9
  953.173567  9
  1211.718332  9
  0.004198  9.5
  97.990405  9.5
  146.371291  9.5
  243.618796  9.5
  372.014750  9.5
  533.260498  9.5
  727.008087  9.5
  953.173567  9.5
  1211.718332  9.5
  50.767340  8
  65.360843  8
  139.396465  8
  233.723304  8
  362.526087  8
  523.893007  8
  717.711950  8
  943.922212  8
  0.010372  8.5
  84.742097  8.5
  136.961778  8.5
  233.814137  8.5
  362.524625  8.5
  523.893019  8.5
  717.711950  8.5
  943.922212  8.5
  41.990641  7
  59.312132  7
  129.837984  7
  225.244114  7
  354.202114  7
  515.662019  7
  709.534116  7
  0.025166  7.5
  72.989238  7.5
  128.587531  7.5
  225.277409  7.5
  354.201747  7.5
  515.662021  7.5
  709.534116  7.5
  33.815490  6
  53.807261  6
  121.855057  6
  217.947646  6
  347.027237  6
  508.554514  6
  0.059634  6.5
  62.829123  6.5
  121.288305  6.5
  217.957695  6.5
  347.027170  6.5
  508.554515  6.5
  26.416447  5
  48.914818  5
  115.308771  5
  211.814485  5
  340.984350  5
  0.137029  5.5
  54.331901  5.5
  115.093233  5.5
  211.816728  5.5
  340.984343  5.5
  19.929619  4
  44.705142  4
  110.083100  4
  206.825657  4
  0.302619  4.5
  47.533547  4.5
  110.020904  4.5
  206.825938  4.5
  14.442770  3
  41.253164  3
  106.090617  3
  0.635878  3.5
  42.425111  3.5
  106.080180  3.5
  9.990107  2
  38.643265  2
  1.259221  2.5
  38.943897  2.5
  6.549388  1
  2.334261  1.5
