  148.702997  10
  419.429064  10
  1078.835457  10
  2062.501302  10
  3375.303321  10
  5016.662053  10
  6986.442970  10
  9284.595019  10
  11911.095414  10
  14865.932729  10
  6.273854  10.5
  433.366525  10.5
  1078.613226  10.5
  2062.502514  10.5
  3375.303318  10.5
  5016.662053  10.5
  6986.442970  10.5
  9284.595019  10.5
  11911.095414  10.5
  14865.932729  10.5
  133.719869  9
  410.400502  9
  1068.727228  9
  2052.685087  9
  3365.586473  9
  5006.995431  9
  6976.805168  9
  9274.975273  9
  11901.487724  9
  7.779426  9.5
  420.628796  9.5
  1068.597384  9.5
  2052.685647  9.5
  3365.586472  9.5
  5006.995431  9.5
  6976.805168  9.5
  9274.975273  9.5
  11901.487724  9.5
  119.709214  8
  402.181735  8
  1059.712682  8
  2043.911299  8
  3356.898138  8
  4998.350185  8
  6968.184629  8
  9266.370210  8
  9.591555  8.5
  409.399921  8.5
  1059.641758  8.5
  2043.911532  8.5
  3356.898137  8.5
  4998.350185  8.5
  6968.184629  8.5
  9266.370210  8.5
  106.666580  7
  394.800961  7
  1051.780787  7
  2036.176909  7
  3349.236417  7
  4990.725033  7
  6960.580435  7
  11.756266  7.5
  399.647802  7.5
  1051.745282  7.5
  2036.176994  7.5
  3349.236417  7.5
  4990.725033  7.5
  6960.580435  7.5
  94.582446  6
  388.288092  6
  1044.922382  6
  2029.479231  6
  3342.599636  6
  4984.118849  6
  14.322353  6.5
  391.336332  6.5
  1044.906585  6.5
  2029.479257  6.5
  3342.599636  6.5
  4984.118849  6.5
  83.442213  5
  382.674912  5
  1039.130018  5
  2023.815930  5
  3336.986348  5
  17.340702  5.5
  384.425993  5.5
  1039.124089  5.5
  2023.815936  5.5
  3336.986348  5.5
  73.226218  4
  377.995209  4
  1034.397813  4
  2019.185026  4
  20.863497  4.5
  378.874542  4.5
  1034.396118  4.5
  2019.185026  4.5
  63.909811  3
  374.284850  3
  1030.721297  3
  24.943364  3.5
  374.637768  3.5
  1030.721014  3.5
  55.463474  2
  371.581811  2
  29.632492  2.5
  371.670253  2.5
  47.853037  1
  34.981766  1.5
