  70.595653  10
  81.615195  10
  170.048342  10
  267.743262  10
  405.175624  10
  577.533992  10
  784.711886  10
  1026.588249  10
  1303.111635  10
  1614.256157  10
  0.002482  10.5
  114.792756  10.5
  163.629671  10.5
  268.129424  10.5
  405.165382  10.5
  577.534137  10.5
  784.711885  10.5
  1026.588249  10.5
  1303.111635  10.5
  1614.256157  10.5
  60.958029  9
  74.598653  9
  157.142956  9
  256.923423  9
  394.563707  9
  567.080047  9
  774.346415  9
  1016.278321  9
  1292.838864  9
  0.005997  9.5
  100.163450  9.5
  153.241014  9.5
  257.103842  9.5
  394.560030  9.5
  567.080086  9.5
  774.346415  9.5
  1016.278321  9.5
  1292.838864  9.5
  51.590468  8
  68.009959  8
  146.046726  8
  247.308695  8
  385.131943  8
  557.767279  8
  765.101220  8
  1007.075571  8
  0.014283  8.5
  86.942014  8.5
  143.849523  8.5
  247.384580  8.5
  385.130807  8.5
  557.767288  8.5
  765.101220  8.5
  1007.075571  8.5
  42.681650  7
  61.913661  7
  136.625509  7
  238.884304  7
  376.858318  7
  549.582015  7
  756.966540  7
  0.033402  7.5
  75.238814  7.5
  135.500340  7.5
  238.912097  7.5
  376.858033  7.5
  549.582016  7.5
  756.966540  7.5
  34.416520  6
  56.375112  6
  128.737964  6
  231.632512  6
  369.724137  6
  542.512239  6
  0.076304  6.5
  65.140995  6.5
  128.229035  6.5
  231.640895  6.5
  369.724085  6.5
  542.512239  6.5
  26.955745  5
  51.460435  5
  122.254576  5
  225.534625  5
  363.713607  5
  0.169118  5.5
  56.709373  5.5
  122.061290  5.5
  225.536496  5.5
  363.713602  5.5
  20.421864  4
  47.237772  4
  117.068840  4
  220.572698  4
  0.360662  4.5
  49.971178  4.5
  117.013114  4.5
  220.572932  4.5
  14.891480  3
  43.780172  3
  113.101052  3
  0.733378  3.5
  44.910154  3.5
  113.091706  3.5
  10.391044  2
  41.170198  2
  1.410041  2.5
  41.459557  2.5
  6.894453  1
  2.548631  1.5
