  53.931383  10
  54.577890  10
  120.714809  10
  148.212203  10
  203.486928  10
  271.594861  10
  354.336213  10
  451.239307  10
  562.192962  10
  687.138968  10
  0.000002  10.5
  94.164552  10.5
  101.778635  10.5
  152.319532  10.5
  203.152033  10.5
  271.608218  10.5
  354.335916  10.5
  451.239311  10.5
  562.192962  10.5
  687.138968  10.5
  47.724389  9
  48.862853  9
  104.523032  9
  136.055518  9
  191.027599  9
  259.650390  9
  342.608581  9
  439.649020  9
  550.693963  9
  0.000011  9.5
  81.037112  9.5
  91.586446  9.5
  138.116154  9.5
  190.904252  9.5
  259.654006  9.5
  342.608525  9.5
  439.649021  9.5
  550.693963  9.5
  41.367266  8
  43.290886  8
  90.185833  8
  125.159889  8
  180.127608  8
  249.083779  8
  332.202387  8
  429.343608  8
  0.000052  8.5
  68.306726  8.5
  82.068324  8.5
  126.070490  8.5
  180.088798  8.5
  249.084563  8.5
  332.202379  8.5
  429.343608  8.5
  34.855988  7
  37.935866  7
  77.923157  7
  115.584619  7
  170.680917  7
  239.854962  7
  323.088189  7
  0.000238  7.5
  56.367978  7.5
  73.365046  7.5
  115.929330  7.5
  170.671058  7.5
  239.855083  7.5
  323.088188  7.5
  28.277903  6
  32.890795  6
  67.819270  6
  107.355085  6
  162.611842  6
  231.928205  6
  0.001051  6.5
  45.577633  6.5
  65.607608  6.5
  107.461326  6.5
  162.610029  6.5
  231.928215  6.5
  21.853959  5
  28.263459  5
  59.790071  5
  100.467629  5
  155.864776  5
  0.004496  5.5
  36.222186  5.5
  58.909259  5.5
  100.491663  5.5
  155.864593  5.5
  15.905621  4
  24.169774  4
  53.620676  4
  94.898449  4
  0.018349  4.5
  28.517250  4.5
  53.359276  4.5
  94.901488  4.5
  10.755661  3
  20.728356  3
  49.063393  3
  0.069684  3.5
  22.610281  3.5
  49.018826  3.5
  6.637554  2
  18.061442  2
  0.237699  2.5
  18.562219  2.5
  3.649715  1
  0.700176  1.5
