  728.842489  10
  4302.018762  10
  11851.637710  10
  23178.098137  10
  38281.031776  10
  57160.015118  10
  79814.927751  10
  106245.724485  10
  136452.385226  10
  170434.899924  10
  289.915676  10.5
  4306.276610  10.5
  11851.632049  10.5
  23178.098140  10.5
  38281.031776  10.5
  57160.015118  10.5
  79814.927751  10.5
  106245.724485  10.5
  136452.385226  10.5
  170434.899924  10.5
  699.443496  9
  4291.888815  9
  11841.726537  9
  23168.389995  9
  38271.404552  9
  57150.428389  9
  79805.364174  9
  106236.175382  9
  136442.845774  9
  305.140580  9.5
  4294.987872  9.5
  11841.723234  9.5
  23168.389996  9.5
  38271.404552  9.5
  57150.428389  9.5
  79805.364174  9.5
  106236.175382  9.5
  136442.845774  9.5
  670.897947  8
  4282.773540  8
  11832.860423  8
  23159.704554  8
  38262.791207  8
  57141.851120  8
  79796.807527  8
  106227.631627  8
  320.989180  8.5
  4284.944409  8.5
  11832.858621  8.5
  23159.704554  8.5
  38262.791207  8.5
  57141.851120  8.5
  79796.807527  8.5
  106227.631627  8.5
  643.195850  7
  4274.684644  7
  11825.038747  7
  23152.041549  7
  38255.191579  7
  57134.283199  7
  79789.257730  7
  337.476368  7.5
  4276.132790  7.5
  11825.037846  7.5
  23152.041550  7.5
  38255.191579  7.5
  57134.283199  7.5
  79789.257730  7.5
  616.326830  6
  4267.634003  6
  11818.260976  6
  23145.400749  6
  38248.605526  6
  57127.724531  6
  354.616878  6.5
  4268.539582  6.5
  11818.260575  6.5
  23145.400749  6.5
  38248.605526  6.5
  57127.724531  6.5
  590.280134  5
  4261.633659  5
  11812.526659  5
  23139.781952  5
  38243.032921  5
  372.425263  5.5
  4262.151369  5.5
  11812.526509  5.5
  23139.781952  5.5
  38243.032921  5.5
  565.044638  4
  4256.695814  4
  11807.835427  4
  23135.184987  4
  390.915880  4.5
  4256.954766  4.5
  11807.835384  4.5
  23135.184987  4.5
  540.608861  3
  4252.832826  3
  11804.186982  3
  410.102870  3.5
  4252.936436  3.5
  11804.186975  3.5
  516.960971  2
  4250.057198  2
  430.000139  2.5
  4250.083106  2.5
  494.088802  1
  450.621340  1.5
