  2509.144623  10
  18244.562431  10
  50577.999964  10
  99081.822580  10
  163754.561137  10
  244595.797718  10
  341605.412957  10
  454783.362084  10
  584129.625199  10
  729644.192350  10
  1607.880220  10.5
  18246.625341  10.5
  50577.999325  10.5
  99081.822580  10.5
  163754.561137  10.5
  244595.797718  10.5
  341605.412957  10.5
  454783.362084  10.5
  584129.625199  10.5
  729644.192350  10.5
  2456.787433  9
  18234.150903  9
  50568.100695  9
  99072.122277  9
  163744.940409  9
  244586.216786  9
  341595.854768  9
  454773.818111  9
  584120.090703  9
  1646.005313  9.5
  18235.651476  9.5
  50568.100323  9.5
  99072.122277  9.5
  163744.940409  9.5
  244586.216786  9.5
  341595.854768  9.5
  454773.818111  9.5
  584120.090703  9.5
  2405.233656  8
  18224.809408  8
  50559.243832  8
  99063.443242  8
  163736.332502  8
  244577.644450  8
  341587.302760  8
  454765.278808  8
  1684.821579  8.5
  18225.859982  8.5
  50559.243629  8.5
  99063.443242  8.5
  163736.332502  8.5
  244577.644450  8.5
  341587.302760  8.5
  454765.278808  8.5
  2354.477678  7
  18216.543945  7
  50551.429246  7
  99055.785416  7
  163728.737380  7
  244570.080684  7
  341579.756914  7
  1724.335803  7.5
  18217.244429  7.5
  50551.429144  7.5
  99055.785416  7.5
  163728.737380  7.5
  244570.080684  7.5
  341579.756914  7.5
  2304.513808  6
  18209.360544  6
  50544.656824  6
  99049.148742  6
  163722.155009  6
  244563.525467  6
  1764.554716  6.5
  18209.798401  6.5
  50544.656779  6.5
  99049.148742  6.5
  163722.155009  6.5
  244563.525467  6.5
  2255.336272  5
  18203.265268  5
  50538.926470  5
  99043.533175  5
  163716.585359  5
  1805.484992  5.5
  18203.515499  5.5
  50538.926453  5.5
  99043.533175  5.5
  163716.585359  5.5
  2206.939219  4
  18198.264215  4
  50534.238105  4
  99038.938675  4
  1847.133244  4.5
  18198.389342  4.5
  50534.238100  4.5
  99038.938675  4.5
  2159.316720  3
  18194.363514  3
  50530.591665  3
  1889.506027  3.5
  18194.413568  3.5
  50530.591664  3.5
  2112.462771  2
  18191.569321  2
  1932.609831  2.5
  18191.581836  2.5
  2066.371295  1
  1976.451081  1.5
