  106.466724  10
  212.355784  10
  511.096053  10
  948.226190  10
  1532.851676  10
  2264.042559  10
  3141.647151  10
  4165.606079  10
  5335.892772  10
  6652.493879  10
  0.873862  10.5
  232.280470  10.5
  510.343654  10.5
  948.235541  10.5
  1532.851621  10.5
  2264.042559  10.5
  3141.647151  10.5
  4165.606079  10.5
  5335.892772  10.5
  6652.493879  10.5
  93.359590  9
  203.926927  9
  500.661374  9
  938.261397  9
  1523.010798  9
  2254.265612  9
  3131.906967  9
  4155.888966  9
  5326.191082  9
  1.251556  9.5
  218.701305  9.5
  500.220577  9.5
  938.265719  9.5
  1523.010778  9.5
  2254.265612  9.5
  3131.906967  9.5
  4155.888966  9.5
  5326.191082  9.5
  81.190979  8
  196.203091  8
  491.407101  8
  929.365878  8
  1514.218808  8
  2245.526568  8
  3123.198355  8
  4147.199444  8
  1.774417  8.5
  206.730144  8.5
  491.165789  8.5
  929.367681  8.5
  1514.218802  8.5
  2245.526568  8.5
  3123.198355  8.5
  4147.199444  8.5
  69.986009  7
  189.218968  7
  483.302138  7
  921.533020  7
  1506.471353  7
  2237.822506  7
  3115.519216  7
  2.487905  7.5
  196.349546  7.5
  483.181114  7.5
  921.533676  7.5
  1506.471352  7.5
  2237.822506  7.5
  3115.519216  7.5
  59.758809  6
  183.011518  6
  476.320839  6
  914.756870  6
  1499.764605  6
  2231.150851  6
  3.446530  6.5
  187.530757  6.5
  476.266915  6.5
  914.757067  6.5
  1499.764604  6.5
  2231.150851  6.5
  50.512247  5
  177.620578  5
  470.442612  5
  909.032194  5
  1494.095251  5
  4.713495  5.5
  180.233910  5.5
  470.422349  5.5
  909.032238  5.5
  1494.095251  5.5
  42.237741  4
  173.089486  4
  465.651453  4
  904.354517  4
  6.359525  4.5
  174.408983  4.5
  465.645654  4.5
  904.354523  4.5
  34.915146  3
  169.465659  3
  461.935446  3
  8.460899  3.5
  169.997489  3.5
  461.934479  3.5
  28.512805  2
  166.801054  2
  11.096867  2.5
  166.934736  2.5
  22.987837  1
  14.346709  1.5
