  142.733513  10
  388.327344  10
  993.141873  10
  1894.440644  10
  3097.453213  10
  4601.579092  10
  6406.682394  10
  8512.711467  10
  10919.643253  10
  13627.466188  10
  5.210273  10.5
  402.835563  10.5
  992.888400  10.5
  1894.442154  10.5
  3097.453208  10.5
  4601.579092  10.5
  6406.682394  10.5
  8512.711467  10.5
  10919.643253  10.5
  13627.466188  10.5
  127.988042  9
  379.357772  9
  983.011637  9
  1884.613577  9
  3087.727346  9
  4591.904439  9
  6397.037134  9
  8503.084626  9
  10910.028712  9
  6.539469  9.5
  390.013484  9.5
  982.863514  9.5
  1884.614274  9.5
  3087.727345  9.5
  4591.904439  9.5
  6397.037134  9.5
  8503.084626  9.5
  10910.028712  9.5
  114.216009  8
  371.187576  8
  973.980772  8
  1875.830911  8
  3079.031469  8
  4583.252362  8
  6388.410178  8
  8494.473406  8
  8.157731  8.5
  378.712894  8.5
  973.899852  8.5
  1875.831202  8.5
  3079.031469  8.5
  4583.252362  8.5
  6388.410178  8.5
  8494.473406  8.5
  101.414768  7
  363.845601  7
  966.036962  7
  1868.089346  7
  3071.363507  7
  4575.621461  7
  6380.800521  7
  10.111910  7.5
  368.901975  7.5
  965.996448  7.5
  1868.089452  7.5
  3071.363506  7.5
  4575.621461  7.5
  6380.800521  7.5
  89.576148  6
  357.362497  6
  959.169989  6
  1861.385952  6
  3064.721630  6
  4569.010505  6
  12.452115  6.5
  360.544331  6.5
  959.151962  6.5
  1861.385984  6.5
  3064.721630  6.5
  4569.010505  6.5
  78.686430  5
  351.770911  5
  953.371561  5
  1855.718180  5
  3059.104256  5
  15.230984  5.5
  353.599622  5.5
  953.364795  5.5
  1855.718187  5.5
  3059.104256  5.5
  68.726359  4
  347.105639  4
  948.635143  4
  1851.083866  4
  18.502816  4.5
  348.024321  4.5
  948.633208  4.5
  1851.083867  4.5
  59.671204  3
  343.403740  3
  944.955775  3
  22.322606  3.5
  343.772564  3.5
  944.955452  3.5
  51.490891  2
  340.704571  2
  26.745045  2.5
  340.797019  2.5
  44.150226  1
  31.823527  1.5
