  200.073616  10
  704.144766  10
  1865.684381  10
  3605.182975  10
  5925.619385  10
  8826.502154  10
  12307.703383  10
  16369.174832  10
  21010.895002  10
  26232.853126  10
  18.737872  10.5
  714.806740  10.5
  1865.590069  10.5
  3605.183264  10.5
  5925.619385  10.5
  8826.502154  10.5
  12307.703383  10.5
  16369.174832  10.5
  21010.895002  10.5
  26232.853126  10.5
  183.226816  9
  694.766639  9
  1855.675779  9
  3595.418287  9
  5915.945298  9
  8816.873633  9
  12298.100970  9
  16359.588761  9
  21001.319837  9
  21.796595  9.5
  702.560776  9.5
  1855.620716  9.5
  3595.418420  9.5
  5915.945298  9.5
  8816.873633  9.5
  12298.100970  9.5
  16359.588761  9.5
  21001.319837  9.5
  167.332760  8
  686.261105  8
  1846.735608  8
  3586.686630  8
  5907.292732  8
  8808.260799  8
  12289.510889  8
  16351.012920  8
  25.267445  8.5
  691.742187  8.5
  1846.705550  8.5
  3586.686685  8.5
  5907.292732  8.5
  8808.260799  8.5
  12289.510889  8.5
  16351.012920  8.5
  152.380085  7
  678.652142  7
  1838.858420  7
  3578.986283  7
  5899.660622  7
  8800.662931  7
  12281.932624  7
  29.188706  7.5
  682.321083  7.5
  1838.843382  7.5
  3578.986304  7.5
  5899.660622  7.5
  8800.662931  7.5
  12281.932624  7.5
  138.354577  6
  671.964853  6
  1832.039653  6
  3572.315729  6
  5893.048027  6
  8794.079396  6
  33.599400  6.5
  674.266036  6.5
  1832.032965  6.5
  3572.315735  6.5
  5893.048027  6.5
  8794.079396  6.5
  125.239200  5
  666.225507  5
  1826.275557  5
  3566.673646  5
  5887.454132  5
  38.538925  5.5
  667.544393  5.5
  1826.273048  5.5
  3566.673648  5.5
  5887.454132  5.5
  113.014137  4
  661.461558  4
  1821.563136  4
  3562.058920  4
  44.046684  4.5
  662.122610  4.5
  1821.562419  4.5
  3562.058920  4.5
  101.656854  3
  657.701645  3
  1817.900084  3
  50.161713  3.5
  657.966567  3.5
  1817.899965  3.5
  91.142192  2
  654.975563  2
  56.922313  2.5
  655.041883  2.5
  81.442487  1
  64.365708  1.5
