  47.323821  10
  47.397350  10
  114.180991  10
  124.234459  10
  163.124346  10
  205.514740  10
  258.978453  10
  321.917320  10
  394.192419  10
  475.703515  10
  0.000000  10.5
  86.654348  10.5
  88.153204  10.5
  134.581713  10.5
  161.383470  10.5
  205.638787  10.5
  258.973783  10.5
  321.917418  10.5
  394.192418  10.5
  475.703515  10.5
  42.177120  9
  42.344172  9
  97.642509  9
  111.426316  9
  148.370080  9
  192.079174  9
  245.884779  9
  309.059964  9
  381.489467  9
  0.000000  9.5
  75.677209  9.5
  78.432257  9.5
  117.294375  9.5
  147.690947  9.5
  192.113585  9.5
  245.883884  9.5
  309.059976  9.5
  381.489467  9.5
  36.968111  8
  37.334061  8
  82.176489  8
  99.696070  8
  135.792159  8
  180.258746  8
  234.326369  8
  297.671034  8
  0.000001  8.5
  64.445274  8.5
  69.089428  8.5
  102.559446  8.5
  135.570270  8.5
  180.266332  8.5
  234.326248  8.5
  297.671035  8.5
  31.648685  7
  32.411393  7
  68.324248  7
  89.223867  7
  125.094416  7
  169.993179  7
  224.248525  7
  0.000007  7.5
  53.218445  7.5
  60.302909  7.5
  90.385283  7.5
  125.036653  7.5
  169.994370  7.5
  224.248517  7.5
  26.168623  6
  27.650279  6
  56.511938  6
  80.140107  6
  116.072554  6
  161.222425  6
  0.000050  6.5
  42.477213  6.5
  52.269398  6.5
  80.513720  6.5
  116.061766  6.5
  161.222526  6.5
  20.548907  5
  23.160141  5
  46.998011  5
  72.514798  5
  108.594544  5
  0.000350  5.5
  32.753901  5.5
  45.182880  5.5
  72.601445  5.5
  108.593446  5.5
  15.002739  4
  19.082252  4
  39.779173  4
  66.360094  4
  0.002325  4.5
  24.488915  4.5
  39.214312  4.5
  66.371204  4.5
  9.946951  3
  15.576692  3
  34.594383  3
  0.014307  3.5
  17.997486  3.5
  34.495605  3.5
  5.817316  2
  12.808906  2
  0.077435  2.5
  13.475035  2.5
  2.877372  1
  0.340497  1.5
