  164.190286  10
  502.281574  10
  1307.453892  10
  2510.790720  10
  4116.424148  10
  6123.814200  10
  8532.829105  10
  11343.418995  10
  14555.561627  10
  18169.245855  10
  9.439707  10.5
  514.973752  10.5
  1307.289775  10.5
  2510.791450  10.5
  4116.424147  10.5
  6123.814200  10.5
  8532.829105  10.5
  11343.418995  10.5
  14555.561627  10.5
  18169.245855  10.5
  148.614721  9
  493.122451  9
  1297.388575  9
  2500.996169  9
  4106.725290  9
  6114.163604  9
  8523.206185  9
  11333.813410  9
  14545.967614  9
  11.411303  9.5
  502.421780  9.5
  1297.292717  9.5
  2500.996507  9.5
  4106.725289  9.5
  6114.163604  9.5
  8523.206185  9.5
  11333.813410  9.5
  14545.967614  9.5
  134.006891  8
  484.796354  8
  1288.405953  8
  2492.240099  8
  4098.052001  8
  6105.531988  8
  8514.598454  8
  11325.220633  8
  13.728698  8.5
  491.349321  8.5
  1288.353608  8.5
  2492.240239  8.5
  4098.052000  8.5
  6105.531988  8.5
  8514.598454  8.5
  11325.220633  8.5
  120.359045  7
  477.329990  7
  1280.497453  7
  2484.520027  7
  4090.402733  7
  6097.918310  7
  8507.005163  7
  16.435535  7.5
  481.724395  7.5
  1280.471254  7.5
  2484.520078  7.5
  4090.402733  7.5
  6097.918310  7.5
  8507.005163  7.5
  107.659283  6
  470.751568  6
  1273.655931  6
  2477.833756  6
  4083.776124  6
  6091.321649  6
  19.577302  6.5
  473.512113  6.5
  1273.644277  6.5
  2477.833771  6.5
  4083.776124  6.5
  6091.321649  6.5
  95.891567  5
  465.090897  5
  1267.875561  5
  2472.179378  5
  4078.170990  5
  23.200765  5.5
  466.675174  5.5
  1267.871188  5.5
  2472.179382  5.5
  4078.170990  5.5
  85.035759  4
  460.379465  4
  1263.151721  4
  2467.555276  4
  27.353353  4.5
  461.174405  4.5
  1263.150471  4.5
  2467.555277  4.5
  75.067686  3
  456.650477  3
  1259.480881  3
  32.082509  3.5
  456.969326  3.5
  1259.480673  3.5
  65.959269  2
  453.938846  2
  37.435042  2.5
  454.018715  2.5
  57.678683  1
  43.456504  1.5
