  230.294451  10
  882.619460  10
  2359.998982  10
  4574.159453  10
  7527.443837  10
  11219.381263  10
  15649.845719  10
  20818.789740  10
  26726.192185  10
  33372.042470  10
  28.323307  10.5
  892.115097  10.5
  2359.933350  10.5
  4574.159611  10.5
  7527.443837  10.5
  11219.381263  10.5
  15649.845719  10.5
  20818.789740  10.5
  26726.192185  10.5
  33372.042470  10.5
  212.459619  9
  873.111665  9
  2350.016498  9
  4564.409113  9
  7517.781643  9
  11209.763346  9
  15640.253157  9
  20809.213045  9
  26716.626077  9
  32.277088  9.5
  880.045552  9.5
  2349.978188  9.5
  4564.409186  9.5
  7517.781643  9.5
  11209.763346  9.5
  15640.253157  9.5
  20809.213045  9.5
  26716.626077  9.5
  195.565096  8
  864.500279  8
  2341.096004  8
  4555.689182  8
  7509.139030  8
  11201.159533  8
  15631.671556  8
  20800.645341  8
  36.681879  8.5
  869.371591  8.5
  2341.075095  8.5
  4555.689213  8.5
  7509.139030  8.5
  11201.159533  8.5
  15631.671556  8.5
  20800.645341  8.5
  179.598381  7
  856.807495  7
  2333.233431  7
  4547.998311  7
  7501.515161  7
  11193.569262  7
  15624.100511  7
  41.572219  7.5
  860.065420  7.5
  2333.222971  7.5
  4547.998322  7.5
  7501.515161  7.5
  11193.569262  7.5
  15624.100511  7.5
  164.544754  6
  850.056421  6
  2326.425357  6
  4541.335305  6
  7494.909298  6
  11186.992033  6
  46.982970  6.5
  852.098263  6.5
  2326.420706  6.5
  4541.335309  6.5
  7494.909298  6.5
  11186.992033  6.5
  150.387303  5
  844.271090  5
  2320.668961  5
  4535.699130  5
  7489.320803  5
  52.949057  5.5
  845.440590  5.5
  2320.667217  5.5
  4535.699130  5.5
  7489.320803  5.5
  137.106970  4
  839.476472  4
  2315.961977  4
  4531.088908  4
  59.505206  4.5
  840.062341  4.5
  2315.961479  4.5
  4531.088908  4.5
  124.682599  3
  835.698452  3
  2312.302651  3
  66.685691  3.5
  835.933148  3.5
  2312.302568  3.5
  113.091018  2
  832.963810  2
  74.524085  2.5
  833.022547  2.5
  102.307122  1
  83.053024  1.5
