  70.023530  10
  80.315825  10
  167.131639  10
  261.476301  10
  394.706656  10
  561.810252  10
  762.690796  10
  997.223929  10
  1265.357085  10
  1567.063808  10
  0.002077  10.5
  113.775694  10.5
  160.431393  10.5
  261.895012  10.5
  394.695168  10.5
  561.810420  10.5
  762.690794  10.5
  997.223929  10.5
  1265.357085  10.5
  1567.063808  10.5
  60.495309  9
  73.336817  9
  154.122052  9
  250.622884  9
  384.061189  9
  551.327321  9
  752.298663  9
  986.888795  9
  1255.060077  9
  0.005103  9.5
  99.148721  9.5
  150.039674  9.5
  250.818649  9.5
  384.057063  9.5
  551.327366  9.5
  752.298663  9.5
  986.888795  9.5
  1255.060077  9.5
  51.211250  8
  66.777209  8
  142.942781  8
  240.978916  8
  374.601829  8
  541.990058  8
  743.030639  8
  977.664260  8
  0.012357  8.5
  85.914318  8.5
  140.639895  8.5
  241.061298  8.5
  374.600554  8.5
  541.990067  8.5
  743.030639  8.5
  977.664260  8.5
  42.362040  7
  60.702573  7
  133.460147  7
  232.529929  7
  366.305650  7
  533.784303  7
  734.876617  7
  0.029383  7.5
  74.188075  7.5
  132.279329  7.5
  232.560113  7.5
  366.305330  7.5
  533.784305  7.5
  734.876617  7.5
  34.137661  6
  55.179396  6
  125.529993  6
  225.258102  6
  359.153234  6
  526.697618  6
  0.068243  6.5
  64.061683  6.5
  124.995411  6.5
  225.267209  6.5
  359.153176  6.5
  526.697618  6.5
  26.705089  5
  50.274906  5
  119.018512  5
  219.144403  5
  353.128203  5
  0.153738  5.5
  55.600161  5.5
  118.815363  5.5
  219.146435  5.5
  353.128197  5.5
  20.192954  4
  46.058229  4
  113.814926  4
  214.170418  4
  0.333074  4.5
  48.834670  4.5
  113.756334  4.5
  214.170673  4.5
  14.682840  3
  42.603256  3
  109.836086  3
  0.687378  3.5
  43.752215  3.5
  109.826257  3.5
  10.204650  2
  39.993370  2
  1.339311  2.5
  40.287820  2.5
  6.733980  1
  2.448536  1.5
