  38.055897  10
  38.055897  10
  102.116604  10
  102.116604  10
  150.046361  10
  150.049238  10
  180.923387  10
  181.977608  10
  195.369259  10
  205.482264  10
  -0.000000  10.5
  72.096362  10.5
  72.096363  10.5
  128.107241  10.5
  128.107298  10.5
  167.843340  10.5
  167.923736  10.5
  188.749111  10.5
  193.639371  10.5
  205.598914  10.5
  34.049536  9
  34.049536  9
  90.094689  9
  90.094702  9
  129.960272  9
  129.993537  9
  151.597847  9
  155.136639  9
  166.080919  9
  0.000000  9.5
  64.083133  9.5
  64.083133  9.5
  112.070451  9.5
  112.071347  9.5
  143.407980  9.5
  143.988905  9.5
  157.434623  9.5
  165.889860  9.5
  30.043146  8
  30.043147  8
  78.071106  8
  78.071337  8
  109.719596  8
  110.008512  8
  123.676080  8
  130.515459  8
  -0.000000  8.5
  56.069631  8.5
  56.069633  8.5
  96.020605  8.5
  96.032675  8.5
  118.352188  8.5
  120.758297  8.5
  130.820245  8.5
  26.036712  7
  26.036712  7
  66.042738  7
  66.046410  7
  88.974499  7
  90.483008  7
  99.820026  7
  0.000000  7.5
  48.055633  7.5
  48.055679  7.5
  79.898742  7.5
  80.025452  7.5
  94.032442  7.5
  99.350187  7.5
  22.030196  6
  22.030201  6
  53.986262  6
  54.033356  6
  68.444919  6
  72.382785  6
  0.000000  6.5
  40.040292  6.5
  40.041155  6.5
  63.441305  6.5
  64.290192  6.5
  73.075944  6.5
  18.023462  5
  18.023591  5
  41.749252  5
  42.160899  5
  50.568894  5
  0.000000  5.5
  32.016502  5.5
  32.030239  5.5
  46.863759  5.5
  49.599906  5.5
  14.015151  4
  14.017762  4
  29.250320  4
  30.986881  4
  0.000000  4.5
  23.918409  4.5
  24.078463  4.5
  32.260689  4.5
  9.987010  3
  10.028921  3
  18.098709  3
  0.000000  3.5
  15.576382  3.5
  16.528843  3.5
  5.822802  2
  6.211746  2
  0.000003  2.5
  8.028268  2.5
  2.004710  1
  0.001572  1.5
