  46.018164  10
  46.057501  10
  113.190205  10
  120.433983  10
  157.291757  10
  194.626353  10
  242.804402  10
  299.619381  10
  364.946656  10
  438.668971  10
  0.000000  10.5
  84.873558  10.5
  85.780424  10.5
  132.764516  10.5
  154.776380  10.5
  194.836802  10.5
  242.795345  10.5
  299.619597  10.5
  364.946653  10.5
  438.668971  10.5
  41.050182  9
  41.146160  9
  96.867301  9
  107.522403  9
  141.695534  9
  180.719121  9
  229.268928  9
  286.356814  9
  351.860654  9
  0.000000  9.5
  74.404562  9.5
  76.213988  9.5
  114.783477  9.5
  140.686638  9.5
  180.778144  9.5
  229.267182  9.5
  286.356839  9.5
  351.860654  9.5
  36.037653  8
  36.263670  8
  81.319391  8
  95.605536  8
  128.514318  8
  168.497823  8
  217.341108  8
  274.622966  8
  0.000000  8.5
  63.639770  8.5
  66.951791  8.5
  99.281238  8.5
  128.178795  8.5
  168.510932  8.5
  217.340870  8.5
  274.622968  8.5
  30.938514  7
  31.445673  7
  67.177517  7
  84.898865  7
  117.387685  7
  157.900586  7
  206.956231  7
  0.000003  7.5
  52.725568  7.5
  58.170396  7.5
  86.434272  7.5
  117.299376  7.5
  157.902654  7.5
  206.956214  7.5
  25.694848  6
  26.757194  6
  54.961281  6
  75.570168  6
  108.052127  6
  148.860895  6
  0.000021  6.5
  42.091525  6.5
  50.077657  6.5
  76.073641  6.5
  108.035521  6.5
  148.861070  6.5
  20.286461  5
  22.302291  5
  45.029365  5
  67.721043  5
  100.339223  5
  0.000170  5.5
  32.315418  5.5
  42.888622  5.5
  67.839083  5.5
  100.337526  5.5
  14.866087  4
  18.224633  4
  37.478121  4
  61.383435  4
  0.001300  4.5
  23.914660  4.5
  36.799608  4.5
  61.398658  4.5
  9.838409  3
  14.694794  3
  32.086587  3
  0.009195  3.5
  17.265335  3.5
  31.966722  3.5
  5.690234  2
  11.892284  2
  0.056993  2.5
  12.606501  2.5
  2.742057  1
  0.282544  1.5
