  48.177202  10
  48.282625  10
  114.840612  10
  126.872788  10
  167.370859  10
  213.001448  10
  269.977805  10
  336.985199  10
  413.883337  10
  500.580536  10
  0.000000  10.5
  87.757287  10.5
  89.747787  10.5
  136.081537  10.5
  165.990690  10.5
  213.091101  10.5
  269.974689  10.5
  336.985259  10.5
  413.883336  10.5
  500.580536  10.5
  42.908762  9
  43.138572  9
  98.237098  9
  114.141367  9
  153.065553  9
  199.830405  9
  257.128934  9
  324.353447  9
  401.394064  9
  0.000000  9.5
  76.451842  9.5
  79.939298  9.5
  119.249617  9.5
  152.534275  9.5
  199.855142  9.5
  257.128339  9.5
  324.353454  9.5
  401.394064  9.5
  37.565450  8
  38.048157  8
  82.865882  8
  102.530633  8
  140.808685  8
  188.233476  8
  245.775972  8
  313.156885  8
  0.000002  8.5
  64.944209  8.5
  70.554864  8.5
  104.973650  8.5
  140.636580  8.5
  188.238909  8.5
  245.775891  8.5
  313.156885  8.5
  32.097347  7
  33.061072  7
  69.214539  7
  92.199715  7
  130.342944  7
  178.152621  7
  235.869304  7
  0.000012  7.5
  53.553478  7.5
  61.770940  7.5
  93.175828  7.5
  130.298382  7.5
  178.153472  7.5
  235.869298  7.5
  26.463998  6
  28.256263  6
  57.655668  6
  83.258406  6
  121.493575  6
  169.531817  6
  0.000083  6.5
  42.769100  6.5
  53.775817  6.5
  83.569445  6.5
  121.485280  6.5
  169.531889  6.5
  20.716093  5
  23.745195  5
  48.388250  5
  75.760431  5
  114.146042  5
  0.000532  5.5
  33.087441  5.5
  46.750567  5.5
  75.832178  5.5
  114.145200  5.5
  15.099029  4
  19.666659  4
  41.356475  4
  69.708548  4
  0.003256  4.5
  24.905932  4.5
  40.851726  4.5
  69.717721  4.5
  10.028148  3
  16.174218  3
  36.285776  3
  0.018495  3.5
  18.507620  3.5
  36.197971  3.5
  5.907155  2
  13.425468  2
  0.092626  2.5
  14.063959  2.5
  2.968470  1
  0.380451  1.5
