  51.302606  10
  51.615962  10
  117.633569  10
  137.649250  10
  185.434266  10
  242.976940  10
  313.405420  10
  396.008681  10
  490.659754  10
  597.288657  10
  0.000000  10.5
  91.421665  10.5
  95.964221  10.5
  143.605519  10.5
  184.812654  10.5
  243.007274  10.5
  313.404605  10.5
  396.008693  10.5
  490.659754  10.5
  597.288657  10.5
  45.550909  9
  46.152598  9
  101.123317  9
  125.226598  9
  172.316629  9
  230.565684  9
  301.252609  9
  384.022015  9
  478.783107  9
  0.000003  9.5
  79.020828  9.5
  85.909603  9.5
  128.325138  9.5
  172.084513  9.5
  230.573947  9.5
  301.252455  9.5
  384.022017  9.5
  478.783107  9.5
  39.677922  8
  40.788388  8
  86.258734  8
  114.025430  8
  160.922412  8
  219.607582  8
  290.486364  8
  373.376828  8
  0.000014  8.5
  66.721640  8.5
  76.427701  8.5
  115.431407  8.5
  160.848696  8.5
  219.609380  8.5
  290.486343  8.5
  373.376828  8.5
  33.645835  7
  35.588808  7
  73.367998  7
  104.142351  7
  151.096785  7
  210.054704  7
  281.070109  7
  0.000073  7.5
  54.939798  7.5
  67.678308  7.5
  104.683934  7.5
  151.077942  7.5
  210.054984  7.5
  281.070107  7.5
  27.475414  6
  30.643880  6
  62.655196  6
  95.631771  6
  142.733446  6
  201.863456  6
  0.000377  6.5
  44.110120  6.5
  59.817489  6.5
  95.800495  6.5
  142.729967  6.5
  201.863479  6.5
  21.323060  5
  26.065758  5
  54.139501  5
  88.507853  5
  135.758119  5
  0.001900  5.5
  34.601760  5.5
  52.985566  5.5
  88.546267  5.5
  135.757768  5.5
  15.501843  4
  21.981274  4
  47.644247  4
  82.753517  4
  0.009124  4.5
  26.695217  4.5
  47.297322  4.5
  82.758392  4.5
  10.386231  3
  18.523105  3
  42.894501  3
  0.040687  3.5
  20.587588  3.5
  42.834944  3.5
  6.277409  2
  15.826662  2
  0.161557  2.5
  16.382102  2.5
  3.322490  1
  0.542283  1.5
