  102.721991  10
  195.844614  10
  466.366514  10
  860.231639  10
  1387.295249  10
  2046.543760  10
  2837.822560  10
  3761.070590  10
  4816.260517  10
  6003.378606  10
  0.646453  10.5
  216.642764  10.5
  465.486769  10.5
  860.243805  10.5
  1387.295170  10.5
  2046.543760  10.5
  2837.822560  10.5
  3761.070590  10.5
  4816.260517  10.5
  6003.378606  10.5
  89.820138  9
  187.501102  9
  455.861733  9
  850.237520  9
  1377.429708  9
  2036.744910  9
  2828.062067  9
  3751.334173  9
  4806.540197  9
  0.948802  9.5
  202.952032  9.5
  455.346002  9.5
  850.243144  9.5
  1377.429680  9.5
  2036.744911  9.5
  2828.062067  9.5
  3751.334173  9.5
  4806.540197  9.5
  77.842325  8
  179.847674  8
  446.556407  8
  841.317911  8
  1368.617125  8
  2027.987255  8
  2819.335991  8
  3742.627910  8
  1.377703  8.5
  190.876399  8.5
  446.273929  8.5
  841.320258  8.5
  1368.617116  8.5
  2027.987256  8.5
  2819.335991  8.5
  3742.627910  8.5
  66.820257  7
  172.920055  7
  438.414978  7
  833.465538  7
  1360.852652  7
  2020.267544  7
  2811.641998  7
  1.976854  7.5
  180.402802  7.5
  438.273250  7.5
  833.466393  7.5
  1360.852649  7.5
  2020.267544  7.5
  2811.641998  7.5
  56.773555  6
  166.756222  6
  431.408106  6
  826.673827  6
  1354.132024  6
  2013.582912  6
  2.799937  6.5
  171.505726  6.5
  431.344937  6.5
  826.674084  6.5
  1354.132023  6.5
  2013.582912  6.5
  47.709421  5
  161.397092  5
  425.512251  5
  820.936980  5
  1348.451555  5
  3.910540  5.5
  164.147136  5.5
  425.488508  5.5
  820.937037  5.5
  1348.451555  5.5
  39.622379  4
  156.887252  4
  420.709147  4
  816.250032  4
  5.381130  4.5
  158.277272  4.5
  420.702351  4.5
  816.250039  4.5
  32.494116  3
  153.275662  3
  416.985229  3
  7.291009  3.5
  153.836389  3.5
  416.984095  3.5
  26.293482  2
  150.616237  2
  9.723443  2.5
  150.757267  2.5
  20.976774  1
  12.762269  1.5
