  756.043721  10
  4501.833775  10
  12406.552999  10
  24265.735379  10
  40078.964233  10
  59845.816422  10
  83566.171598  10
  111239.984594  10
  142867.235327  10
  178447.913753  10
  307.116847  10.5
  4505.995527  10.5
  12406.547715  10.5
  24265.735381  10.5
  40078.964233  10.5
  59845.816422  10.5
  83566.171598  10.5
  111239.984594  10.5
  142867.235327  10.5
  178447.913753  10.5
  726.151200  9
  4491.691763  9
  12396.642542  9
  24256.027696  9
  40069.337389  9
  59836.230033  9
  83556.608337  9
  111230.435792  9
  142857.696165  9
  322.831911  9.5
  4494.720770  9.5
  12396.639460  9.5
  24256.027697  9.5
  40069.337389  9.5
  59836.230033  9.5
  83556.608337  9.5
  111230.435792  9.5
  142857.696165  9.5
  697.110088  8
  4482.566777  8
  12387.776982  8
  24247.342630  8
  40060.724363  8
  59827.653053  8
  83548.051962  8
  111221.892297  8
  339.173714  8.5
  4484.688509  8.5
  12387.775300  8.5
  24247.342631  8.5
  40060.724363  8.5
  59827.653053  8.5
  83548.051962  8.5
  111221.892297  8.5
  668.910550  7
  4474.470287  7
  12379.955728  7
  24239.679930  7
  40053.125000  7
  59820.085376  7
  83540.502396  7
  356.156780  7.5
  4475.885616  7.5
  12379.954887  7.5
  24239.679930  7.5
  40053.125000  7.5
  59820.085376  7.5
  83540.502396  7.5
  641.542382  6
  4467.413929  6
  12373.178274  6
  24233.039371  6
  40046.539162  6
  59813.526910  6
  373.795478  6.5
  4468.298965  6.5
  12373.177901  6.5
  24233.039372  6.5
  40046.539162  6.5
  59813.526910  6.5
  614.995021  5
  4461.409494  5
  12367.444192  5
  24227.420764  5
  40040.966731  5
  392.104005  5.5
  4461.915448  5.5
  12367.444052  5.5
  24227.420764  5.5
  40040.966731  5.5
  589.257554  4
  4456.468925  4
  12362.753128  4
  24222.823943  4
  411.096365  4.5
  4456.721993  4.5
  12362.753088  4.5
  24222.823943  4.5
  564.318723  3
  4452.604314  3
  12359.104802  3
  430.786354  3.5
  4452.705569  3.5
  12359.104795  3.5
  540.166942  2
  4449.827893  2
  451.187542  2.5
  4449.853211  2.5
  516.790300  1
  472.313259  1.5
