  49.475045  10
  49.647211  10
  115.910788  10
  131.129111  10
  174.413276  10
  224.951569  10
  287.387306  10
  360.720578  10
  444.814649  10
  539.588292  10
  0.000000  10.5
  89.345949  10.5
  92.251059  10.5
  138.824188  10.5
  173.431665  10.5
  225.007722  10.5
  287.385562  10.5
  360.720609  10.5
  444.814649  10.5
  539.588292  10.5
  44.013325  9
  44.367928  9
  99.293890  9
  118.522544  9
  160.673965  9
  212.130576  9
  274.860113  9
  348.386319  9
  432.607595  9
  0.000001  9.5
  77.560166  9.5
  82.327360  9.5
  122.665869  9.5
  160.301874  9.5
  212.145971  9.5
  274.859781  9.5
  348.386322  9.5
  432.607595  9.5
  38.457016  8
  39.160030  8
  84.109195  8
  107.087749  8
  148.824700  8
  200.828395  8
  263.777850  8
  337.443787  8
  0.000005  8.5
  65.682645  8.5
  72.893289  8.5
  109.019572  8.5
  148.705355  8.5
  200.831761  8.5
  263.777806  8.5
  337.443788  8.5
  32.757444  7
  34.080514  7
  70.771867  7
  96.955208  7
  138.658162  7
  190.991086  7
  254.097167  7
  0.000027  7.5
  54.094453  7.5
  64.119831  7.5
  97.713213  7.5
  138.627457  7.5
  190.991611  7.5
  254.097164  7.5
  26.895418  6
  29.214107  6
  59.580431  6
  88.208292  6
  130.034161  6
  182.568236  6
  0.000163  6.5
  43.273858  6.5
  56.181864  6.5
  88.447134  6.5
  130.028468  6.5
  182.568281  6.5
  20.967557  5
  24.673650  5
  50.651861  5
  80.881053  5
  122.858416  5
  0.000941  5.5
  33.661605  5.5
  49.242295  5.5
  80.935791  5.5
  122.857840  5.5
  15.256535  4
  20.593326  4
  43.867712  4
  74.965764  4
  0.005165  4.5
  25.599731  4.5
  43.438452  4.5
  74.972737  4.5
  10.165728  3
  17.117447  3
  38.946091  3
  0.026309  3.5
  19.330623  3.5
  38.871895  3.5
  6.053243  2
  14.393298  2
  0.118629  2.5
  14.994286  2.5
  3.111379  1
  0.444566  1.5
