  98.451114  10
  177.539651  10
  416.995311  10
  762.997721  10
  1226.427658  10
  1806.147675  10
  2501.999398  10
  3313.919385  10
  4241.879235  10
  5285.864670  10
  0.436207  10.5
  199.450428  10.5
  415.927160  10.5
  763.014598  10.5
  1226.427532  10.5
  1806.147675  10.5
  2501.999398  10.5
  3313.919385  10.5
  4241.879235  10.5
  5285.864670  10.5
  85.800882  9
  169.304795  9
  406.390027  9
  752.962694  9
  1216.527588  9
  1796.318183  9
  2492.210501  9
  3304.155975  9
  4232.132868  9
  0.661471  9.5
  185.623246  9.5
  405.763252  9.5
  752.970498  9.5
  1216.527543  9.5
  1796.318183  9.5
  2492.210501  9.5
  3304.155975  9.5
  4232.132868  9.5
  74.051885  8
  161.740865  8
  397.011643  8
  744.009440  8
  1207.686186  8
  1787.534495  8
  2483.460004  8
  3295.426308  8
  0.991663  8.5
  173.416979  8.5
  396.668084  8.5
  744.012696  8.5
  1207.686172  8.5
  1787.534495  8.5
  2483.460004  8.5
  3295.426308  8.5
  63.245223  7
  154.885002  7
  388.818184  7
  736.129790  7
  1199.897903  7
  1779.792899  7
  2475.745242  7
  1.467720  7.5
  162.824929  7.5
  388.645708  7.5
  736.130976  7.5
  1199.897899  7.5
  1779.792899  7.5
  2475.745242  7.5
  53.408446  6
  148.776536  6
  381.774966  6
  729.316320  6
  1193.157863  6
  1773.090122  6
  2.141631  6.5
  153.826589  6.5
  381.698055  6.5
  729.316676  6.5
  1193.157862  6.5
  1773.090122  6.5
  44.555097  5
  143.457773  5
  375.854164  5
  723.562453  5
  1187.461853  5
  3.076845  5.5
  146.387099  5.5
  375.825246  5.5
  723.562532  5.5
  1187.461853  5.5
  36.684349  4
  138.974872  4
  371.034232  4
  718.862541  4
  4.347544  4.5
  140.457734  4.5
  371.025952  4.5
  718.862551  4.5
  29.780766  3
  135.378722  3
  367.299211  3
  6.036604  3.5
  135.977607  3.5
  367.297829  3.5
  23.814234  2
  132.725710  2
  8.232373  2.5
  132.876465  2.5
  18.740216  1
  11.024663  1.5
