  38.037708  10
  38.037708  10
  102.078682  10
  102.078682  10
  150.031978  10
  150.033061  10
  181.317222  10
  181.934957  10
  195.364121  10
  203.913727  10
  0.000000  10.5
  72.065011  10.5
  72.065011  10.5
  128.072426  10.5
  128.072444  10.5
  167.904294  10.5
  167.941522  10.5
  189.474497  10.5
  193.112531  10.5
  204.098939  10.5
  34.033417  9
  34.033417  9
  90.063906  9
  90.063910  9
  129.977369  9
  129.992674  9
  152.182334  9
  154.769466  9
  164.945609  9
  0.000000  9.5
  64.056087  9.5
  64.056087  9.5
  112.047769  9.5
  112.048105  9.5
  143.630345  9.5
  143.963982  9.5
  157.578513  9.5
  164.662160  9.5
  30.029107  8
  30.029107  8
  78.048040  8
  78.048127  8
  109.827404  8
  109.990962  8
  123.894336  8
  129.581789  8
  0.000000  8.5
  56.046981  8.5
  56.046981  8.5
  96.015424  8.5
  96.020953  8.5
  118.785067  8.5
  120.512457  8.5
  130.004072  8.5
  26.024767  7
  26.024767  7
  66.029298  7
  66.030975  7
  89.262533  7
  90.326058  7
  99.272813  7
  0.000000  7.5
  48.037547  7.5
  48.037564  7.5
  79.939370  7.5
  80.010419  7.5
  94.266854  7.5
  98.664636  7.5
  22.020372  6
  22.020374  6
  53.993648  6
  54.019898  6
  68.656633  6
  71.901242  6
  0.000000  6.5
  40.027291  6.5
  40.027684  6.5
  63.607102  6.5
  64.195776  6.5
  72.741612  6.5
  18.015844  5
  18.015902  5
  41.826764  5
  42.108519  5
  50.387774  5
  0.000000  5.5
  32.011985  5.5
  32.019616  5.5
  47.031570  5.5
  49.281046  5.5
  14.010382  4
  14.011829  4
  29.366943  4
  30.793012  4
  0.000000  4.5
  23.944302  4.5
  24.052915  4.5
  32.176481  4.5
  9.991190  3
  10.019505  3
  18.066620  3
  0.000000  3.5
  15.644574  3.5
  16.426389  3.5
  5.852034  2
  6.171266  2
  0.000001  2.5
  8.019064  2.5
  2.003177  1
  0.001060  1.5
