  38.777780  10
  38.777781  10
  103.602237  10
  103.608048  10
  149.694657  10
  151.176599  10
  174.161872  10
  189.567419  10
  211.896427  10
  237.762204  10
  0.000000  10.5
  73.336811  10.5
  73.336949  10.5
  129.364753  10.5
  129.494784  10.5
  163.153271  10.5
  170.172297  10.5
  190.097877  10.5
  211.868148  10.5
  237.762763  10.5
  34.689070  9
  34.689081  9
  91.279514  9
  91.310573  9
  127.649452  9
  131.496416  9
  150.091547  9
  168.443060  9
  191.392723  9
  0.000000  9.5
  65.151442  9.5
  65.152338  9.5
  112.625173  9.5
  113.153995  9.5
  137.729247  9.5
  148.923530  9.5
  168.521151  9.5
  191.390925  9.5
  30.599912  8
  30.599996  8
  78.883514  8
  79.032661  8
  105.759895  8
  113.076213  8
  130.233401  8
  150.055756  8
  0.000000  8.5
  56.959965  8.5
  56.965458  8.5
  95.389125  8.5
  97.121842  8.5
  115.365193  8.5
  130.028455  8.5
  150.061412  8.5
  26.509863  7
  26.510456  7
  66.265676  7
  66.874270  7
  85.754781  7
  96.583989  7
  113.772003  7
  0.000000  7.5
  48.750410  7.5
  48.781463  7.5
  77.726867  7.5
  81.866988  7.5
  97.084449  7.5
  113.754701  7.5
  22.417183  6
  22.421150  6
  53.211755  6
  55.112624  6
  69.132316  6
  82.481756  6
  0.000000  6.5
  40.475648  6.5
  40.631328  6.5
  60.840988  6.5
  68.033740  6.5
  82.532660  6.5
  18.313501  5
  18.337920  5
  40.132159  5
  44.258588  5
  56.362697  5
  0.000000  5.5
  31.994473  5.5
  32.635056  5.5
  46.335525  5.5
  56.221126  5.5
  14.160758  4
  14.292409  4
  28.411491  4
  34.936900  4
  0.000000  4.5
  23.224773  4.5
  25.104549  4.5
  35.297289  4.5
  9.852180  3
  10.406926  3
  19.354034  3
  0.000009  3.5
  14.921056  3.5
  18.560865  3.5
  5.497263  2
  6.988627  2
  0.000535  2.5
  8.397881  2.5
  2.066084  1
  0.022347  1.5
