  89.406929  10
  141.042131  10
  319.617306  10
  570.602291  10
  907.971971  10
  1330.156027  10
  1836.987133  10
  2428.394233  10
  3104.345555  10
  3864.825113  10
  0.149158  10.5
  165.810930  10.5
  317.894505  10.5
  570.640242  10.5
  907.971580  10.5
  1330.156030  10.5
  1836.987133  10.5
  2428.394233  10.5
  3104.345555  10.5
  3864.825113  10.5
  77.386502  9
  133.088909  9
  308.683195  9
  560.440760  9
  897.964044  9
  1320.230984  9
  1827.109730  9
  2418.546756  9
  3094.518098  9
  0.248045  9.5
  151.667537  9.5
  307.668807  9.5
  560.458327  9.5
  897.963904  9.5
  1320.230984  9.5
  1827.109730  9.5
  2418.546756  9.5
  3094.518098  9.5
  66.182648  8
  125.755711  8
  299.066236  8
  551.383091  8
  889.032706  8
  1311.366164  8
  1818.283171  8
  2409.744224  8
  0.407188  8.5
  139.142021  8.5
  298.508724  8.5
  551.390428  8.5
  889.032663  8.5
  1311.366164  8.5
  1818.283171  8.5
  2409.744224  8.5
  55.866367  7
  119.084079  7
  290.703717  7
  543.418610  7
  881.170182  7
  1303.556394  7
  1810.503745  7
  0.658455  7.5
  128.247848  7.5
  290.423251  7.5
  543.421283  7.5
  881.170171  7.5
  1303.556394  7.5
  1810.503745  7.5
  46.491100  6
  113.117347  6
  283.543265  6
  536.537397  6
  874.369655  6
  1296.797117  6
  1.046508  6.5
  118.981876  6.5
  283.418002  6.5
  536.538200  6.5
  874.369653  6.5
  1296.797117  6.5
  38.091626  5
  107.901667  5
  277.542724  5
  530.730527  5
  868.625250  5
  1.631025  5.5
  111.322141  5.5
  277.495569  5.5
  530.730705  5.5
  868.625250  5.5
  30.683274  4
  103.487278  4
  272.669507  4
  525.990252  4
  2.487553  4.5
  105.226806  4.5
  272.655993  4.5
  525.990274  4.5
  24.261351  3
  99.929926  3
  268.899632  3
  3.706222  3.5
  100.635050  3.5
  268.897375  3.5
  18.800800  2
  97.292272  2
  5.387992  2.5
  97.470238  2.5
  14.256276  1
  7.638855  1.5
