  40.292966  10
  40.293148  10
  106.508091  10
  106.719569  10
  146.778980  10
  156.617989  10
  182.136272  10
  210.678172  10
  244.706287  10
  283.540976  10
  0.000000  10.5
  75.911126  10.5
  75.920439  10.5
  130.676864  10.5
  132.941933  10.5
  161.004286  10.5
  181.565990  10.5
  210.711822  10.5
  244.705313  10.5
  283.540987  10.5
  36.029906  9
  36.030714  9
  93.341462  9
  93.982417  9
  124.715303  9
  138.772701  9
  163.868728  9
  193.393423  9
  227.860447  9
  0.000000  9.5
  67.346457  9.5
  67.381766  9.5
  111.992176  9.5
  116.748561  9.5
  140.358241  9.5
  163.745472  9.5
  193.397715  9.5
  227.860390  9.5
  31.764415  8
  31.767905  8
  79.792233  8
  81.487760  8
  105.212205  8
  122.846132  8
  148.191848  8
  178.271075  8
  0.000000  8.5
  58.734111  8.5
  58.859683  8.5
  93.433118  8.5
  101.567813  8.5
  123.258766  8.5
  148.173772  8.5
  178.271359  8.5
  27.492472  7
  27.506919  7
  65.835315  7
  69.521346  7
  89.052420  7
  109.036500  7
  134.774474  7
  0.000000  7.5
  49.998605  7.5
  50.406186  7.5
  76.180834  7.5
  87.847049  7.5
  109.108091  7.5
  134.773098  7.5
  23.200819  6
  23.257222  6
  52.077384  6
  58.480024  6
  76.203176  6
  97.365665  6
  0.000000  6.5
  41.001645  6.5
  42.150840  6.5
  61.339591  6.5
  75.943908  6.5
  97.372093  6.5
  18.849508  5
  19.051291  5
  39.598700  5
  48.787888  5
  66.072295  5
  0.000000  5.5
  31.725593  5.5
  34.341725  5.5
  49.601718  5.5
  66.043800  5.5
  14.353182  4
  14.978675  4
  29.358887  4
  40.786453  4
  0.000010  4.5
  22.720392  4.5
  27.336409  4.5
  40.902910  4.5
  9.703574  3
  11.227908  3
  21.936929  3
  0.000228  3.5
  14.955708  3.5
  21.524368  3.5
  5.377590  2
  8.087310  2
  0.004639  2.5
  9.201523  2.5
  2.198238  1
  0.068869  1.5
