  103.799507  10
  200.553770  10
  479.107095  10
  885.303587  10
  1428.770161  10
  2108.519337  10
  2924.397383  10
  3876.343756  10
  4964.331358  10
  6188.346573  10
  0.707695  10.5
  221.091448  10.5
  478.267096  10.5
  885.314843  10.5
  1428.770090  10.5
  2108.519337  10.5
  2924.397383  10.5
  3876.343756  10.5
  4964.331358  10.5
  6188.346573  10.5
  90.837299  9
  192.184821  9
  468.623984  9
  875.318459  9
  1418.912189  9
  2098.727208  9
  2914.643120  9
  3866.613261  9
  4954.616753  9
  1.031027  9.5
  207.433596  9.5
  468.131651  9.5
  875.323662  9.5
  1418.912163  9.5
  2098.727208  9.5
  2914.643120  9.5
  3866.613261  9.5
  4954.616753  9.5
  78.803751  8
  184.510417  8
  459.334430  8
  866.406239  8
  1410.105925  8
  2089.975263  8
  2905.922402  8
  3857.912133  8
  1.486312  8.5
  195.388955  8.5
  459.064810  8.5
  866.408409  8.5
  1410.105917  8.5
  2089.975263  8.5
  2905.922402  8.5
  3857.912133  8.5
  67.728535  7
  177.565968  7
  451.204255  7
  858.559852  7
  1402.346673  7
  2082.260353  7
  2898.232966  7
  2.117814  7.5
  184.943097  7.5
  451.068996  7.5
  858.560642  7.5
  1402.346671  7.5
  2082.260353  7.5
  2898.232966  7.5
  57.629569  6
  171.389145  6
  444.205267  6
  851.772915  6
  1395.630303  6
  2075.579702  6
  2.979508  6.5
  176.069480  6.5
  444.144986  6.5
  851.773152  6.5
  1395.630303  6.5
  2075.579702  6.5
  48.512705  5
  166.020541  5
  438.314839  5
  846.039801  5
  1389.953245  5
  4.134914  5.5
  168.729461  5.5
  438.292184  5.5
  846.039854  5.5
  1389.953245  5.5
  40.371494  4
  161.504373  4
  433.515408  4
  841.355698  4
  5.656010  4.5
  162.873155  4.5
  433.508924  4.5
  841.355704  4.5
  33.187038  3
  157.889144  3
  429.793920  3
  7.621219  3.5
  158.441161  3.5
  429.792837  3.5
  26.928010  2
  155.228187  2
  10.112607  2.5
  155.367001  2.5
  21.550938  1
  13.212643  1.5
