  38.028510  10
  38.028510  10
  102.059496  10
  102.059496  10
  150.024420  10
  150.024961  10
  181.508688  10
  181.926348  10
  195.463011  10
  203.014268  10
  0.000000  10.5
  72.049154  10.5
  72.049154  10.5
  128.054788  10.5
  128.054796  10.5
  167.931544  10.5
  167.953009  10.5
  189.923890  10.5
  192.843759  10.5
  203.261606  10.5
  34.025265  9
  34.025265  9
  90.048327  9
  90.048329  9
  129.984505  9
  129.993302  9
  152.530739  9
  154.582816  9
  164.320294  9
  -0.000000  9.5
  64.042408  9.5
  64.042408  9.5
  112.036201  9.5
  112.036369  9.5
  143.735743  9.5
  143.959021  9.5
  157.734063  9.5
  163.958226  9.5
  30.022007  8
  30.022007  8
  78.036347  8
  78.036390  8
  109.877480  8
  109.986156  8
  124.068833  8
  129.046055  8
  -0.000000  8.5
  56.035523  8.5
  56.035524  8.5
  96.012248  8.5
  96.015419  8.5
  119.033941  8.5
  120.387803  8.5
  129.562011  8.5
  26.018725  7
  26.018725  7
  66.022330  7
  66.023290  7
  89.422476  7
  90.246605  7
  98.982033  7
  -0.000000  7.5
  48.028394  7.5
  48.028402  7.5
  79.957732  7.5
  80.004718  7.5
  94.433139  7.5
  98.270596  7.5
  22.015403  6
  22.015404  6
  53.996531  6
  54.013839  6
  68.797887  6
  71.623704  6
  0.000000  6.5
  40.020676  6.5
  40.020901  6.5
  63.696283  6.5
  64.148023  6.5
  72.567282  6.5
  18.011985  5
  18.012019  5
  41.867389  5
  42.082038  5
  50.294783  5
  0.000000  5.5
  32.009448  5.5
  32.014471  5.5
  47.139685  5.5
  49.096605  5.5
  14.007922  4
  14.008874  4
  29.440513  4
  30.680400  4
  0.000000  4.5
  23.957633  4.5
  24.040001  4.5
  32.133672  4.5
  9.993321  3
  10.014745  3
  18.050380  3
  0.000000  3.5
  15.687026  3.5
  16.366617  3.5
  5.870067  2
  6.147546  2
  0.000001  2.5
  8.014411  2.5
  2.002402  1
  0.000801  1.5
