  54.094296  10
  54.767648  10
  120.933150  10
  148.916790  10
  204.693248  10
  273.482685  10
  357.024875  10
  454.858725  10
  566.873997  10
  693.013095  10
  0.000003  10.5
  94.328300  10.5
  102.160255  10.5
  152.930407  10.5
  204.370548  10.5
  273.495406  10.5
  357.024596  10.5
  454.858728  10.5
  566.873997  10.5
  693.013095  10.5
  47.857606  9
  49.037512  9
  104.765662  9
  136.776356  9
  192.268136  9
  261.563453  9
  345.320221  9
  443.289905  9
  555.395478  9
  0.000012  9.5
  81.162168  9.5
  91.961159  9.5
  138.786327  9.5
  192.149358  9.5
  261.566896  9.5
  345.320168  9.5
  443.289906  9.5
  555.395478  9.5
  41.469600  8
  43.453275  8
  90.462714  8
  125.898504  8
  181.394242  8
  251.018010  8
  334.933517  8
  433.002916  8
  0.000057  8.5
  68.410769  8.5
  82.441763  8.5
  126.785581  8.5
  181.356886  8.5
  251.018756  8.5
  334.933510  8.5
  433.002916  8.5
  34.928945  7
  38.089194  7
  78.237917  7
  116.340608  7
  171.967810  7
  241.806732  7
  325.835694  7
  0.000254  7.5
  56.465794  7.5
  73.741631  7.5
  116.676134  7.5
  171.958323  7.5
  241.806848  7.5
  325.835693  7.5
  28.327113  6
  33.038310  6
  68.168779  6
  108.126630  6
  163.914591  6
  233.894311  6
  0.001113  6.5
  45.679254  6.5
  65.990308  6.5
  108.229986  6.5
  163.912848  6.5
  233.894321  6.5
  21.888055  5
  28.408057  5
  60.166218  5
  101.252110  5
  157.179882  5
  0.004721  5.5
  36.333278  5.5
  59.299546  5.5
  101.275483  5.5
  157.179706  5.5
  15.932724  4
  24.313683  4
  54.014294  4
  95.693003  4
  0.019092  4.5
  28.640128  4.5
  53.757257  4.5
  95.695958  4.5
  10.780577  3
  20.873028  3
  49.467316  3
  0.071854  3.5
  22.744607  3.5
  49.423509  3.5
  6.661387  2
  18.207630  2
  0.243032  2.5
  18.705350  2.5
  3.671029  1
  0.710711  1.5
