  109.807263  10
  227.410772  10
  552.006791  10
  1028.650924  10
  1665.871247  10
  2462.798028  10
  3419.281904  10
  4535.264764  10
  5810.720609  10
  7245.636380  10
  1.111675  10.5
  246.626217  10.5
  551.346087  10.5
  1028.658440  10.5
  1665.871206  10.5
  2462.798028  10.5
  3419.281904  10.5
  4535.264764  10.5
  5810.720609  10.5
  7245.636380  10.5
  96.526317  9
  218.912449  9
  541.623936  9
  1018.708286  9
  1656.048955  9
  2453.037595  9
  3409.557036  9
  4525.562212  9
  5801.032973  9
  1.561924  9.5
  233.140250  9.5
  541.237034  9.5
  1018.711759  9.5
  1656.048940  9.5
  2453.037595  9.5
  3409.557036  9.5
  4525.562212  9.5
  5801.032973  9.5
  84.193608  8
  211.131259  8
  532.407470  8
  1009.830950  8
  1647.272488  8
  2444.312585  8
  3400.861595  8
  4516.885316  8
  2.173487  8.5
  221.254967  8.5
  532.195742  8.5
  1009.832398  8.5
  1647.272483  8.5
  2444.312585  8.5
  3400.861595  8.5
  4516.885316  8.5
  72.829393  7
  204.101091  7
  524.329580  7
  1002.012814  7
  1639.537865  7
  2436.620326  7
  3393.193662  7
  2.992961  7.5
  210.949791  7.5
  524.223425  7.5
  1002.013342  7.5
  1639.537864  7.5
  2436.620326  7.5
  3393.193662  7.5
  62.443771  6
  197.858100  6
  517.367327  6
  995.248402  6
  1632.841584  6
  2429.958460  6
  4.075205  6.5
  202.193772  6.5
  517.320038  6.5
  995.248560  6.5
  1632.841584  6.5
  2429.958460  6.5
  53.036480  5
  192.441243  5
  511.502274  5
  989.532905  5
  1627.180614  5
  5.482802  5.5
  194.945966  5.5
  511.484507  5.5
  989.532941  5.5
  1627.180614  5.5
  44.596734  4
  187.892824  4
  506.720072  4
  984.862222  4
  7.284832  4.5
  189.156456  4.5
  506.714989  4.5
  984.862227  4.5
  37.103158  3
  184.258989  3
  503.010016  3
  9.555005  3.5
  184.767978  3.5
  503.009168  3.5
  30.523862  2
  181.590092  2
  12.369305  2.5
  181.717974  2.5
  24.816730  1
  15.803393  1.5
