  90.755643  10
  146.256108  10
  333.408931  10
  597.928150  10
  953.220022  10
  1397.799868  10
  1931.501681  10
  2554.255846  10
  3266.031226  10
  4066.812152  10
  0.179606  10.5
  170.549707  10.5
  331.815090  10.5
  597.961394  10.5
  953.219698  10.5
  1397.799870  10.5
  1931.501681  10.5
  2554.255846  10.5
  3266.031226  10.5
  4066.812152  10.5
  78.629843  9
  138.255584  9
  322.537634  9
  587.790053  9
  943.232211  9
  1387.892625  9
  1921.640758  9
  2544.424018  9
  3256.218860  9
  0.293865  9.5
  156.455076  9.5
  321.599829  9.5
  587.805438  9.5
  943.232095  9.5
  1387.892625  9.5
  1921.640758  9.5
  2544.424018  9.5
  3256.218860  9.5
  67.337593  8
  130.883796  8
  312.966244  8
  578.751772  8
  934.317636  8
  1379.042915  8
  1912.828359  8
  2535.635047  8
  0.474735  8.5
  143.980723  8.5
  312.451099  8.5
  578.758197  8.5
  934.317600  8.5
  1379.042915  8.5
  1912.828359  8.5
  2535.635047  8.5
  56.944308  7
  124.181459  7
  304.635947  7
  570.803065  7
  926.468942  7
  1371.245837  7
  1905.060968  7
  0.755731  7.5
  133.136401  7.5
  304.376899  7.5
  570.805406  7.5
  926.468933  7.5
  1371.245837  7.5
  1905.060968  7.5
  47.498517  6
  118.191171  6
  297.497754  6
  563.934459  6
  919.679679  6
  1364.497076  6
  1.182997  6.5
  123.915637  6.5
  297.382093  6.5
  563.935162  6.5
  919.679677  6.5
  1364.497076  6.5
  39.030911  5
  112.958402  5
  291.512280  5
  558.137455  5
  913.944282  5
  1.817184  5.5
  116.293825  5.5
  291.468749  5.5
  558.137611  5.5
  913.944281  5.5
  31.553658  4
  108.532695  4
  286.649077  4
  553.404692  4
  2.733947  4.5
  110.227515  4.5
  286.636604  4.5
  553.404712  4.5
  25.059897  3
  104.968990  3
  282.885720  3
  4.022439  3.5
  105.655524  3.5
  282.883637  3.5
  19.523456  2
  102.328909  2
  5.781596  2.5
  102.502098  2.5
  14.898971  1
  8.114635  1.5
