  39.724413  10
  39.724465  10
  105.462618  10
  105.546506  10
  147.725757  10
  154.180418  10
  177.860979  10
  202.543349  10
  232.740824  10
  267.349915  10
  0.000000  10.5
  74.950593  10.5
  74.953698  10.5
  130.406912  10.5
  131.531298  10.5
  160.567355  10.5
  176.767475  10.5
  202.622143  10.5
  232.738136  10.5
  267.349951  10.5
  35.527066  9
  35.527331  9
  92.650715  9
  92.947345  9
  125.190885  9
  135.663685  9
  158.188221  9
  184.239813  9
  214.945677  9
  0.000000  9.5
  66.532348  9.5
  66.545925  9.5
  112.366815  9.5
  115.202764  9.5
  138.224280  9.5
  157.938433  9.5
  184.250137  9.5
  214.945517  9.5
  31.328297  8
  31.329612  8
  79.566192  8
  80.491844  8
  104.635252  8
  118.955175  8
  141.498817  8
  168.263120  8
  0.000000  8.5
  58.087489  8.5
  58.143275  8.5
  93.990373  8.5
  99.670935  8.5
  119.674111  8.5
  141.460962  8.5
  168.263815  8.5
  27.125935  7
  27.132201  7
  66.034293  7
  68.418388  7
  87.224705  7
  104.384746  7
  127.305459  7
  0.000000  7.5
  49.566932  7.5
  49.776998  7.5
  76.347643  7.5
  85.436442  7.5
  104.515016  7.5
  127.302518  7.5
  22.912117  6
  22.940294  6
  52.355331  6
  57.118356  6
  73.368672  6
  92.061993  6
  0.000000  6.5
  40.850266  6.5
  41.542499  6.5
  60.746610  6.5
  72.960401  6.5
  92.073975  6.5
  18.659204  5
  18.775557  5
  39.582634  5
  47.067497  5
  62.580293  5
  0.000000  5.5
  31.817364  5.5
  33.657932  5.5
  48.170041  5.5
  62.534005  5.5
  14.291252  4
  14.709009  4
  28.862067  4
  38.692435  4
  0.000003  4.5
  22.822684  4.5
  26.486392  4.5
  38.857010  4.5
  9.743206  3
  10.915419  3
  20.970638  3
  0.000098  3.5
  14.872976  3.5
  20.464685  3.5
  5.395750  2
  7.696707  2
  0.002626  2.5
  8.895494  2.5
  2.148113  1
  0.050945  1.5
