  39.525212  10
  39.525241  10
  105.082160  10
  105.138133  10
  148.136956  10
  153.427083  10
  176.606440  10
  199.736346  10
  228.478237  10
  261.482747  10
  0.000000  10.5
  74.612387  10.5
  74.614316  10.5
  130.253137  10.5
  131.072276  10.5
  160.719973  10.5
  175.203595  10.5
  199.846806  10.5
  228.474197  10.5
  261.482805  10.5
  35.350797  9
  35.350961  9
  92.383949  9
  92.595156  9
  125.526789  9
  134.663531  9
  156.286177  9
  180.990917  9
  210.269159  9
  0.000000  9.5
  66.244127  9.5
  66.253091  9.5
  112.480160  9.5
  114.713979  9.5
  137.722194  9.5
  155.956225  9.5
  181.005589  9.5
  210.268917  9.5
  31.175229  8
  31.176091  8
  79.457796  8
  80.163996  8
  104.615270  8
  117.642348  8
  139.141180  8
  164.642494  8
  0.000000  8.5
  57.855057  8.5
  57.894242  8.5
  94.247345  8.5
  99.062534  8.5
  118.534157  8.5
  139.090328  8.5
  164.643491  8.5
  26.996835  7
  27.001200  7
  66.103049  7
  68.060060  7
  86.707079  7
  102.752122  7
  124.607097  7
  0.000000  7.5
  49.405144  7.5
  49.562341  7.5
  76.507329  7.5
  84.630805  7.5
  102.917374  7.5
  124.603106  7.5
  22.809371  6
  22.830235  6
  52.493187  6
  56.664964  6
  72.408255  6
  90.148534  6
  0.000000  6.5
  40.786132  6.5
  41.339558  6.5
  60.629346  6.5
  71.920155  6.5
  90.163918  6.5
  18.589553  5
  18.681186  5
  39.626000  5
  46.470744  5
  61.326221  5
  0.000000  5.5
  31.854522  5.5
  33.429139  5.5
  47.710502  5.5
  61.270010  5.5
  14.267223  4
  14.617647  4
  28.718654  4
  37.939385  4
  0.000002  4.5
  22.878867  4.5
  26.192157  4.5
  38.128258  4.5
  9.761183  3
  10.807198  3
  20.631768  3
  0.000068  3.5
  14.858900  3.5
  20.083463  3.5
  5.407724  2
  7.555694  2
  0.002055  2.5
  8.789550  2.5
  2.130704  1
  0.044798  1.5
