  47.029884  10
  47.094301  10
  113.958047  10
  123.354305  10
  161.737853  10
  203.003594  10
  255.269108  10
  316.820179  10
  387.519489  10
  467.263453  10
  0.000000  10.5
  86.263333  10.5
  87.612398  10.5
  134.121871  10.5
  159.849138  10.5
  203.142819  10.5
  255.263714  10.5
  316.820295  10.5
  387.519488  10.5
  467.263453  10.5
  41.924187  9
  42.072768  9
  97.454667  9
  110.521163  9
  146.811862  9
  189.469489  9
  242.083757  9
  303.878525  9
  374.736772  9
  0.000000  9.5
  75.400481  9.5
  77.923976  9.5
  116.677085  9.5
  146.071086  9.5
  189.508193  9.5
  242.082722  9.5
  303.878539  9.5
  374.736772  9.5
  36.760361  8
  37.090885  8
  81.962655  8
  98.749201  8
  134.111261  8
  177.565587  8
  230.448542  8
  292.417777  8
  0.000001  8.5
  64.269203  8.5
  68.597385  8.5
  101.776004  8.5
  133.868401  8.5
  177.574131  8.5
  230.448402  8.5
  292.417777  8.5
  31.491343  7
  32.191119  7
  68.042930  7
  88.226200  7
  123.325621  7
  167.231006  7
  220.306780  7
  0.000006  7.5
  53.105912  7.5
  59.810956  7.5
  89.461150  7.5
  123.262263  7.5
  167.232348  7.5
  220.306770  7.5
  26.064406  6
  27.445713  6
  56.141294  6
  79.090324  6
  114.238927  6
  158.404261  6
  0.000042  6.5
  42.383991  6.5
  51.764127  6.5
  79.489089  6.5
  114.227077  6.5
  158.404375  6.5
  20.490675  5
  22.963138  5
  46.537736  5
  71.417928  5
  106.712111  5
  0.000301  5.5
  32.647422  5.5
  44.655503  5.5
  71.510606  5.5
  106.710904  5.5
  14.970872  4
  18.885379  4
  39.249300  4
  65.224982  4
  0.002055  4.5
  24.352739  4.5
  38.661377  4.5
  65.236879  4.5
  9.920798  3
  15.374828  3
  34.021677  3
  0.013025  3.5
  17.827509  3.5
  33.918657  3.5
  5.787575  2
  12.599866  2
  0.072542  2.5
  13.276158  2.5
  2.846492  1
  0.327122  1.5
