  44.536833  10
  44.553540  10
  111.985100  10
  116.452889  10
  151.834868  10
  183.126900  10
  225.387717  10
  275.326710  10
  332.876676  10
  397.890969  10
  0.000000  10.5
  82.718877  10.5
  83.167417  10.5
  131.413362  10.5
  147.949303  10.5
  183.532971  10.5
  225.366879  10.5
  275.327293  10.5
  332.876667  10.5
  397.890969  10.5
  39.761830  9
  39.806742  9
  96.132176  9
  103.457689  9
  134.988132  9
  168.555784  9
  211.213280  9
  261.483312  9
  319.243243  9
  0.000000  9.5
  72.812143  9.5
  73.810160  9.5
  112.703236  9.5
  133.353312  9.5
  168.671872  9.5
  211.209224  9.5
  261.483382  9.5
  319.243242  9.5
  34.959262  8
  35.075906  8
  80.635044  8
  91.329935  8
  120.885180  8
  155.762844  8
  198.754819  8
  249.256380  8
  0.000000  8.5
  62.625651  8.5
  64.670418  8.5
  96.256705  8.5
  120.324223  8.5
  155.788954  8.5
  198.754263  8.5
  249.256385  8.5
  30.097178  7
  30.386354  7
  66.215654  7
  80.328408  7
  109.113751  7
  144.690874  7
  187.930733  7
  0.000001  7.5
  52.167485  7.5
  55.913766  7.5
  82.482780  7.5
  108.963277  7.5
  144.695027  7.5
  187.930693  7.5
  25.119514  6
  25.790353  6
  53.523925  6
  70.673202  6
  99.318497  6
  135.266641  6
  0.000007  6.5
  41.740222  6.5
  47.755326  6.5
  71.402627  6.5
  99.289878  6.5
  135.266995  6.5
  19.971554  5
  21.381714  5
  43.050703  5
  62.514798  5
  91.267343  5
  0.000064  5.5
  31.933517  5.5
  40.434913  5.5
  62.688988  5.5
  91.264399  5.5
  14.725333  4
  17.303437  4
  35.036021  4
  55.919300  4
  0.000590  4.5
  23.366696  4.5
  34.183438  4.5
  55.941980  4.5
  9.741683  3
  13.738226  3
  29.345361  3
  0.005051  3.5
  16.509405  3.5
  29.192273  3.5
  5.563497  2
  10.885349  2
  0.037742  2.5
  11.665412  2.5
  2.594023  1
  0.221177  1.5
