  44.584942  10
  44.602174  10
  112.027271  10
  116.576864  10
  151.989551  10
  183.485425  10
  225.937755  10
  276.100067  10
  333.902065  10
  399.198321  10
  0.000000  10.5
  82.790993  10.5
  83.251204  10.5
  131.445398  10.5
  148.159406  10.5
  183.882472  10.5
  225.917506  10.5
  276.100630  10.5
  333.902056  10.5
  399.198321  10.5
  39.803818  9
  39.849979  9
  96.154639  9
  103.583592  9
  135.189198  9
  168.938514  9
  211.787074  9
  262.278137  9
  320.288832  9
  0.000000  9.5
  72.866514  9.5
  73.886545  9.5
  112.757039  9.5
  133.580780  9.5
  169.051933  9.5
  211.783134  9.5
  262.278205  9.5
  320.288831  9.5
  34.994640  8
  35.114107  8
  80.652564  8
  91.462548  8
  121.121387  8
  156.166611  8
  199.348255  8
  250.069403  8
  0.000000  8.5
  62.660771  8.5
  64.742221  8.5
  96.341935  8.5
  120.570198  8.5
  156.192107  8.5
  199.347715  8.5
  250.069408  8.5
  30.125097  7
  30.420214  7
  66.240844  7
  80.471092  7
  109.374454  7
  145.112164  7
  188.540386  7
  0.000001  7.5
  52.186055  7.5
  55.984357  7.5
  82.601045  7.5
  109.226715  7.5
  145.116218  7.5
  188.540346  7.5
  25.138898  6
  25.821019  6
  53.564710  6
  70.827441  6
  99.596424  6
  135.702123  6
  0.000007  6.5
  41.750270  6.5
  47.827982  6.5
  71.547681  6.5
  99.568338  6.5
  135.702469  6.5
  19.982177  5
  21.410747  5
  43.110282  5
  62.680219  5
  91.557811  5
  0.000066  5.5
  31.943817  5.5
  40.512119  5.5
  62.852088  5.5
  91.554923  5.5
  14.729692  4
  17.332500  4
  35.112384  4
  56.094159  4
  0.000607  4.5
  23.382577  4.5
  34.266443  4.5
  56.116528  4.5
  9.744325  3
  13.768594  3
  29.432817  3
  0.005161  3.5
  16.532622  3.5
  29.281018  3.5
  5.567280  2
  10.917584  2
  0.038303  2.5
  11.695272  2.5
  2.598744  1
  0.223100  1.5
