  96.672836  10
  170.101642  10
  397.016495  10
  723.606107  10
  1161.245519  10
  1708.733874  10
  2365.911106  10
  3132.712594  10
  4009.109414  10
  4995.087020  10
  0.363497  10.5
  192.516869  10.5
  395.852041  10.5
  723.625634  10.5
  1161.245365  10.5
  1708.733875  10.5
  2365.911106  10.5
  3132.712594  10.5
  4009.109414  10.5
  4995.087020  10.5
  84.134356  9
  161.916128  9
  386.361062  9
  713.551114  9
  1151.328538  9
  1698.889384  9
  2356.108309  9
  3122.935978  9
  3999.350305  9
  0.559753  9.5
  178.630102  9.5
  385.677442  9.5
  713.560144  9.5
  1151.328483  9.5
  1698.889384  9.5
  2356.108309  9.5
  3122.935978  9.5
  3999.350305  9.5
  72.485033  8
  154.392768  8
  376.946266  8
  704.581417  8
  1142.473027  8
  1690.092957  8
  2347.345864  8
  3114.194862  8
  0.851914  8.5
  166.365643  8.5
  376.571403  8.5
  704.585186  8.5
  1142.473010  8.5
  1690.092957  8.5
  2347.345864  8.5
  3114.194862  8.5
  61.770623  7
  147.569394  7
  368.726932  7
  696.688428  7
  1134.673090  7
  1682.340654  7
  2339.620942  7
  1.279499  7.5
  155.719964  7.5
  368.538683  7.5
  696.689800  7.5
  1134.673086  7.5
  1682.340654  7.5
  2339.620942  7.5
  52.022643  6
  141.485977  6
  361.665691  6
  689.864313  6
  1127.923551  6
  1675.628999  6
  1.893502  6.5
  146.675155  6.5
  361.581728  6.5
  689.864726  6.5
  1127.923550  6.5
  1675.628999  6.5
  43.257834  5
  136.185467  5
  355.732564  5
  684.102120  5
  1122.219939  5
  2.757066  5.5
  139.198123  5.5
  355.700988  5.5
  684.102212  5.5
  1122.219939  5.5
  35.477758  4
  131.714731  4
  350.904347  4
  679.395866  4
  3.944949  4.5
  133.240893  4.5
  350.895305  4.5
  679.395878  4.5
  28.668502  3
  128.125525  3
  347.163878  3
  5.541526  3.5
  128.742253  3.5
  347.162369  3.5
  22.800579  2
  125.475347  2
  7.637431  2.5
  125.630658  2.5
  17.829160  1
  10.325241  1.5
