  1365.269544  10
  9133.124978  10
  25269.600607  10
  49477.343570  10
  81755.312471  10
  122103.087871  10
  170520.550085  10
  227007.654213  10
  291564.380297  10
  364190.718355  10
  727.034891  10.5
  9136.042711  10.5
  25269.598796  10.5
  49477.343570  10.5
  81755.312471  10.5
  122103.087871  10.5
  170520.550085  10.5
  227007.654213  10.5
  291564.380297  10.5
  364190.718355  10.5
  1325.999384  9
  9122.824607  9
  25259.697778  9
  49467.640870  9
  81745.689757  9
  122093.505167  9
  170510.990249  9
  226998.108672  9
  291554.844286  9
  752.090814  9.5
  9124.947376  9.5
  25259.696721  9.5
  49467.640870  9.5
  81745.689757  9.5
  122093.505167  9.5
  170510.990249  9.5
  226998.108672  9.5
  291554.844286  9.5
  1287.552997  8
  9113.572309  8
  25250.838136  8
  49458.959877  8
  81737.080188  8
  122084.931323  8
  170502.436823  8
  226989.568008  8
  777.812161  8.5
  9115.058737  8.5
  25250.837560  8.5
  49458.959877  8.5
  81737.080188  8.5
  122084.931323  8.5
  170502.436823  8.5
  226989.568008  8.5
  1249.922857  7
  9105.376394  7
  25243.021412  7
  49451.300468  7
  81729.483689  7
  122077.366287  7
  170494.889769  7
  804.208793  7.5
  9106.367634  7.5
  25243.021124  7.5
  49451.300468  7.5
  81729.483689  7.5
  122077.366287  7.5
  170494.889769  7.5
  1213.101265  6
  9098.245244  6
  25236.247371  6
  49444.662533  6
  81722.900192  6
  122070.810015  6
  831.290474  6.5
  9098.864925  6.5
  25236.247243  6.5
  49444.662533  6.5
  81722.900192  6.5
  122070.810015  6.5
  1177.080359  5
  9092.187315  5
  25230.515815  5
  49439.045979  5
  81717.329639  5
  859.066863  5.5
  9092.541494  5.5
  25230.515767  5.5
  49439.045979  5.5
  81717.329639  5.5
  1141.852111  4
  9087.211132  4
  25225.826576  4
  49434.450725  4
  887.547512  4.5
  9087.388252  4.5
  25225.826563  4.5
  49434.450725  4.5
  1107.408333  3
  9083.325284  3
  25222.179525  3
  916.741858  3.5
  9083.396142  3.5
  25222.179522  3.5
  1073.740681  2
  9080.538429  2
  946.659219  2.5
  9080.556146  2.5
  1040.840660  1
  977.308787  1.5
