  64.512576  10
  69.416444  10
  144.243106  10
  210.366647  10
  309.021677  10
  432.808762  10
  581.816405  10
  755.875125  10
  954.918920  10
  1178.914561  10
  0.000313  10.5
  105.485595  10.5
  134.274205  10.5
  211.283736  10.5
  308.986439  10.5
  432.809475  10.5
  581.816397  10.5
  755.875125  10.5
  954.918920  10.5
  1178.914561  10.5
  56.124368  9
  62.824215  9
  130.124530  9
  199.142904  9
  297.979416  9
  421.987192  9
  571.113418  9
  745.246525  9
  944.340034  9
  0.000920  9.5
  90.999378  9.5
  123.875716  9.5
  199.576007  9.5
  297.966713  9.5
  421.987383  9.5
  571.113417  9.5
  745.246525  9.5
  944.340034  9.5
  47.743796  8
  56.562937  8
  118.009815  8
  189.169169  8
  288.195787  8
  412.364154  8
  561.579530  8
  735.768592  8
  0.002661  8.5
  77.708426  8.5
  114.402226  8.5
  189.352735  8.5
  288.191851  8.5
  412.364195  8.5
  561.579530  8.5
  735.768592  8.5
  39.548616  7
  50.707403  7
  107.807998  7
  180.438616  7
  279.635743  7
  403.919680  7
  553.200501  7
  0.007562  7.5
  65.793512  7.5
  105.925711  7.5
  180.506212  7.5
  279.634754  7.5
  403.919687  7.5
  553.200501  7.5
  31.761193  6
  45.335836  6
  99.368518  6
  172.935337  6
  272.270611  6
  396.636240  6
  0.020981  6.5
  55.400643  6.5
  98.505966  6.5
  172.955802  6.5
  272.270431  6.5
  396.636240  6.5
  24.609729  5
  40.527948  5
  92.519548  5
  166.638117  5
  266.076771  5
  0.056365  5.5
  46.642432  5.5
  92.189141  5.5
  166.642694  5.5
  266.076753  5.5
  18.291189  4
  36.364494  4
  87.102807  4
  161.524001  4
  0.144970  4.5
  39.594132  4.5
  87.007031  4.5
  161.524575  4.5
  12.946812  3
  32.929348  3
  82.993508  3
  0.351888  3.5
  34.281552  3.5
  82.977392  3.5
  8.649494  2
  30.314952  2
  0.793900  2.5
  30.664654  2.5
  5.397623  1
  1.644677  1.5
