  46.291971  10
  46.337208  10
  113.399513  10
  121.207834  10
  158.442708  10
  196.852568  10
  246.131903  10
  304.223409  10
  370.997658  10
  446.341471  10
  0.000000  10.5
  85.256377  10.5
  86.271975  10.5
  133.097192  10.5
  156.117106  10.5
  197.040270  10.5
  246.124059  10.5
  304.223591  10.5
  370.997656  10.5
  446.341471  10.5
  41.287224  9
  41.395857  9
  97.017863  9
  108.316147  9
  143.040939  9
  183.051913  9
  232.696969  9
  291.052820  9
  357.998522  9
  0.000000  9.5
  74.681038  9.5
  76.670937  9.5
  115.259731  9.5
  142.114414  9.5
  183.104418  9.5
  232.695459  9.5
  291.052842  9.5
  357.998522  9.5
  36.234392  8
  36.486127  8
  81.479292  8
  96.438619  8
  129.999662  8
  170.921509  8
  220.853051  8
  279.397198  8
  0.000000  8.5
  63.814228  8.5
  67.389929  8.5
  99.924406  8.5
  129.692856  8.5
  170.933149  8.5
  220.852846  8.5
  279.397200  8.5
  31.089866  7
  31.645540  7
  67.395681  7
  85.783037  7
  118.971825  7
  160.399537  7
  210.537821  7
  0.000003  7.5
  52.827794  7.5
  58.606376  7.5
  87.229087  7.5
  118.891288  7.5
  160.401371  7.5
  210.537806  7.5
  25.796604  6
  26.941196  6
  55.265602  6
  76.508701  6
  109.707940  6
  151.420846  6
  0.000026  6.5
  42.166363  6.5
  50.526046  6.5
  76.980704  6.5
  109.692820  6.5
  151.421002  6.5
  20.342406  5
  22.478532  5
  45.425688  5
  68.709814  5
  102.048422  5
  0.000200  5.5
  32.399858  5.5
  43.359464  5.5
  68.820188  5.5
  102.046879  5.5
  14.893712  4
  18.400896  4
  37.949372  4
  62.413516  4
  0.001480  4.5
  24.028405  4.5
  37.297262  4.5
  62.427731  4.5
  9.859495  3
  14.876622  3
  32.604943  3
  0.010146  3.5
  17.413932  3.5
  32.490018  3.5
  5.715781  2
  12.082039  2
  0.061005  2.5
  12.785505  2.5
  2.770044  1
  0.294389  1.5
