  67.798063  10
  75.572656  10
  156.785365  10
  238.878639  10
  356.898588  10
  504.969290  10
  683.047201  10
  890.993051  10
  1128.749443  10
  1396.287499  10
  0.001006  10.5
  110.115875  10.5
  148.886622  10.5
  239.453069  10.5
  356.880570  10.5
  504.969590  10.5
  683.047199  10.5
  890.993051  10.5
  1128.749443  10.5
  1396.287499  10.5
  58.714152  9
  68.744422  9
  143.347701  9
  227.885820  9
  346.109916  9
  494.363216  9
  672.541899  9
  880.550986  9
  1118.349668  9
  0.002645  9.5
  95.517647  9.5
  138.486651  9.5
  228.155268  9.5
  346.103438  9.5
  494.363297  9.5
  672.541899  9.5
  880.550986  9.5
  1118.349668  9.5
  49.773991  8
  62.301318  8
  131.819423  8
  218.119363  8
  336.533061  8
  484.921951  8
  663.177019  8
  871.234073  8
  0.006856  8.5
  82.244106  8.5
  129.055406  8.5
  218.233019  8.5
  336.531057  8.5
  484.921969  8.5
  663.177019  8.5
  871.234073  8.5
  41.170906  7
  56.312867  7
  122.074813  7
  209.566725  7
  328.141020  7
  476.629251  7
  654.940976  7
  0.017450  7.5
  70.433607  7.5
  120.649209  7.5
  209.608437  7.5
  328.140517  7.5
  476.629254  7.5
  654.940976  7.5
  33.112425  6
  50.850165  6
  113.961573  6
  202.210161  6
  320.911189  6
  469.470851  6
  0.043369  6.5
  60.197223  6.5
  113.313541  6.5
  202.222761  6.5
  320.911097  6.5
  469.470851  6.5
  25.790680  5
  45.985094  5
  107.329241  5
  196.029462  5
  314.824645  5
  0.104463  5.5
  51.617498  5.5
  107.082315  5.5
  196.032276  5.5
  314.824636  5.5
  19.359897  4
  41.790984  4
  102.049099  4
  191.004364  4
  0.241502  4.5
  44.742019  4.5
  101.977758  4.5
  191.004717  4.5
  13.923112  3
  38.345322  3
  98.023100  3
  0.529818  3.5
  39.571836  3.5
  98.011120  3.5
  9.525330  2
  35.734872  2
  1.090783  2.5
  36.050246  2.5
  6.149855  1
  2.090268  1.5
