  65.974185  10
  72.037693  10
  149.441401  10
  222.375533  10
  329.215233  10
  463.276566  10
  624.579429  10
  812.969249  10
  1028.384088  10
  1270.792778  10
  0.000534  10.5
  107.441797  10.5
  140.437417  10.5
  223.120370  10.5
  329.189106  10.5
  463.277051  10.5
  624.579424  10.5
  812.969249  10.5
  1028.384088  10.5
  1270.792778  10.5
  57.272282  9
  65.338525  9
  135.630988  9
  211.258167  9
  318.292601  9
  452.556221  9
  613.969245  9
  802.428177  9
  1017.889221  9
  0.001491  9.5
  92.894154  9.5
  130.035945  9.5
  211.608744  9.5
  318.283195  9.5
  452.556351  9.5
  613.969244  9.5
  802.428177  9.5
  1017.889221  9.5
  48.635653  8
  58.994882  8
  123.787014  8
  201.380645  8
  308.606300  8
  443.018531  8
  604.514669  8
  793.025780  8
  0.004102  8.5
  79.604194  8.5
  120.580427  8.5
  201.528882  8.5
  308.603387  8.5
  443.018559  8.5
  604.514669  8.5
  793.025780  8.5
  40.252192  7
  53.079344  7
  113.799237  7
  192.733093  7
  300.125217  7
  434.645291  7
  596.202719  7
  0.011082  7.5
  67.732351  7.5
  112.135532  7.5
  192.787590  7.5
  300.124486  7.5
  434.645295  7.5
  596.202719  7.5
  32.339838  6
  47.666950  6
  105.513704  6
  185.298471  6
  292.823614  6
  427.420513  6
  0.029233  6.5
  57.407997  6.5
  104.754311  6.5
  185.314952  6.5
  292.823481  6.5
  427.420514  6.5
  25.111249  5
  42.833797  5
  98.767240  5
  179.055865  5
  286.680120  5
  0.074696  5.5
  48.729654  5.5
  98.477095  5.5
  179.059549  5.5
  286.680107  5.5
  18.743735  4
  38.657145  4
  93.415060  4
  173.983495  4
  0.182915  4.5
  41.759736  4.5
  93.331090  4.5
  173.983958  4.5
  13.360525  3
  35.217853  3
  89.345009  3
  0.423753  3.5
  36.512439  3.5
  89.330893  3.5
  9.021211  2
  32.605719  2
  0.916444  2.5
  32.939618  2.5
  5.716867  1
  1.831433  1.5
