  97.253305  10
  172.516921  10
  403.498049  10
  736.388962  10
  1182.398410  10
  1740.347131  10
  2410.075620  10
  3191.519652  10
  4084.650482  10
  5089.453652  10
  0.386301  10.5
  194.764648  10.5
  402.366379  10.5
  736.407568  10.5
  1182.398266  10.5
  1740.347132  10.5
  2410.075620  10.5
  3191.519652  10.5
  4084.650482  10.5
  5089.453652  10.5
  84.677829  9
  164.315014  9
  392.859604  9
  726.340701  9
  1172.487136  9
  1730.507702  9
  2400.277512  9
  3181.747491  9
  4074.895671  9
  0.591815  9.5
  180.897501  9.5
  392.195342  9.5
  726.349306  9.5
  1172.487085  9.5
  1730.507702  9.5
  2400.277512  9.5
  3181.747491  9.5
  4074.895671  9.5
  72.995646  8
  156.778181  8
  383.457141  8
  717.376551  8
  1163.636386  8
  1721.715574  8
  2391.519099  8
  3173.010238  8
  0.896176  8.5
  168.652287  8.5
  383.092941  8.5
  717.380142  8.5
  1163.636370  8.5
  1721.715574  8.5
  2391.519099  8.5
  3173.010238  8.5
  62.250938  7
  149.944020  7
  375.246567  7
  709.488062  7
  1155.840381  7
  1713.966883  7
  2383.797604  7
  1.339385  7.5
  158.024407  7.5
  375.063691  7.5
  709.489369  7.5
  1155.840377  7.5
  1713.966883  7.5
  2383.797604  7.5
  52.473878  6
  143.852289  6
  368.191424  6
  702.667538  6
  1149.094047  6
  1707.258223  6
  1.972779  6.5
  148.995066  6.5
  368.109863  6.5
  702.667931  6.5
  1149.094046  6.5
  1707.258223  6.5
  43.680122  5
  138.545721  5
  362.262464  5
  696.908154  5
  1143.393000  5
  2.859623  5.5
  141.530560  5.5
  362.231793  5.5
  696.908241  5.5
  1143.393000  5.5
  35.870417  4
  134.070950  4
  357.437045  4
  692.204040  4
  4.074497  4.5
  135.582647  4.5
  357.428263  4.5
  692.204051  4.5
  29.030329  3
  130.479442  3
  353.698416  3
  5.701286  3.5
  131.090206  3.5
  353.696950  3.5
  23.130153  2
  127.828328  2
  7.829869  2.5
  127.982115  2.5
  18.125148  1
  10.551899  1.5
