  124.103398  10
  294.783196  10
  736.070498  10
  1390.104951  10
  2263.594807  10
  3355.835021  10
  4666.683736  10
  6196.086586  10
  7944.019272  10
  9910.469600  10
  2.506624  10.5
  311.542588  10.5
  735.659890  10.5
  1390.108336  10.5
  2263.594794  10.5
  3355.835021  10.5
  4666.683736  10.5
  6196.086586  10.5
  7944.019272  10.5
  9910.469600  10.5
  110.145056  9
  286.041861  9
  725.836944  9
  1380.228847  9
  2253.828124  9
  3346.124036  9
  4657.004748  9
  6186.427661  9
  7934.373752  9
  3.310685  9.5
  298.394663  9.5
  725.596798  9.5
  1380.230411  9.5
  2253.828119  9.5
  3346.124036  9.5
  4657.004748  9.5
  6186.427661  9.5
  7934.373752  9.5
  97.155951  8
  278.059934  8
  716.729845  8
  1371.406046  8
  2245.098122  8
  3337.441062  8
  4648.348772  8
  6177.788608  8
  4.338631  8.5
  286.812191  8.5
  716.598562  8.5
  1371.406698  8.5
  2245.098121  8.5
  3337.441062  8.5
  4648.348772  8.5
  6177.788608  8.5
  85.142500  7
  270.868682  7
  708.730682  7
  1363.632033  7
  2237.401925  7
  3329.784163  7
  4640.714418  7
  5.638803  7.5
  276.766676  7.5
  708.664915  7.5
  1363.632270  7.5
  2237.401924  7.5
  3329.784163  7.5
  4640.714418  7.5
  74.103582  6
  264.501475  6
  701.824150  6
  1356.902786  6
  2230.736998  6
  3323.151632  6
  7.265034  6.5
  268.222457  6.5
  701.794873  6.5
  1356.902857  6.5
  2230.736998  6.5
  3323.151632  6.5
  64.030448  5
  258.994120  5
  695.997897  5
  1351.214792  5
  2225.101149  5
  9.275850  5.5
  261.137386  5.5
  695.986904  5.5
  1351.214808  5.5
  2225.101149  5.5
  54.906670  4
  254.385174  4
  691.242251  4
  1346.565066  4
  11.733324  4.5
  255.463815  4.5
  691.239107  4.5
  1346.565068  4.5
  46.708168  3
  250.716189  3
  687.549934  3
  14.701659  3.5
  251.149838  3.5
  687.549410  3.5
  39.403335  2
  248.031869  2
  18.245607  2.5
  248.140674  2.5
  32.953305  1
  22.428843  1.5
