  128.110731  10
  314.409872  10
  789.899309  10
  1495.739581  10
  2438.258302  10
  3616.779885  10
  5031.164037  10
  6681.357122  10
  8567.335175  10
  10689.086170  10
  3.005968  10.5
  330.611788  10.5
  789.533184  10.5
  1495.742374  10.5
  2438.258292  10.5
  3616.779885  10.5
  5031.164037  10.5
  6681.357122  10.5
  8567.335175  10.5
  10689.086170  10.5
  113.976027  9
  305.612606  9
  779.694000  9
  1485.876600  9
  2428.502554  9
  3607.078631  9
  5021.494081  9
  6671.706788  9
  8557.697949  9
  3.918493  9.5
  317.543365  9.5
  779.479919  9.5
  1485.877890  9.5
  2428.502551  9.5
  3607.078631  9.5
  5021.494081  9.5
  6671.706788  9.5
  8557.697949  9.5
  100.812846  8
  297.584503  8
  770.607687  8
  1477.064543  8
  2419.781693  8
  3598.403931  8
  5012.845875  8
  6663.075187  8
  5.070417  8.5
  306.030455  8.5
  770.490676  8.5
  1477.065081  8.5
  2419.781692  8.5
  3598.403931  8.5
  5012.845875  8.5
  6663.075187  8.5
  88.625060  7
  290.356240  7
  762.623571  7
  1469.299219  7
  2412.093058  7
  3590.753993  7
  5005.218134  7
  6.509985  7.5
  296.043396  7.5
  762.564963  7.5
  1469.299415  7.5
  2412.093058  7.5
  3590.753993  7.5
  5005.218134  7.5
  77.409535  6
  283.960538  6
  755.727757  6
  1462.576895  6
  2405.434304  6
  3584.127239  6
  8.290339  6.5
  287.546049  6.5
  755.701670  6.5
  1462.576954  6.5
  2405.434304  6.5
  3584.127239  6.5
  67.156058  5
  278.432453  5
  749.909017  5
  1456.894317  5
  2399.803402  5
  10.468719  5.5
  280.496479  5.5
  749.899223  5.5
  1456.894330  5.5
  2399.803402  5.5
  57.847307  4
  273.809641  4
  745.158546  4
  1452.248717  4
  13.105370  4.5
  274.847903  4.5
  745.155745  4.5
  1452.248719  4.5
  49.458893  3
  270.132570  3
  741.469705  3
  16.262245  3.5
  270.549829  3.5
  741.469238  3.5
  41.959481  2
  267.444635  2
  20.001579  2.5
  267.549299  2.5
  35.311059  1
  24.384440  1.5
