  129.531396  10
  321.437234  10
  809.189353  10
  1533.589734  10
  2500.840826  10
  3710.276342  10
  5161.756503  10
  6855.227907  10
  8790.666696  10
  10968.060900  10
  3.194088  10.5
  337.452487  10.5
  808.837248  10.5
  1533.592351  10.5
  2500.840817  10.5
  3710.276342  10.5
  5161.756503  10.5
  6855.227907  10.5
  8790.666696  10.5
  10968.060900  10.5
  115.335232  9
  312.621161  9
  798.993089  9
  1523.730998  9
  2491.088613  9
  3700.578235  9
  5152.089467  9
  6845.580351  9
  8781.032152  9
  4.145783  9.5
  324.410876  9.5
  798.787220  9.5
  1523.732206  9.5
  2491.088610  9.5
  3700.578235  9.5
  5152.089467  9.5
  6845.580351  9.5
  8781.032152  9.5
  102.111168  8
  304.577535  8
  789.913440  8
  1514.922416  8
  2482.370707  8
  3691.906210  8
  5143.443774  8
  6836.951159  8
  5.342170  8.5
  312.921303  8.5
  789.800925  8.5
  1514.922920  8.5
  2482.370706  8.5
  3691.906210  8.5
  5143.443774  8.5
  6836.951159  8.5
  89.862269  7
  297.336837  7
  781.934155  7
  1507.159901  7
  2474.684517  7
  3684.258523  7
  5135.818171  7
  6.831420  7.5
  302.953769  7.5
  781.877801  7.5
  1507.160084  7.5
  2474.684516  7.5
  3684.258523  7.5
  5135.818171  7.5
  78.584767  6
  290.931566  6
  775.041787  6
  1500.439816  6
  2468.027758  6
  3677.633637  6
  8.666410  6.5
  294.472017  6.5
  775.016705  6.5
  1500.439871  6.5
  2468.027758  6.5
  3677.633637  6.5
  68.267994  5
  285.396521  5
  769.225468  5
  1494.758988  5
  2462.398455  5
  10.903920  5.5
  287.434222  5.5
  769.216051  5.5
  1494.759000  5.5
  2462.398455  5.5
  58.894360  4
  280.769055  4
  764.476666  4
  1490.114722  4
  13.603569  4.5
  281.793915  4.5
  764.473972  4.5
  1490.114724  4.5
  50.439391  3
  277.089267  3
  760.788947  3
  16.826551  3.5
  277.501090  3.5
  760.788498  3.5
  42.871864  2
  274.400112  2
  20.634261  2.5
  274.503404  2.5
  36.154060  1
  25.086904  1.5
