  38.185732  10
  38.185732  10
  102.386697  10
  102.386738  10
  150.121330  10
  150.176180  10
  178.334288  10
  182.791861  10
  197.724418  10
  213.668764  10
  -0.000000  10.5
  72.320019  10.5
  72.320019  10.5
  128.352887  10.5
  128.354902  10.5
  167.182467  10.5
  167.957609  10.5
  186.432597  10.5
  197.250323  10.5
  213.686604  10.5
  34.164587  9
  34.164587  9
  90.313483  9
  90.313940  9
  129.734031  9
  130.072058  9
  149.370683  9
  157.692788  9
  172.354908  9
  -0.000000  9.5
  64.276019  9.5
  64.276026  9.5
  112.222933  9.5
  112.240350  9.5
  141.746450  9.5
  144.485068  9.5
  158.523004  9.5
  172.317334  9.5
  30.143347  8
  30.143347  8
  78.233026  8
  78.237589  8
  108.818447  8
  110.312622  8
  123.854323  8
  135.410690  8
  -0.000000  8.5
  56.231070  8.5
  56.231148  8.5
  96.017347  8.5
  96.144321  8.5
  116.467962  8.5
  122.490125  8.5
  135.487970  8.5
  26.121952  7
  26.121960  7
  66.125972  7
  66.165471  7
  87.567234  7
  91.597578  7
  103.094883  7
  0.000000  7.5
  48.184123  7.5
  48.185030  7.5
  79.518555  7.5
  80.220611  7.5
  93.672841  7.5
  102.940873  7.5
  22.100242  6
  22.100355  6
  53.892568  6
  54.165449  6
  67.869372  6
  74.894391  6
  0.000000  6.5
  40.130046  6.5
  40.139454  6.5
  62.538228  6.5
  64.963861  6.5
  75.188201  6.5
  18.077394  5
  18.078813  5
  41.282850  5
  42.535459  5
  51.777187  5
  0.000000  5.5
  32.035769  5.5
  32.117452  5.5
  46.295962  5.5
  51.250364  5.5
  14.046682  4
  14.062415  4
  28.810470  4
  31.979795  4
  0.000000  4.5
  23.749790  4.5
  24.261258  4.5
  32.846589  4.5
  9.958431  3
  10.096290  3
  18.326968  3
  0.000000  3.5
  15.303305  3.5
  17.047090  3.5
  5.701245  2
  6.413769  2
  0.000031  2.5
  8.094122  2.5
  2.015674  1
  0.005243  1.5
