  65.343517  10
  70.884546  10
  147.126273  10
  217.066341  10
  320.293234  10
  449.821854  10
  605.699491  10
  787.765464  10
  995.956132  10
  1230.239464  10
  0.000426  10.5
  106.578681  10.5
  137.714508  10.5
  217.881159  10.5
  320.263511  10.5
  449.822427  10.5
  605.699484  10.5
  787.765464  10.5
  995.956132  10.5
  1230.239464  10.5
  56.776360  9
  64.231138  9
  133.183663  9
  205.903784  9
  309.320410  9
  439.058941  9
  595.050268  9
  777.187564  9
  985.425907  9
  0.001213  9.5
  92.055081  9.5
  127.313826  9.5
  206.287826  9.5
  309.309703  9.5
  439.059094  9.5
  595.050267  9.5
  777.187564  9.5
  985.425907  9.5
  48.248901  8
  57.922738  8
  121.224705  8
  195.985548  8
  299.593224  8
  429.485351  8
  585.562322  8
  767.753379  8
  0.003411  8.5
  78.763257  8.5
  117.850367  8.5
  196.148094  8.5
  299.589908  8.5
  429.485384  8.5
  585.562322  8.5
  767.753379  8.5
  39.945317  7
  52.032912  7
  111.146691  7
  187.302966  7
  291.078946  7
  421.082142  7
  577.222144  7
  0.009417  7.5
  66.872109  7.5
  109.391884  7.5
  187.362763  7.5
  291.078113  7.5
  421.082147  7.5
  577.222144  7.5
  32.085951  6
  46.638074  6
  102.796538  6
  179.839414  6
  283.750622  6
  413.832680  6
  0.025380  6.5
  56.517949  6.5
  101.994259  6.5
  179.857506  6.5
  283.750470  6.5
  413.832680  6.5
  24.890317  5
  41.815857  5
  96.007117  5
  173.573815  5
  277.585944  5
  0.066246  5.5
  47.805226  5.5
  95.700261  5.5
  173.577860  5.5
  277.585929  5.5
  18.544094  4
  37.644992  4
  90.627870  4
  168.483874  4
  0.165639  4.5
  40.801781  4.5
  90.539004  4.5
  168.484382  4.5
  13.178078  3
  34.207599  3
  86.541339  3
  0.391402  3.5
  35.526703  3.5
  86.526394  3.5
  8.857413  2
  31.594595  2
  0.861791  2.5
  31.935205  2.5
  5.576203  1
  1.748697  1.5
