  65.868620  10
  71.842274  10
  149.046079  10
  221.473045  10
  327.699217  10
  460.991043  10
  621.372787  10
  808.688885  10
  1022.877120  10
  1263.906183  10
  0.000514  10.5
  107.295229  10.5
  139.974750  10.5
  222.229164  10.5
  327.672520  10.5
  460.991542  10.5
  621.372781  10.5
  808.688885  10.5
  1022.877120  10.5
  1263.906183  10.5
  57.189194  9
  65.150725  9
  135.213635  9
  210.348190  9
  316.768330  9
  450.263686  9
  610.756171  9
  798.141745  9
  1012.376427  9
  0.001441  9.5
  92.751360  9.5
  129.573359  9.5
  210.704156  9.5
  316.758717  9.5
  450.263820  9.5
  610.756170  9.5
  798.141745  9.5
  1012.376427  9.5
  48.570694  8
  58.812950  8
  123.350616  8
  200.463937  8
  307.075298  8
  440.720083  8
  601.296097  8
  788.734110  8
  0.003978  8.5
  79.460944  8.5
  120.116494  8.5
  200.614476  8.5
  307.072322  8.5
  440.720111  8.5
  601.296097  8.5
  788.734110  8.5
  40.200460  7
  52.901698  7
  113.347957  7
  191.810602  7
  298.588749  7
  432.341905  7
  592.979495  7
  0.010786  7.5
  67.585796  7.5
  111.669331  7.5
  191.865951  7.5
  298.588001  7.5
  432.341909  7.5
  592.979495  7.5
  32.296883  6
  47.492237  6
  105.051794  6
  184.371210  6
  291.282744  6
  425.113060  6
  0.028555  6.5
  57.256429  6.5
  104.285387  6.5
  184.387949  6.5
  291.282608  6.5
  425.113060  6.5
  25.073779  5
  42.660917  5
  98.298270  5
  178.124814  5
  285.135760  5
  0.073220  5.5
  48.572341  5.5
  98.005395  5.5
  178.128556  5.5
  285.135746  5.5
  18.709847  4
  38.485244  4
  92.941640  4
  173.049548  4
  0.179923  4.5
  41.596842  4.5
  92.856871  4.5
  173.050018  4.5
  13.329563  3
  35.046281  3
  88.868877  3
  0.418191  3.5
  36.344935  3.5
  88.854626  3.5
  8.993426  2
  32.434012  2
  0.907102  2.5
  32.769023  2.5
  5.693006  1
  1.817350  1.5
