  38.164482  10
  38.164482  10
  102.342565  10
  102.342592  10
  150.112814  10
  150.153662  10
  178.704942  10
  182.619577  10
  197.237115  10
  212.517913  10
  -0.000000  10.5
  72.283430  10.5
  72.283430  10.5
  128.313073  10.5
  128.314479  10.5
  167.312801  10.5
  167.935123  10.5
  186.610182  10.5
  196.674968  10.5
  212.540285  10.5
  34.145757  9
  34.145757  9
  90.277797  9
  90.278115  9
  129.782392  9
  130.051273  9
  149.593355  9
  157.281459  9
  171.457259  9
  -0.000000  9.5
  64.244471  9.5
  64.244475  9.5
  112.199258  9.5
  112.212185  9.5
  142.005776  9.5
  144.378337  9.5
  158.234042  9.5
  171.411487  9.5
  30.126949  8
  30.126949  8
  78.206893  8
  78.210272  8
  108.970297  8
  110.247870  8
  123.724161  8
  134.719416  8
  -0.000000  8.5
  56.204678  8.5
  56.204732  8.5
  96.022487  8.5
  96.122881  8.5
  116.684032  8.5
  122.209252  8.5
  134.810846  8.5
  26.108004  7
  26.108010  7
  66.113842  7
  66.144953  7
  87.744114  7
  91.415814  7
  102.610263  7
  0.000000  7.5
  48.163175  7.5
  48.163846  7.5
  79.587185  7.5
  80.181012  7.5
  93.651758  7.5
  102.433364  7.5
  22.088788  6
  22.088871  6
  53.911469  6
  54.140575  6
  67.906282  6
  74.539690  6
  0.000000  6.5
  40.115719  6.5
  40.123112  6.5
  62.660587  6.5
  64.853633  6.5
  74.867201  6.5
  18.068621  5
  18.069734  5
  41.350421  5
  42.474076  5
  51.587913  5
  0.000000  5.5
  32.033836  5.5
  32.102119  5.5
  46.350641  5.5
  51.017982  5.5
  14.041765  4
  14.054887  4
  28.858816  4
  31.840730  4
  0.000000  4.5
  23.775599  4.5
  24.231288  4.5
  32.752362  4.5
  9.962961  3
  10.085245  3
  18.289701  3
  0.000000  3.5
  15.335183  3.5
  16.975013  3.5
  5.715922  2
  6.385901  2
  0.000024  2.5
  8.083325  2.5
  2.013877  1
  0.004640  1.5
