  55.090567  10
  55.946460  10
  122.345456  10
  153.362430  10
  212.303309  10
  285.342939  10
  373.891869  10
  477.546255  10
  596.201484  10
  729.803451  10
  0.000005  10.5
  95.320793  10.5
  104.554599  10.5
  156.847662  10.5
  212.045426  10.5
  285.352414  10.5
  373.891674  10.5
  477.546257  10.5
  596.201484  10.5
  729.803451  10.5
  48.668642  9
  50.125213  9
  106.335450  9
  141.320422  9
  200.074432  9
  273.570333  9
  362.320710  9
  466.102251  9
  584.842090  9
  0.000021  9.5
  81.933458  9.5
  94.316776  9.5
  143.048117  9.5
  199.979853  9.5
  273.572894  9.5
  362.320673  9.5
  466.102251  9.5
  584.842090  9.5
  42.090094  8
  44.467347  8
  92.244393  8
  130.548473  8
  189.351025  8
  263.147879  8
  352.047313  8
  455.922422  8
  0.000089  8.5
  69.065823  8.5
  84.791586  8.5
  131.305567  8.5
  189.321354  8.5
  263.148433  8.5
  352.047308  8.5
  455.922422  8.5
  35.371241  7
  39.049120  7
  80.247881  7
  121.093002  7
  180.041894  7
  254.038554  7
  343.044728  7
  0.000378  7.5
  57.089741  7.5
  76.111204  7.5
  121.378039  7.5
  180.034372  7.5
  254.038640  7.5
  343.044728  7.5
  28.628092  6
  33.963518  6
  70.384001  6
  112.970118  6
  172.080722  6
  246.209507  6
  0.001569  6.5
  46.329037  6.5
  68.396556  6.5
  113.057667  6.5
  172.079341  6.5
  246.209514  6.5
  22.100401  5
  29.315657  5
  62.536594  5
  106.171055  5
  165.417842  5
  0.006304  5.5
  37.040828  5.5
  61.750668  5.5
  106.190818  5.5
  165.417703  5.5
  16.104015  4
  25.216784  4
  56.485786  4
  100.670601  4
  0.024149  4.5
  29.418211  4.5
  56.253547  4.5
  100.673096  4.5
  10.938191  3
  21.780196  3
  51.998471  3
  0.086185  3.5
  23.590569  3.5
  51.958968  3.5
  6.811159  2
  19.123398  2
  0.277341  2.5
  19.603124  2.5
  3.804274  1
  0.777228  1.5
