  785.058479  10
  4715.857150  10
  13000.935884  10
  25430.729020  10
  42004.771518  10
  62722.640596  10
  87584.215965  10
  116589.452482  10
  149738.330076  10
  187030.838709  10
  325.661687  10.5
  4719.922860  10.5
  13000.930960  10.5
  25430.729022  10.5
  42004.771518  10.5
  62722.640596  10.5
  87584.215965  10.5
  116589.452482  10.5
  149738.330076  10.5
  187030.838709  10.5
  754.648976  9
  4705.703057  9
  12991.026124  9
  25421.021786  9
  41995.145046  9
  62713.054539  9
  87574.653013  9
  116579.903974  9
  149728.791199  9
  341.890442  9.5
  4708.662060  9.5
  12991.023251  9.5
  25421.021787  9.5
  41995.145046  9.5
  62713.054539  9.5
  87574.653013  9.5
  116579.903974  9.5
  149728.791199  9.5
  725.088836  8
  4696.568346  8
  12982.161103  8
  25412.337087  8
  41986.532331  8
  62704.477841  8
  87566.096903  8
  116571.360734  8
  358.748968  8.5
  4698.640979  8.5
  12982.159535  8.5
  25412.337087  8.5
  41986.532331  8.5
  62704.477841  8.5
  87566.096903  8.5
  116571.360734  8.5
  696.368380  7
  4688.464255  7
  12974.340261  7
  25404.674682  7
  41978.933226  7
  62696.910402  7
  87558.547563  7
  376.251424  7.5
  4689.846793  7.5
  12974.339477  7.5
  25404.674683  7.5
  41978.933226  7.5
  62696.910402  7.5
  87558.547563  7.5
  668.477581  6
  4681.402175  6
  12967.563116  6
  25398.034361  6
  41972.347599  6
  62690.352133  6
  394.411817  6.5
  4682.266685  6.5
  12967.562768  6.5
  25398.034361  6.5
  41972.347599  6.5
  62690.352133  6.5
  641.406068  5
  4675.393645  5
  12961.829262  5
  25392.415937  5
  41966.775337  5
  413.243986  5.5
  4675.887856  5.5
  12961.829132  5.5
  25392.415937  5.5
  41966.775337  5.5
  615.143138  4
  4670.450350  4
  12957.138363  4
  25387.819258  4
  432.761584  4.5
  4670.697540  4.5
  12957.138326  4.5
  25387.819258  4.5
  589.677762  3
  4666.584115  3
  12953.490152  3
  452.978065  3.5
  4666.683017  3.5
  12953.490145  3.5
  564.998596  2
  4663.806898  2
  473.906665  2.5
  4663.831628  2.5
  541.093990  1
  495.560389  1.5
