  38.157687  10
  38.157687  10
  102.328447  10
  102.328471  10
  150.109759  10
  150.146624  10
  178.828248  10
  182.566860  10
  197.084893  10
  212.139573  10
  -0.000000  10.5
  72.271729  10.5
  72.271729  10.5
  128.300307  10.5
  128.301548  10.5
  167.352982  10.5
  167.929197  10.5
  186.678645  10.5
  196.489834  10.5
  212.163724  10.5
  34.139736  9
  34.139736  9
  90.266375  9
  90.266656  9
  129.797003  9
  130.045238  9
  149.672973  9
  157.149396  9
  171.162773  9
  -0.000000  9.5
  64.234381  9.5
  64.234384  9.5
  112.191574  9.5
  112.203227  9.5
  142.090435  9.5
  144.345817  9.5
  158.146522  9.5
  171.113847  9.5
  30.121705  8
  30.121706  8
  78.198504  8
  78.201548  8
  109.018970  8
  110.228139  8
  123.687576  8
  134.492388  8
  -0.000000  8.5
  56.196236  8.5
  56.196284  8.5
  96.023766  8.5
  96.116274  8.5
  116.758738  8.5
  122.119239  8.5
  134.589152  8.5
  26.103544  7
  26.103549  7
  66.109842  7
  66.138476  7
  87.804057  7
  91.357641  7
  102.452087  7
  0.000000  7.5
  48.156470  7.5
  48.157073  7.5
  79.608804  7.5
  80.168862  7.5
  93.649254  7.5
  102.266743  7.5
  22.085124  6
  22.085199  6
  53.917281  6
  54.132845  6
  67.921172  6
  74.423243  6
  0.000000  6.5
  40.111108  6.5
  40.117907  6.5
  62.701424  6.5
  64.818384  6.5
  74.762908  6.5
  18.065811  5
  18.066835  5
  41.372661  5
  42.454454  5
  51.526780  5
  0.000000  5.5
  32.033132  5.5
  32.097291  5.5
  46.370177  5.5
  50.941664  5.5
  14.040175  4
  14.052496  4
  28.875535  4
  31.795020  4
  0.000000  4.5
  23.783989  4.5
  24.221709  4.5
  32.722104  4.5
  9.964422  3
  10.081715  3
  18.277777  3
  0.000000  3.5
  15.346056  3.5
  16.951291  3.5
  5.720892  2
  6.376716  2
  0.000022  2.5
  8.079874  2.5
  2.013303  1
  0.004447  1.5
