  78.643520  10
  103.403795  10
  222.338239  10
  376.086321  10
  585.503329  10
  847.814633  10
  1162.852264  10
  1530.526448  10
  1950.797489  10
  2423.645403  10
  0.021316  10.5
  132.646003  10.5
  218.831855  10.5
  376.215714  10.5
  585.501141  10.5
  847.814653  10.5
  1162.852264  10.5
  1530.526448  10.5
  1950.797489  10.5
  2423.645403  10.5
  67.719233  9
  95.916489  9
  210.596071  9
  365.643163  9
  575.247518  9
  837.671094  9
  1152.772864  9
  1520.487342  9
  1940.785347  9
  0.042216  9.5
  118.137641  9.5
  208.509397  9.5
  365.703240  9.5
  575.246735  9.5
  837.671099  9.5
  1152.772864  9.5
  1520.487342  9.5
  1940.785347  9.5
  57.381853  8
  88.958546  8
  200.388272  8
  356.350467  8
  566.110063  8
  828.620989  8
  1143.772875  8
  1511.518842  8
  0.082426  8.5
  105.181869  8.5
  199.232141  8.5
  356.375619  8.5
  566.109822  8.5
  828.620990  8.5
  1143.772875  8.5
  1511.518842  8.5
  47.766182  7
  82.581656  7
  191.608062  7
  348.193705  7
  558.077768  7
  820.655719  7
  1135.846145  7
  0.158152  7.5
  93.834267  7.5
  191.022953  7.5
  348.202885  7.5
  558.077707  7.5
  820.655719  7.5
  1135.846145  7.5
  38.986000  6
  76.838319  6
  184.160958  6
  341.158368  6
  551.139178  6
  813.767716  6
  0.297039  6.5
  84.131509  6.5
  183.898484  6.5
  341.161130  6.5
  551.139167  6.5
  813.767716  6.5
  31.128641  5
  71.782838  5
  177.968544  5
  335.230746  5
  545.284477  5
  0.543674  5.5
  76.086738  5.5
  177.869420  5.5
  335.231361  5.5
  545.284476  5.5
  24.251724  4
  67.473037  4
  172.969498  4
  330.398531  4
  0.965137  4.5
  69.684355  4.5
  172.941028  4.5
  330.398608  4.5
  18.381147  3
  63.972670  3
  169.118789  3
  1.654349  3.5
  64.876485  3.5
  169.114026  3.5
  13.509775  2
  61.354350  2
  2.728455  2.5
  61.583839  2.5
  9.596779  1
  4.320863  1.5
