  94.731378  10
  162.116796  10
  375.633964  10
  681.409341  10
  1091.412495  10
  1604.363262  10
  2220.099654  10
  2938.555616  10
  3759.701582  10
  4683.522685  10
  0.293620  10.5
  185.113098  10.5
  374.349233  10.5
  681.432400  10.5
  1091.412301  10.5
  1604.363263  10.5
  2220.099654  10.5
  2938.555616  10.5
  3759.701582  10.5
  4683.522685  10.5
  82.320664  9
  153.988250  9
  364.916883  9
  671.330167  9
  1081.474983  9
  1594.500570  9
  2210.279993  9
  2928.762977  9
  3749.927017  9
  0.460439  9.5
  171.159589  9.5
  364.162184  9.5
  671.340833  9.5
  1081.474913  9.5
  1594.500570  9.5
  2210.279993  9.5
  2928.762977  9.5
  3749.927017  9.5
  70.783759  8
  146.511665  8
  355.457351  8
  662.340541  8
  1072.602344  8
  1585.688685  8
  2201.503052  8
  2920.007973  8
  0.713380  8.5
  158.828996  8.5
  355.043311  8.5
  662.344993  8.5
  1072.602323  8.5
  1585.688685  8.5
  2201.503052  8.5
  2920.007973  8.5
  60.172100  7
  139.725707  7
  347.206271  7
  654.431375  7
  1064.788265  7
  1577.923390  7
  2193.765805  7
  1.090212  7.5
  148.121656  7.5
  346.998268  7.5
  654.432996  7.5
  1064.788259  7.5
  1577.923390  7.5
  2193.765805  7.5
  50.522075  6
  133.671116  6
  340.122962  6
  647.594347  6
  1058.027201  6
  1571.200967  6
  1.640615  6.5
  139.022898  6.5
  340.030160  6.5
  647.594834  6.5
  1058.027200  6.5
  1571.200967  6.5
  41.854388  5
  128.391597  5
  334.174778  5
  641.822052  5
  1052.314364  5
  2.427193  5.5
  131.501931  5.5
  334.139870  5.5
  641.822160  5.5
  1052.314364  5.5
  34.173580  4
  123.934838  4
  329.336465  4
  637.108105  4
  3.525194  4.5
  125.511879  4.5
  329.326467  4.5
  637.108119  4.5
  27.467678  3
  120.353582  3
  325.589373  3
  5.020617  3.5
  120.991316  3.5
  325.587703  3.5
  21.708048  2
  117.706608  2
  7.006703  2.5
  117.867289  2.5
  16.849598  1
  9.579266  1.5
