  1164.262816  10
  7578.828743  10
  20952.492948  10
  41015.805740  10
  67767.869147  10
  101208.263044  10
  141336.867617  10
  188153.637913  10
  241658.553948  10
  301851.605728  10
  582.653084  10.5
  7582.032642  10.5
  20952.490548  10.5
  41015.805741  10.5
  67767.869147  10.5
  101208.263044  10.5
  141336.867617  10.5
  188153.637913  10.5
  241658.553948  10.5
  301851.605728  10.5
  1127.803075  9
  7568.565158  9
  20942.588628  9
  41006.102052  9
  67758.245613  9
  101198.679610  9
  141327.307102  9
  188144.091725  9
  241649.017312  9
  604.905921  9.5
  7570.896302  9.5
  20942.587227  9.5
  41006.102053  9.5
  67758.245613  9.5
  101198.679610  9.5
  141327.307102  9.5
  188144.091725  9.5
  241649.017312  9.5
  1092.173677  8
  7559.342407  8
  20933.727826  8
  40997.420252  8
  67749.635359  8
  101190.105144  8
  141318.753091  8
  188135.550500  8
  627.815404  8.5
  7560.974857  8.5
  20933.727062  8.5
  40997.420252  8.5
  67749.635359  8.5
  101190.105144  8.5
  141318.753091  8.5
  188135.550500  8.5
  1057.366514  7
  7551.169550  7
  20925.910211  7
  40989.760190  7
  67742.038291  7
  101182.539584  7
  141311.205539  7
  651.392450  7.5
  7552.258231  7.5
  20925.909829  7.5
  40989.760190  7.5
  67742.038291  7.5
  101182.539584  7.5
  141311.205539  7.5
  1023.373267  6
  7544.055734  6
  20919.135498  6
  40983.121734  6
  67735.454330  6
  101175.982876  6
  675.647863  6.5
  7544.736367  6.5
  20919.135328  6.5
  40983.121734  6.5
  67735.454330  6.5
  101175.982876  6.5
  990.185414  5
  7538.010199  5
  20913.403442  5
  40977.504773  5
  67729.883405  5
  700.592328  5.5
  7538.399232  5.5
  20913.403379  5.5
  40977.504773  5.5
  67729.883405  5.5
  957.794236  4
  7533.042267  4
  20908.713843  4
  40972.909208  4
  726.236403  4.5
  7533.236825  4.5
  20908.713825  4.5
  40972.909208  4.5
  926.190813  3
  7529.161344  3
  20905.066539  3
  752.590510  3.5
  7529.239180  3.5
  20905.066536  3.5
  895.366041  2
  7526.376915  2
  779.664933  2.5
  7526.396376  2.5
  865.310625  1
  807.469801  1.5
