  216.549299  10
  800.611943  10
  2132.805599  10
  4128.812877  10
  6791.239859  10
  10119.607658  10
  14113.789508  10
  18773.737632  10
  24099.430747  10
  30090.858195  10
  23.787638  10.5
  810.593885  10.5
  2132.728899  10.5
  4128.813082  10.5
  6791.239859  10.5
  10119.607658  10.5
  14113.789508  10.5
  18773.737632  10.5
  24099.430747  10.5
  30090.858195  10.5
  199.155806  9
  791.158575  9
  2122.812753  9
  4119.056792  9
  6781.572903  9
  10109.985495  9
  14104.193002  9
  18764.157183  9
  24089.861013  9
  27.337682  9.5
  798.450786  9.5
  2122.767978  9.5
  4119.056887  9.5
  6781.572903  9.5
  10109.985495  9.5
  14104.193002  9.5
  18764.157183  9.5
  24089.861013  9.5
  182.708134  8
  782.591583  8
  2113.884441  8
  4110.332166  8
  6772.926305  8
  10101.378071  8
  14095.608005  8
  18755.586221  8
  31.322484  8.5
  787.716660  8.5
  2113.860002  8.5
  4110.332206  8.5
  6772.926305  8.5
  10101.378071  8.5
  14095.608005  8.5
  18755.586221  8.5
  167.194175  7
  774.933925  7
  2106.016052  7
  4102.637501  7
  6765.299136  7
  10093.784757  7
  14088.034069  7
  35.778194  7.5
  778.362767  7.5
  2106.003826  7.5
  4102.637516  7.5
  6765.299136  7.5
  10093.784757  7.5
  14088.034069  7.5
  152.599351  6
  768.209563  6
  2099.203717  6
  4095.971473  6
  6758.690578  6
  10087.205003  6
  40.741440  6.5
  770.359177  6.5
  2099.198280  6.5
  4095.971477  6.5
  6758.690578  6.5
  10087.205003  6.5
  138.906639  5
  762.443480  5
  2093.444248  5
  4090.332932  5
  6753.099920  5
  46.249026  5.5
  763.675024  5.5
  2093.442208  5.5
  4090.332933  5.5
  6753.099920  5.5
  126.096614  4
  757.661697  4
  2088.735091  4
  4085.720907  4
  52.337630  4.5
  758.278777  4.5
  2088.734508  4.5
  4085.720907  4.5
  114.147511  3
  753.891258  3
  2085.074274  3
  59.043503  3.5
  754.138498  3.5
  2085.074177  3.5
  103.035301  2
  751.160209  2
  66.402175  2.5
  751.222092  2.5
  92.733800  1
  74.448178  1.5
