  42.738957  10
  42.743210  10
  110.151085  10
  112.060232  10
  147.387048  10
  170.527600  10
  205.627043  10
  247.112792  10
  295.169392  10
  349.578941  10
  0.000000  10.5
  79.931695  10.5
  80.073511  10.5
  130.749585  10.5
  140.697096  10.5
  171.532110  10.5
  205.559333  10.5
  247.115201  10.5
  295.169348  10.5
  349.578941  10.5
  38.186766  9
  38.200098  9
  95.262773  9
  99.049706  9
  128.510466  9
  154.885301  9
  190.349346  9
  232.285894  9
  280.613196  9
  0.000000  9.5
  70.650864  9.5
  71.023710  9.5
  111.413008  9.5
  125.414828  9.5
  155.185331  9.5
  190.335891  9.5
  232.286187  9.5
  280.613194  9.5
  33.621949  8
  33.662376  8
  80.182248  8
  86.690838  8
  112.743335  8
  141.140995  8
  176.987858  8
  219.227442  8
  0.000000  8.5
  61.180417  8.5
  62.090077  8.5
  93.806217  8.5
  111.604928  8.5
  141.210367  8.5
  176.985989  8.5
  219.227461  8.5
  29.026259  7
  29.143501  7
  65.593819  7
  75.290520  7
  99.794772  7
  129.269541  7
  165.422124  7
  0.000000  7.5
  51.414278  7.5
  53.405851  7.5
  78.658856  7.5
  99.476157  7.5
  129.280771  7.5
  165.421987  7.5
  24.358232  6
  24.677485  6
  52.329197  6
  65.147291  6
  89.188430  6
  119.197145  6
  0.000001  6.5
  41.418372  6.5
  45.178035  6.5
  66.363240  6.5
  89.126332  6.5
  119.198113  6.5
  19.547848  5
  20.338154  5
  41.089940  5
  56.497911  5
  80.558673  5
  0.000014  5.5
  31.663516  5.5
  37.672190  5.5
  56.799870  5.5
  80.552196  5.5
  14.569798  4
  16.258963  4
  32.341353  4
  49.478408  4
  0.000169  4.5
  22.883120  4.5
  31.170922  4.5
  49.518517  4.5
  9.671931  3
  12.635102  3
  26.142483  3
  0.001961  3.5
  15.715171  3.5
  25.925540  3.5
  5.442164  2
  9.697097  2
  0.019795  2.5
  10.581569  2.5
  2.421505  1
  0.152557  1.5
