  233.274550  10
  900.568936  10
  2409.737282  10
  4671.655633  10
  7688.614627  10
  11460.144904  10
  15986.120599  10
  21266.494307  10
  27301.244914  10
  34090.361851  10
  29.342745  10.5
  909.967273  10.5
  2409.673721  10.5
  4671.655783  10.5
  7688.614627  10.5
  11460.144904  10.5
  15986.120599  10.5
  21266.494307  10.5
  27301.244914  10.5
  34090.361851  10.5
  215.345666  9
  891.050189  9
  2399.756785  9
  4661.906402  9
  7678.953353  9
  11450.527806  9
  15976.528799  9
  21256.918337  9
  27291.679507  9
  33.383256  9.5
  897.912439  9.5
  2399.719683  9.5
  4661.906471  9.5
  7678.953352  9.5
  11450.527806  9.5
  15976.528799  9.5
  21256.918337  9.5
  27291.679507  9.5
  198.355934  8
  882.429875  8
  2390.837790  8
  4653.187378  8
  7670.311509  8
  11441.924692  8
  15967.947854  8
  21248.351262  8
  37.878034  8.5
  887.250491  8.5
  2390.817542  8.5
  4653.187407  8.5
  7670.311509  8.5
  11441.924692  8.5
  15967.947854  8.5
  21248.351262  8.5
  182.292785  7
  874.730032  7
  2382.976334  7
  4645.497240  7
  7662.688277  7
  11434.335008  7
  15960.377367  7
  42.861287  7.5
  877.953833  7.5
  2382.966205  7.5
  4645.497250  7.5
  7662.688277  7.5
  11434.335008  7.5
  15960.377367  7.5
  167.141485  6
  867.973592  6
  2376.169081  6
  4638.834818  6
  7656.082935  6
  11427.758267  6
  48.367520  6.5
  869.993930  6.5
  2376.164577  6.5
  4638.834821  6.5
  7656.082935  6.5
  11427.758267  6.5
  152.885154  5
  862.184398  5
  2370.413277  5
  4633.199099  5
  7650.494857  5
  54.431278  5.5
  863.341523  5.5
  2370.411587  5.5
  4633.199100  5.5
  7650.494857  5.5
  139.504814  4
  857.387202  4
  2365.706712  4
  4628.589226  4
  61.086898  4.5
  857.966849  4.5
  2365.706229  4.5
  4628.589226  4.5
  126.979440  3
  853.607660  3
  2362.047673  3
  68.368260  3.5
  853.839856  3.5
  2362.047593  3.5
  115.286033  2
  850.872296  2
  76.308547  2.5
  850.930405  2.5
  104.399708  1
  84.940020  1.5
