  47.623442  10
  47.707210  10
  114.409967  10
  125.146611  10
  164.578633  10
  208.110069  10
  262.801014  10
  327.161269  10
  401.050942  10
  484.372986  10
  0.000000  10.5
  87.047031  10.5
  88.708793  10.5
  135.080494  10.5
  162.975250  10.5
  208.220562  10.5
  262.796972  10.5
  327.161351  10.5
  401.050941  10.5
  484.372986  10.5
  42.434462  9
  42.621954  9
  97.842718  9
  112.364764  9
  149.990010  9
  194.770882  9
  249.796739  9
  314.386217  9
  388.425909  9
  0.000000  9.5
  75.953890  9.5
  78.955967  9.5
  117.953579  9.5
  149.367660  9.5
  194.801471  9.5
  249.795965  9.5
  314.386227  9.5
  388.425909  9.5
  37.178828  8
  37.583369  8
  82.406925  8
  100.676773  8
  137.530436  8
  183.031977  8
  238.313297  8
  303.067438  8
  0.000001  8.5
  64.622300  8.5
  69.597627  8.5
  103.383810  8.5
  137.327753  8.5
  183.038711  8.5
  238.313193  8.5
  303.067439  8.5
  31.807578  7
  32.637739  7
  68.624475  7
  90.255208  7
  126.917866  7
  172.833795  7
  228.297882  7
  0.000009  7.5
  53.334538  7.5
  60.811562  7.5
  91.347067  7.5
  126.865209  7.5
  172.834851  7.5
  228.297874  7.5
  26.273509  6
  27.860968  6
  56.902169  6
  81.222916  6
  117.959101  6
  164.117728  6
  0.000060  6.5
  42.576089  6.5
  52.791583  6.5
  81.572905  6.5
  117.949278  6.5
  164.117817  6.5
  20.607884  5
  23.363316  5
  47.477070  5
  73.643841  5
  110.528713  5
  0.000407  5.5
  32.866918  5.5
  45.727058  5.5
  73.724844  5.5
  110.527714  5.5
  15.035903  4
  19.285246  4
  40.326357  4
  67.526568  4
  0.002626  4.5
  24.631699  4.5
  39.783701  4.5
  67.536943  4.5
  9.974582  3
  15.784516  3
  35.183284  3
  0.015697  3.5
  18.173783  3.5
  35.088573  3.5
  5.848275  2
  13.023706  2
  0.082601  2.5
  13.679828  2.5
  2.909109  1
  0.354332  1.5
