  72.718553  10
  86.730021  10
  181.811733  10
  292.677712  10
  446.773542  10
  639.962396  10
  872.109112  10
  1143.103332  10
  1452.897409  10
  1801.467362  10
  0.004668  10.5
  118.854269  10.5
  176.345277  10.5
  292.964380  10.5
  446.766826  10.5
  639.962481  10.5
  872.109111  10.5
  1143.103332  10.5
  1452.897409  10.5
  1801.467362  10.5
  62.694794  9
  79.578763  9
  169.269133  9
  281.974366  9
  436.275494  9
  629.607185  9
  861.834522  9
  1132.879369  9
  1442.707319  9
  0.010634  9.5
  104.231722  9.5
  165.970634  9.5
  282.108000  9.5
  436.273085  9.5
  629.607208  9.5
  861.834522  9.5
  1132.879369  9.5
  1442.707319  9.5
  53.035093  8
  72.885314  8
  158.456945  8
  272.460351  8
  426.937571  8
  620.377895  8
  852.667174  8
  1123.750936  8
  0.023880  8.5
  91.067099  8.5
  156.610149  8.5
  272.516466  8.5
  426.936827  8.5
  620.377900  8.5
  852.667174  8.5
  1123.750936  8.5
  43.917238  7
  66.710476  7
  149.243532  7
  264.120274  7
  418.740739  7
  612.262491  7
  844.598473  7
  0.052659  7.5
  79.453265  7.5
  148.301739  7.5
  264.140801  7.5
  418.740553  7.5
  612.262491  7.5
  844.598473  7.5
  35.506667  6
  61.115631  6
  141.499460  6
  256.936965  6
  411.668706  6
  605.250395  6
  0.113476  6.5
  69.461787  6.5
  141.074707  6.5
  256.943152  6.5
  411.668672  6.5
  605.250395  6.5
  27.941660  5
  56.163123  5
  135.110659  5
  250.893056  5
  405.707635  5
  0.237490  5.5
  61.138890  5.5
  134.949657  5.5
  250.894436  5.5
  405.707632  5.5
  21.323939  4
  51.917777  4
  129.985215  4
  245.972270  4
  0.479237  4.5
  54.498241  4.5
  129.938856  4.5
  245.972443  4.5
  15.713389  3
  48.449757  3
  126.054925  3
  0.925374  3.5
  49.512723  3.5
  126.047156  3.5
  11.125061  2
  45.838734  2
  1.698382  2.5
  46.110201  2.5
  7.527422  1
  2.949816  1.5
