  305.316810  10
  1349.799930  10
  3655.399519  10
  7113.296181  10
  11724.854190  10
  17489.626645  10
  24407.490034  10
  32478.397910  10
  41702.329604  10
  52079.274769  10
  57.287250  10.5
  1357.446371  10.5
  3655.365920  10.5
  7113.296232  10.5
  11724.854190  10.5
  17489.626645  10.5
  24407.490034  10.5
  32478.397910  10.5
  41702.329604  10.5
  52079.274769  10.5
  285.263266  9
  1340.080211  9
  3645.450111  9
  7103.564726  9
  11715.207648  9
  17480.022685  9
  24397.910441  9
  32468.833561  9
  41692.775422  9
  63.332397  9.5
  1345.655664  9.5
  3645.430504  9.5
  7103.564750  9.5
  11715.207648  9.5
  17480.022685  9.5
  24397.910441  9.5
  32468.833561  9.5
  41692.775422  9.5
  266.124959  8
  1331.296462  8
  3636.554690  8
  7094.860232  8
  11706.578134  8
  17471.430750  8
  24389.340006  8
  32460.276572  8
  69.890455  8.5
  1335.208322  8.5
  3636.543992  8.5
  7094.860242  8.5
  11706.578134  8.5
  17471.430750  8.5
  24389.340006  8.5
  32460.276572  8.5
  247.888897  7
  1323.467666  7
  3628.710860  7
  7087.181833  7
  11698.965113  7
  17463.850479  7
  24381.778467  7
  76.989343  7.5
  1326.080901  7.5
  3628.705509  7.5
  7087.181836  7.5
  11698.965113  7.5
  17463.850479  7.5
  24381.778467  7.5
  230.540705  6
  1316.613403  6
  3621.916591  6
  7080.528764  6
  11692.368114  6
  17457.281555  6
  84.656920  6.5
  1318.249566  6.5
  3621.914212  6.5
  7080.528765  6.5
  11692.368114  6.5
  17457.281555  6.5
  214.064645  5
  1310.753846  5
  3616.170196  5
  7074.900365  5
  11686.786729  5
  92.920854  5.5
  1311.690195  5.5
  3616.169304  5.5
  7074.900365  5.5
  11686.786729  5.5
  198.443649  4
  1305.909755  4
  3611.470312  4
  7070.296075  4
  101.808490  4.5
  1306.378503  4.5
  3611.470057  4.5
  7070.296075  4.5
  183.659357  3
  1302.102462  3
  3607.815871  3
  111.346722  3.5
  1302.290140  3.5
  3607.815829  3.5
  169.692163  2
  1299.353844  2
  121.561878  2.5
  1299.400795  2.5
  156.521267  1
  132.479601  1.5
