  77.090186  10
  98.705545  10
  210.663059  10
  352.325262  10
  546.030388  10
  788.711808  10
  1080.205757  10
  1420.418093  10
  1809.307361  10
  2246.852693  10
  0.014814  10.5
  128.684906  10.5
  206.731904  10.5
  352.483583  10.5
  546.027482  10.5
  788.711837  10.5
  1080.205757  10.5
  1420.418093  10.5
  1809.307361  10.5
  2246.852693  10.5
  66.377065  9
  91.300536  9
  198.740823  9
  341.822652  9
  535.720517  9
  778.520856  9
  1070.082593  9
  1410.337512  9
  1799.255277  9
  0.030334  9.5
  114.136251  9.5
  196.394755  9.5
  341.896220  9.5
  535.719476  9.5
  778.520863  9.5
  1070.082593  9.5
  1410.337512  9.5
  1799.255277  9.5
  56.199437  8
  84.407838  8
  188.399233  8
  332.479783  8
  526.538234  8
  769.430587  8
  1061.045061  8
  1401.333116  8
  0.061228  8.5
  101.120782  8.5
  187.096622  8.5
  332.510602  8.5
  526.537913  8.5
  769.430589  8.5
  1061.045061  8.5
  1401.333116  8.5
  46.703801  7
  78.081285  7
  179.523920  7
  324.281679  7
  518.469092  7
  761.431644  7
  1053.086467  7
  0.121421  7.5
  89.702547  7.5
  178.863658  7.5
  324.292933  7.5
  518.469011  7.5
  761.431644  7.5
  1053.086467  7.5
  38.016409  6
  72.375384  6
  172.011740  6
  317.213071  6
  511.500585  6
  754.515793  6
  0.235583  6.5
  79.926318  6.5
  171.715226  6.5
  317.216458  6.5
  511.500570  6.5
  754.515793  6.5
  30.236192  5
  67.346225  5
  165.776158  5
  311.259337  5
  505.622017  5
  0.445010  5.5
  71.812858  5.5
  165.664092  5.5
  311.260091  5.5
  505.622016  5.5
  23.430498  4
  63.053194  4
  160.749158  4
  306.407239  4
  0.814069  4.5
  65.353044  4.5
  160.716954  4.5
  306.407334  4.5
  17.632559  3
  59.561535  3
  156.880724  3
  1.434767  3.5
  60.503200  3.5
  156.875335  3.5
  12.839891  2
  56.945585  2
  2.426135  2.5
  57.184995  2.5
  9.013416  1
  3.926244  1.5
