  159.001305  10
  474.195043  10
  1229.907328  10
  2358.741856  10
  3865.057099  10
  5748.301769  10
  8008.343277  10
  10645.131406  10
  13658.643751  10
  17048.869084  10
  8.316205  10.5
  487.271525  10.5
  1229.726654  10.5
  2358.742713  10.5
  3865.057097  10.5
  5748.301769  10.5
  8008.343277  10.5
  10645.131406  10.5
  13658.643751  10.5
  17048.869084  10.5
  143.620721  9
  465.076497  9
  1219.829479  9
  2348.940905  9
  3855.352927  9
  5738.646439  9
  7998.715961  9
  10635.521637  9
  13649.045697  9
  10.130757  9.5
  474.662011  9.5
  1219.723941  9.5
  2348.941301  9.5
  3855.352926  9.5
  5738.646439  9.5
  7998.715961  9.5
  10635.521637  9.5
  13649.045697  9.5
  129.209710  8
  456.783731  8
  1210.837519  8
  2340.179601  8
  3846.675194  8
  5730.010797  8
  7990.104447  8
  10626.925231  8
  12.278855  8.5
  463.541308  8.5
  1210.779883  8.5
  2340.179766  8.5
  3846.675194  8.5
  5730.010797  8.5
  7990.104447  8.5
  10626.925231  8.5
  115.761447  7
  449.343924  7
  1202.922163  7
  2332.455299  7
  3839.022248  7
  5722.393730  7
  7982.507934  7
  14.804957  7.5
  453.877295  7.5
  1202.893315  7.5
  2332.455359  7.5
  3839.022248  7.5
  5722.393730  7.5
  7982.507934  7.5
  103.264686  6
  442.785824  6
  1196.075684  6
  2325.765659  6
  3832.392634  6
  5715.794256  6
  17.755633  6.5
  445.634629  6.5
  1196.062851  6.5
  2325.765677  6.5
  3832.392634  6.5
  5715.794256  6.5
  91.703763  5
  437.139868  5
  1190.291787  5
  2320.108645  5
  3826.785092  5
  21.178959  5.5
  438.775265  5.5
  1190.286971  5.5
  2320.108649  5.5
  3826.785092  5.5
  81.058630  4
  432.438264  4
  1185.565483  4
  2315.482534  4
  25.123849  4.5
  433.259046  4.5
  1185.564106  4.5
  2315.482534  4.5
  71.304923  3
  428.715051  3
  1181.892968  3
  29.639346  3.5
  429.044326  3.5
  1181.892738  3.5
  62.414086  2
  426.006094  2
  34.773908  2.5
  426.088585  2.5
  54.353555  1
  40.574712  1.5
