  161.543888  10
  487.918032  10
  1267.791136  10
  2433.023255  10
  3987.859380  10
  5931.753966  10
  8264.574838  10
  10986.271955  10
  14096.822994  10
  17596.216767  10
  8.859060  10.5
  500.802479  10.5
  1267.618882  10.5
  2433.024047  10.5
  3987.859378  10.5
  5931.753966  10.5
  8264.574838  10.5
  10986.271955  10.5
  14096.822994  10.5
  17596.216767  10.5
  146.067351  9
  478.779243  9
  1257.719626  9
  2423.225534  9
  3978.157889  9
  5922.101025  9
  8254.949740  9
  10976.664297  9
  14087.226979  9
  10.750487  9.5
  488.221697  9.5
  1257.619011  9.5
  2423.225899  9.5
  3978.157888  9.5
  5922.101025  9.5
  8254.949740  9.5
  10976.664297  9.5
  14087.226979  9.5
  131.559511  8
  470.469845  8
  1248.732387  8
  2414.466870  8
  3969.482398  8
  5913.467414  8
  8246.340135  8
  10968.069723  8
  12.981567  8.5
  477.125106  8.5
  1248.677442  8.5
  2414.467023  8.5
  3969.482398  8.5
  5913.467414  8.5
  8246.340135  8.5
  10968.069723  8.5
  118.013068  7
  463.016785  7
  1240.820497  7
  2406.744703  7
  3961.831308  7
  5905.852057  7
  8238.745248  7
  15.596362  7.5
  467.480644  7.5
  1240.792996  7.5
  2406.744758  7.5
  3961.831308  7.5
  5905.852057  7.5
  8238.745248  7.5
  105.416442  6
  456.448540  6
  1233.976522  6
  2400.056763  6
  3955.203211  6
  5899.254003  6
  18.640905  6.5
  459.253186  6.5
  1233.964289  6.5
  2400.056779  6.5
  3955.203211  6.5
  5899.254003  6.5
  93.753774  5
  450.795238  5
  1228.194406  5
  2394.401079  5
  3949.596884  5
  22.162624  5.5
  452.405052  5.5
  1228.189816  5.5
  2394.401083  5.5
  3949.596884  5.5
  83.004963  4
  446.088728  4
  1223.469346  4
  2389.775982  4
  26.209690  4.5
  446.896575  4.5
  1223.468034  4.5
  2389.775982  4.5
  73.145739  3
  442.362632  3
  1219.797677  3
  30.830348  3.5
  442.686688  3.5
  1219.797458  3.5
  64.147778  2
  439.652341  2
  36.072231  2.5
  439.733519  2.5
  55.978886  1
  41.981701  1.5
