  51.896946  10
  52.270657  10
  118.262096  10
  139.910029  10
  189.287554  10
  249.157041  10
  322.276760  10
  408.003693  10
  506.214449  10
  616.842076  10
  0.000001  10.5
  92.062559  10.5
  97.226004  10.5
  145.387377  10.5
  188.749013  10.5
  249.182092  10.5
  322.276116  10.5
  408.003703  10.5
  506.214449  10.5
  616.842076  10.5
  46.046278  9
  46.749048  9
  101.809802  9
  127.547838  9
  176.338982  9
  236.862304  9
  310.230158  9
  396.115886  9
  494.431901  9
  0.000004  9.5
  79.480499  9.5
  87.135570  9.5
  130.370427  9.5
  176.138638  9.5
  236.869117  9.5
  310.230036  9.5
  396.115887  9.5
  494.431901  9.5
  40.066490  8
  41.336182  8
  87.059186  8
  116.418887  8
  165.070338  8
  226.001946  8
  299.553741  8
  385.555369  8
  0.000019  8.5
  67.067225  8.5
  77.642571  8.5
  117.690602  8.5
  165.006872  8.5
  226.003427  8.5
  299.553724  8.5
  385.555369  8.5
  33.925634  7
  36.099819  7
  74.312698  7
  106.610256  7
  155.340131  7
  216.529923  7
  290.212768  7
  0.000097  7.5
  55.239248  7.5
  68.902670  7.5
  107.097822  7.5
  155.323935  7.5
  216.530153  7.5
  290.212766  7.5
  27.659108  6
  31.131083  6
  63.745677  6
  98.168648  6
  147.050458  6
  208.404602  6
  0.000483  6.5
  44.414136  6.5
  61.066013  6.5
  98.320105  6.5
  147.047472  6.5
  208.404621  6.5
  21.440434  5
  26.541416  5
  55.350089  5
  91.103265  5
  140.132084  5
  0.002340  5.5
  34.940239  5.5
  54.266281  5.5
  91.137689  5.5
  140.131783  5.5
  15.587746  4
  22.455175  4
  48.936592  4
  85.394954  4
  0.010801  4.5
  27.081323  4.5
  48.611860  4.5
  85.399318  4.5
  10.464406  3
  19.001596  3
  44.235220  3
  0.046319  3.5
  21.021956  3.5
  44.179574  3.5
  6.354898  2
  16.312760  2
  0.177215  2.5
  16.854861  2.5
  3.393882  1
  0.576091  1.5
