  884.784569  10
  5457.797740  10
  15061.502030  10
  29469.447712  10
  48681.024978  10
  72695.812041  10
  101513.688784  10
  135134.610131  10
  173558.556043  10
  216785.516498  10
  390.806517  10.5
  5461.575653  10.5
  15061.498084  10.5
  29469.447713  10.5
  48681.024978  10.5
  72695.812041  10.5
  101513.688784  10.5
  135134.610131  10.5
  173558.556043  10.5
  216785.516498  10.5
  852.665787  9
  5447.607298  9
  15051.594247  9
  29459.741757  9
  48671.399567  9
  72686.226931  9
  101504.126711  9
  135125.062460  9
  173549.017974  9
  408.735139  9.5
  5450.356573  9.5
  15051.591946  9.5
  29459.741758  9.5
  48671.399567  9.5
  72686.226931  9.5
  101504.126711  9.5
  135125.062460  9.5
  173549.017974  9.5
  821.390146  8
  5438.443344  8
  15042.730758  8
  29451.058104  8
  48662.787740  8
  72677.651038  8
  101495.571358  8
  135116.519947  8
  427.302578  8.5
  5440.368903  8.5
  15042.729503  8.5
  29451.058105  8.5
  48662.787740  8.5
  72677.651038  8.5
  101495.571358  8.5
  135116.519947  8.5
  790.948461  7
  5430.316401  7
  15034.911087  7
  29443.396545  7
  48655.189370  7
  72670.084277  7
  101488.022664  7
  446.521898  7.5
  5431.600734  7.5
  15034.910459  7.5
  29443.396545  7.5
  48655.189370  7.5
  72670.084277  7.5
  101488.022664  7.5
  761.331247  6
  5423.237122  6
  15028.134823  6
  29436.756897  6
  48648.604344  6
  72663.526572  6
  466.406029  6.5
  5424.040170  6.5
  15028.134544  6.5
  29436.756897  6.5
  48648.604344  6.5
  72663.526572  6.5
  732.528730  5
  5417.216287  5
  15022.401619  5
  29431.139001  5
  48643.032564  5
  486.967745  5.5
  5417.675336  5.5
  15022.401515  5.5
  29431.139001  5.5
  48643.032564  5.5
  704.530849  4
  5412.264800  4
  15017.711190  4
  29426.542724  4
  508.219655  4.5
  5412.494392  4.5
  15017.711160  4.5
  29426.542724  4.5
  677.327268  3
  5408.393683  3
  15014.063306  3
  530.174190  3.5
  5408.485541  3.5
  15014.063301  3.5
  650.907377  2
  5405.614072  2
  552.843593  2.5
  5405.637040  2.5
  625.260308  1
  576.239900  1.5
