  29310.945334  10
  248559.347098  10
  690339.237024  10
  1353013.861786  10
  2236581.000543  10
  3341040.236554  10
  4666391.450748  10
  6212634.598473  10
  7979769.659884  10
  9967796.625057  10
  25987.023406  10.5
  248559.905615  10.5
  690339.237011  10.5
  1353013.861786  10.5
  2236581.000543  10.5
  3341040.236554  10.5
  4666391.450748  10.5
  6212634.598473  10.5
  7979769.659884  10.5
  9967796.625057  10.5
  29137.576664  9
  248548.735374  9
  690329.340946  9
  1353004.163694  9
  2236571.381648  9
  3341030.657258  9
  4666381.894080  9
  6212625.055948  9
  7979760.126787  9
  26146.143390  9.5
  248549.141574  9.5
  690329.340939  9.5
  1353004.163694  9.5
  2236571.381648  9.5
  3341030.657258  9.5
  4666381.894080  9.5
  6212625.055948  9.5
  7979760.126787  9.5
  28964.973024  8
  248539.233509  8
  690320.486587  8
  1352995.486468  8
  2236562.775277  8
  3341022.086315  8
  4666373.343382  8
  6212616.517903  8
  26305.997946  8.5
  248539.517852  8.5
  690320.486583  8.5
  1352995.486468  8.5
  2236562.775277  8.5
  3341022.086315  8.5
  4666373.343382  8.5
  6212616.517903  8.5
  28793.132767  7
  248530.843178  7
  690312.673937  7
  1352987.830103  7
  2236555.181426  7
  3341014.523722  7
  4666365.798651  7
  26466.588808  7.5
  248531.032742  7.5
  690312.673935  7.5
  1352987.830103  7.5
  2236555.181426  7.5
  3341014.523722  7.5
  4666365.798651  7.5
  28622.054238  6
  248523.566058  6
  690305.902989  6
  1352981.194594  6
  2236548.600094  6
  3341007.969479  6
  26627.917706  6.5
  248523.684537  6.5
  690305.902988  6.5
  1352981.194594  6.5
  2236548.600094  6.5
  3341007.969479  6.5
  28451.735780  5
  248517.403830  5
  690300.173736  5
  1352975.579939  5
  2236543.031279  5
  26789.986366  5.5
  248517.471532  5.5
  690300.173736  5.5
  1352975.579939  5.5
  2236543.031279  5.5
  28282.175727  4
  248512.358174  4
  690295.486173  4
  1352970.986134  4
  26952.796506  4.5
  248512.392026  4.5
  690295.486173  4.5
  1352970.986134  4.5
  28113.372411  3
  248508.430776  3
  690291.840295  3
  27116.349843  3.5
  248508.444316  3.5
  690291.840295  3.5
  27945.324157  2
  248505.623320  2
  27280.648087  2.5
  248505.626705  2.5
  27778.029285  1
  27445.692942  1.5
