  46.856235  10
  46.915680  10
  113.826757  10
  122.841111  10
  160.938050  10
  201.536366  10
  253.096497  10
  313.830513  10
  383.602404  10
  462.306491  10
  0.000000  10.5
  86.029631  10.5
  87.294802  10.5
  133.863997  10.5
  158.955429  10.5
  201.685554  10.5
  253.090616  10.5
  313.830641  10.5
  383.602403  10.5
  462.306491  10.5
  41.774546  9
  41.912921  9
  97.347532  9
  109.993614  9
  145.906051  9
  187.942085  9
  239.855014  9
  300.837298  9
  370.770919  9
  0.000000  9.5
  75.234432  9.5
  77.626195  9.5
  116.326333  9.5
  145.125802  9.5
  187.983614  9.5
  239.853885  9.5
  300.837313  9.5
  370.770919  9.5
  36.637153  8
  36.947853  8
  81.842026  8
  98.196903  8
  133.129680  8
  175.987143  8
  228.172811  8
  289.332639  8
  0.000001  8.5
  64.163918  8.5
  68.309692  8.5
  101.325220  8.5
  132.873325  8.5
  175.996320  8.5
  228.172658  8.5
  289.332640  8.5
  31.397704  7
  32.061793  7
  67.882962  7
  87.643360  7
  122.289943  7
  165.610353  7
  217.991966  7
  0.000005  7.5
  53.039973  7.5
  59.523583  7.5
  88.924414  7.5
  122.222975  7.5
  165.611795  7.5
  217.991955  7.5
  26.002198  6
  27.325836  6
  55.928092  6
  78.475908  6
  113.163487  6
  156.749373  6
  0.000038  6.5
  42.330673  6.5
  51.468875  6.5
  78.890536  6.5
  113.150952  6.5
  156.749495  6.5
  20.456072  5
  22.847824  5
  46.270395  5
  70.774846  5
  105.606805  5
  0.000274  5.5
  32.586595  5.5
  44.346935  5.5
  70.871339  5.5
  105.605528  5.5
  14.952352  4
  18.770118  4
  38.939491  4
  64.558558  4
  0.001907  4.5
  24.274133  4.5
  38.337308  4.5
  64.570953  4.5
  9.905802  3
  15.256497  3
  33.685620  3
  0.012305  3.5
  17.728484  3.5
  33.579968  3.5
  5.770305  2
  12.477131  2
  0.069731  2.5
  13.159597  2.5
  2.828365  1
  0.319311  1.5
