  38.018244  10
  38.018244  10
  102.038078  10
  102.038078  10
  150.015785  10
  150.015963  10
  181.710080  10
  181.930555  10
  195.715276  10
  201.867435  10
  -0.000000  10.5
  72.031456  10.5
  72.031456  10.5
  128.035081  10.5
  128.035083  10.5
  167.959023  10.5
  167.967897  10.5
  190.519116  10.5
  192.541857  10.5
  202.236527  10.5
  34.016168  9
  34.016168  9
  90.030933  9
  90.030934  9
  129.991249  9
  129.994873  9
  152.976722  9
  154.373722  9
  163.566604  9
  -0.000000  9.5
  64.027139  9.5
  64.027139  9.5
  112.023221  9.5
  112.023276  9.5
  143.844890  9.5
  143.961436  9.5
  158.020897  9.5
  163.060156  9.5
  30.014083  8
  30.014083  8
  78.023276  8
  78.023290  8
  109.928646  8
  109.984932  8
  124.350884  8
  128.361580  8
  -0.000000  8.5
  56.022734  8.5
  56.022734  8.5
  96.008259  8.5
  96.009562  8.5
  119.342215  8.5
  120.248419  8.5
  129.038655  8.5
  26.011983  7
  26.011983  7
  66.014418  7
  66.014812  7
  89.614572  7
  90.157870  7
  98.644106  7
  0.000000  7.5
  48.018174  7.5
  48.018177  7.5
  79.976042  7.5
  80.000253  7.5
  94.683961  7.5
  97.765967  7.5
  22.009857  6
  22.009858  6
  53.998921  6
  54.007811  6
  69.002505  6
  71.267135  6
  0.000000  6.5
  40.013261  6.5
  40.013353  6.5
  63.800566  6.5
  64.094727  6.5
  72.368034  6.5
  18.007674  5
  18.007688  5
  41.913932  5
  42.052491  5
  50.189822  5
  0.000000  5.5
  32.006376  5.5
  32.008951  5.5
  47.292429  5.5
  48.858731  5.5
  14.005131  4
  14.005619  4
  29.542801  4
  30.534557  4
  0.000000  4.5
  23.972703  4.5
  24.025593  4.5
  32.085715  4.5
  9.995713  3
  10.009434  3
  18.032248  3
  0.000000  3.5
  15.745435  3.5
  16.288887  3.5
  5.894694  2
  6.116576  2
  0.000000  2.5
  8.009221  2.5
  2.001537  1
  0.000512  1.5
