  41.167497  10
  41.168242  10
  107.978999  10
  108.562232  10
  146.139559  10
  161.046580  10
  189.884822  10
  223.457172  10
  262.798987  10
  307.514762  10
  0.000000  10.5
  77.372242  10.5
  77.404043  10.5
  130.763422  10.5
  135.408069  10.5
  163.554233  10.5
  189.644131  10.5
  223.468542  10.5
  262.798717  10.5
  307.514764  10.5
  36.802444  9
  36.805282  9
  94.201498  9
  95.673891  9
  125.152314  9
  144.113100  9
  173.043503  9
  207.298834  9
  247.000642  9
  0.000000  9.5
  68.569096  9.5
  68.671634  9.5
  111.503501  9.5
  119.509292  9.5
  144.931693  9.5
  172.993797  9.5
  207.300250  9.5
  247.000627  9.5
  32.432527  8
  32.442992  8
  79.978162  8
  83.185432  8
  107.189747  8
  129.141835  8
  158.443030  8
  193.120585  8
  0.000000  8.5
  59.674230  8.5
  59.983269  8.5
  93.088870  8.5
  104.857231  8.5
  129.341537  8.5
  158.435945  8.5
  193.120677  8.5
  28.049683  7
  28.086642  7
  65.606740  7
  71.414275  7
  92.511928  7
  116.205911  7
  145.875394  7
  0.000000  7.5
  50.579260  7.5
  51.423639  7.5
  76.575751  7.5
  91.804275  7.5
  116.239301  7.5
  145.874865  7.5
  23.630837  6
  23.753758  6
  51.934329  6
  60.731943  6
  80.729397  6
  105.263350  6
  0.000000  6.5
  41.173514  6.5
  43.162280  6.5
  62.782125  6.5
  80.584999  6.5
  105.266284  6.5
  19.119666  5
  19.493145  5
  39.919725  5
  51.485399  5
  71.298820  5
  0.000002  5.5
  31.639828  5.5
  35.467708  5.5
  52.030492  5.5
  71.283380  5.5
  14.435960  4
  15.415843  4
  30.301768  4
  43.919736  4
  0.000035  4.5
  22.688401  4.5
  28.673826  4.5
  43.994769  4.5
  9.670249  3
  11.719153  3
  23.427188  3
  0.000596  3.5
  15.168740  3.5
  23.110048  3.5
  5.380850  2
  8.669072  2
  0.008845  2.5
  9.682940  2.5
  2.276620  1
  0.097551  1.5
