  186.188619  10
  624.579820  10
  1645.508926  10
  3173.559748  10
  5212.089399  10
  7760.592142  10
  10818.938870  10
  14387.080838  10
  18464.996317  10
  23052.674421  10
  14.843631  10.5
  635.920486  10.5
  1645.394330  10.5
  3173.560149  10.5
  5212.089398  10.5
  7760.592142  10.5
  10818.938870  10.5
  14387.080838  10.5
  18464.996317  10.5
  23052.674421  10.5
  169.819352  9
  615.275814  9
  1635.483045  9
  3163.785792  9
  5202.407626  9
  7750.956770  9
  10809.330092  9
  14377.488710  9
  18455.415301  9
  17.483272  9.5
  623.571957  9.5
  1635.416131  9.5
  3163.785977  9.5
  5202.407625  9.5
  7750.956770  9.5
  10809.330092  9.5
  14377.488710  9.5
  18455.415301  9.5
  154.408805  8
  606.830920  8
  1626.529903  8
  3155.046558  8
  5193.748629  8
  7742.338108  8
  10800.734534  8
  14368.907613  8
  20.512620  8.5
  612.668744  8.5
  1626.493373  8.5
  3155.046635  8.5
  5193.748629  8.5
  7742.338108  8.5
  10800.734534  8.5
  14368.907613  8.5
  139.946586  7
  599.270077  7
  1618.643121  7
  3147.340090  7
  5186.111195  7
  7734.735333  7
  10793.151604  7
  23.971933  7.5
  603.180018  7.5
  1618.624842  7.5
  3147.340118  7.5
  5186.111195  7.5
  7734.735333  7.5
  10793.151604  7.5
  126.419047  6
  592.619475  6
  1611.817359  6
  3140.664658  6
  5179.494250  6
  7728.147724  6
  27.902517  6.5
  595.073015  6.5
  1611.809230  6.5
  3140.664667  6.5
  5179.494250  6.5
  7728.147724  6.5
  113.809310  5
  586.906614  5
  1606.048246  5
  3135.018760  5
  5173.896867  5
  32.346309  5.5
  588.313405  5.5
  1606.045196  5.5
  3135.018762  5.5
  5173.896867  5.5
  102.097303  4
  582.160339  4
  1601.332296  4
  3130.401124  4
  37.345417  4.5
  582.865689  4.5
  1601.331424  4.5
  3130.401124  4.5
  91.259835  3
  578.410844  3
  1597.666831  3
  42.941675  3.5
  578.693594  3.5
  1597.666686  3.5
  81.270691  2
  575.689655  2
  49.176191  2.5
  575.760452  2.5
  72.100775  1
  56.088924  1.5
