  100.021861  10
  184.202207  10
  434.934473  10
  798.343992  10
  1284.909973  10
  1893.544734  10
  2624.091339  10
  3476.487288  10
  4450.704601  10
  5546.729214  10
  0.507587  10.5
  205.688190  10.5
  433.941980  10.5
  798.358901  10.5
  1284.909867  10.5
  1893.544734  10.5
  2624.091339  10.5
  3476.487288  10.5
  4450.704601  10.5
  5546.729214  10.5
  87.276566  9
  175.925852  9
  424.369140  9
  788.325077  9
  1275.023520  9
  1883.727324  9
  2614.313640  9
  3466.734518  9
  4440.968501  9
  0.760026  9.5
  191.912313  9.5
  423.786982  9.5
  788.331970  9.5
  1275.023482  9.5
  1883.727324  9.5
  2614.313640  9.5
  3466.734518  9.5
  4440.968501  9.5
  75.441817  8
  168.327763  8
  415.019781  8
  779.385080  8
  1266.193482  8
  1874.953900  8
  2605.572770  8
  3458.014077  8
  1.125368  8.5
  179.755568  8.5
  414.700775  8.5
  779.387956  8.5
  1266.193471  8.5
  1874.953900  8.5
  2605.572770  8.5
  3458.014077  8.5
  64.554989  7
  161.444525  7
  406.846973  7
  771.516182  7
  1258.414587  7
  1867.220932  7
  2597.866195  7
  1.645671  7.5
  169.208725  7.5
  406.686861  7.5
  771.517229  7.5
  1258.414584  7.5
  1867.220932  7.5
  2597.866195  7.5
  54.640475  6
  155.314942  6
  399.818163  6
  764.711289  6
  1251.682200  6
  1860.525307  6
  2.373650  6.5
  160.249249  6.5
  399.746779  6.5
  764.711604  6.5
  1251.682200  6.5
  1860.525307  6.5
  45.709284  5
  149.980786  5
  393.907236  5
  758.964132  5
  1245.992317  5
  3.372895  5.5
  152.840951  5.5
  393.880399  5.5
  758.964201  5.5
  1245.992317  5.5
  37.758718  4
  145.487617  4
  389.093954  4
  754.269330  4
  4.717003  4.5
  146.934614  4.5
  389.086272  4.5
  754.269339  4.5
  30.772165  3
  141.885592  3
  385.363316  3
  6.487525  3.5
  142.469721  3.5
  385.362034  3.5
  24.719062  2
  139.230157  2
  8.770875  2.5
  139.377148  2.5
  19.555161  1
  11.654563  1.5
