  104.167115  10
  202.168251  10
  483.478295  10
  893.904027  10
  1442.996909  10
  2129.777965  10
  2954.093757  10
  3915.883913  10
  5015.121410  10
  6251.792672  10
  0.729359  10.5
  222.618804  10.5
  482.651246  10.5
  893.914992  10.5
  1442.996840  10.5
  2129.777966  10.5
  2954.093757  10.5
  3915.883913  10.5
  5015.121410  10.5
  6251.792672  10.5
  91.184566  9
  193.790792  9
  473.002284  9
  883.921859  9
  1433.141427  9
  2119.988048  9
  2944.341546  9
  3906.155367  9
  5005.408686  9
  1.059981  9.5
  208.972025  9.5
  472.517572  9.5
  883.926927  9.5
  1433.141402  9.5
  2119.988048  9.5
  2944.341546  9.5
  3906.155367  9.5
  5005.408686  9.5
  79.132165  8
  186.109369  8
  463.717898  8
  875.012070  8
  1424.337242  8
  2111.237982  8
  2935.622590  8
  3897.455930  8
  1.524393  8.5
  196.937782  8.5
  463.452466  8.5
  875.014184  8.5
  1424.337234  8.5
  2111.237982  8.5
  2935.622590  8.5
  3897.455930  8.5
  68.038917  7
  179.159287  7
  455.591415  7
  867.167654  7
  1416.579709  7
  2103.524652  7
  2927.934654  7
  2.167038  7.5
  186.501202  7.5
  455.458262  7.5
  867.168423  7.5
  1416.579707  7.5
  2103.524652  7.5
  2927.934654  7.5
  57.922181  6
  172.978115  6
  448.595014  6
  860.382288  6
  1409.864740  6
  2096.845311  6
  3.041982  6.5
  177.635410  6.5
  448.535674  6.5
  860.382519  6.5
  1409.864740  6.5
  2096.845311  6.5
  48.787371  5
  167.606340  5
  442.706368  5
  854.650403  5
  1404.188804  5
  4.212711  5.5
  170.301572  5.5
  442.684067  5.5
  854.650454  5.5
  1404.188804  5.5
  40.627721  4
  163.088053  4
  437.908144  4
  849.967235  4
  5.751037  4.5
  164.449771  4.5
  437.901761  4.5
  849.967241  4.5
  33.424144  3
  159.471605  3
  434.187455  3
  7.735081  3.5
  160.020727  3.5
  434.186390  3.5
  27.145259  2
  156.810134  2
  10.246511  2.5
  156.948211  2.5
  21.747673  1
  13.367338  1.5
