  578.234263  10
  3212.589188  10
  8826.327075  10
  17248.463874  10
  28478.971735  10
  42517.424163  10
  59363.700278  10
  79017.754699  10
  101479.567245  10
  126749.127820  10
  198.428839  10.5
  3217.521112  10.5
  8826.318245  10.5
  17248.463880  10.5
  28478.971735  10.5
  42517.424163  10.5
  59363.700278  10.5
  79017.754699  10.5
  101479.567245  10.5
  126749.127820  10.5
  551.747170  9
  3202.543191  9
  8816.410347  9
  17238.752203  9
  28469.341586  9
  42507.834826  9
  59354.134276  9
  79008.203287  9
  101470.025562  9
  210.767569  9.5
  3206.133849  9.5
  8816.405195  9.5
  17238.752205  9.5
  28469.341586  9.5
  42507.834826  9.5
  59354.134276  9.5
  79008.203287  9.5
  101470.025562  9.5
  526.127362  8
  3193.495552  8
  8807.539944  8
  17230.063877  8
  28460.725793  8
  42499.255335  8
  59345.575541  8
  78999.657528  8
  223.708466  8.5
  3196.011397  8.5
  8807.537133  8.5
  17230.063878  8.5
  28460.725793  8.5
  42499.255335  8.5
  59345.575541  8.5
  78999.657528  8.5
  501.363872  7
  3185.459575  7
  8799.715002  7
  17222.398542  7
  28453.124137  7
  42491.685544  7
  59338.023966  7
  237.269016  7.5
  3187.138208  7.5
  8799.713597  7.5
  17222.398542  7.5
  28453.124137  7.5
  42491.685544  7.5
  59338.023966  7.5
  477.445201  6
  3178.448800  6
  8792.934782  6
  17215.755884  6
  28446.536426  6
  42485.125323  6
  251.466524  6.5
  3179.498706  6.5
  8792.934157  6.5
  17215.755884  6.5
  28446.536426  6.5
  42485.125323  6.5
  454.359331  5
  3172.476994  5
  8787.198661  5
  17210.135633  5
  28440.962492  5
  266.318088  5.5
  3173.077309  5.5
  8787.198427  5.5
  17210.135633  5.5
  28440.962492  5.5
  432.093734  4
  3167.558150  4
  8782.506128  4
  17205.537558  4
  281.840563  4.5
  3167.858458  4.5
  8782.506061  4.5
  17205.537558  4.5
  410.635391  3
  3163.706472  3
  8778.856780  3
  298.050535  3.5
  3163.826642  3.5
  8778.856768  3.5
  389.970803  2
  3160.936370  2
  314.964287  2.5
  3160.966421  2.5
  370.086010  1
  332.597778  1.5
