  281.068892  10
  1195.630745  10
  3227.766598  10
  6275.099992  10
  10339.249738  10
  15419.763543  10
  21516.517295  10
  28629.464303  10
  36758.583784  10
  45903.865337  10
  47.238484  10.5
  1203.763722  10.5
  3227.725976  10.5
  6275.100063  10.5
  10339.249738  10.5
  15419.763543  10.5
  21516.517295  10.5
  28629.464303  10.5
  36758.583784  10.5
  45903.865337  10.5
  261.701418  9
  1185.967569  9
  3217.809411  9
  6265.364011  9
  10329.599445  9
  15410.156237  9
  21506.934593  9
  28619.896994  9
  36749.026743  9
  52.628624  9.5
  1191.899854  9.5
  3217.785703  9.5
  6265.364044  9.5
  10329.599445  9.5
  15410.156237  9.5
  21506.934593  9.5
  28619.896994  9.5
  36749.026743  9.5
  243.256395  8
  1177.229730  8
  3208.908073  8
  6256.655817  8
  10320.966791  8
  15401.561455  8
  21498.361481  8
  28611.337436  8
  58.515411  8.5
  1181.393252  8.5
  3208.895137  8.5
  6256.655830  8.5
  10320.966790  8.5
  15401.561455  8.5
  21498.361481  8.5
  28611.337436  8.5
  225.720810  7
  1169.437105  7
  3201.059806  7
  6248.974428  7
  10313.351169  7
  15393.978787  7
  21490.797663  7
  64.928568  7.5
  1172.219226  7.5
  3201.053336  7.5
  6248.974433  7.5
  10313.351169  7.5
  15393.978787  7.5
  21490.797663  7.5
  209.080064  6
  1162.610248  6
  3194.262259  6
  6242.318977  6
  10306.752045  6
  15387.407872  6
  71.897830  6.5
  1164.352567  6.5
  3194.259382  6.5
  6242.318979  6.5
  10306.752045  6.5
  15387.407872  6.5
  193.317998  5
  1156.770385  5
  3188.513483  5
  6236.688714  5
  10301.168956  5
  79.452783  5.5
  1157.767689  5.5
  3188.512403  5.5
  6236.688714  5.5
  10301.168956  5.5
  178.416931  4
  1151.939418  4
  3183.811903  4
  6232.083002  4
  87.622702  4.5
  1152.438762  4.5
  3183.811595  4.5
  6232.083002  4.5
  164.357697  3
  1148.139898  3
  3180.156293  3
  96.436400  3.5
  1148.339851  3.5
  3180.156242  3.5
  151.119703  2
  1145.395006  2
  105.922080  2.5
  1145.445033  2.5
  138.680990  1
  116.107192  1.5
