  1739.250942  10
  12070.730041  10
  33429.104566  10
  65469.979320  10
  108192.122341  10
  161595.114956  10
  225678.837637  10
  300443.245547  10
  385888.318756  10
  482014.047298  10
  1005.837434  10.5
  12073.267150  10.5
  33429.103377  10.5
  65469.979321  10.5
  108192.122341  10.5
  161595.114956  10.5
  225678.837637  10.5
  300443.245547  10.5
  385888.318756  10.5
  482014.047298  10.5
  1695.250128  9
  12060.380409  9
  33419.203485  9
  65460.277790  9
  108182.500596  9
  161585.533117  9
  225669.278605  9
  300433.700772  9
  385878.783485  9
  1035.615309  9.5
  12062.226093  9.5
  33419.202792  9.5
  65460.277791  9.5
  108182.500596  9.5
  161585.533117  9.5
  225669.278605  9.5
  300433.700772  9.5
  385878.783485  9.5
  1652.064155  8
  12051.088568  8
  33410.345207  8
  65451.597754  8
  108173.891839  8
  161576.960009  8
  225660.725871  8
  300425.160772  8
  1066.070163  8.5
  12052.380868  8.5
  33410.344828  8.5
  65451.597754  8.5
  108173.891839  8.5
  161576.960009  8.5
  225660.725871  8.5
  300425.160772  8.5
  1609.686317  7
  12042.861810  7
  33402.529530  7
  65443.939117  7
  108166.296012  7
  161569.395593  7
  225653.179407  7
  1097.210472  7.5
  12043.723533  7.5
  33402.529341  7.5
  65443.939117  7.5
  108166.296012  7.5
  161569.395593  7.5
  225653.179407  7.5
  1568.109783  6
  12035.707483  6
  33395.756281  6
  65437.301798  6
  108159.713064  6
  161562.839836  6
  1129.044635  6.5
  12036.246162  6.5
  33395.756197  6.5
  65437.301798  6.5
  108159.713064  6.5
  161562.839836  6.5
  1527.327595  5
  12029.632985  5
  33390.025313  5
  65431.685725  5
  108154.142952  5
  1161.580967  5.5
  12029.940851  5.5
  33390.025281  5.5
  65431.685725  5.5
  108154.142952  5.5
  1487.332678  4
  12024.645769  4
  33385.336502  4
  65427.090839  4
  1194.827699  4.5
  12024.799723  4.5
  33385.336493  4.5
  65427.090839  4.5
  1448.117834  3
  12020.753335  3
  33381.689748  3
  1228.792972  3.5
  12020.814923  3.5
  33381.689747  3.5
  1409.675751  2
  12017.963230  2
  1263.484836  2.5
  12017.978628  2.5
  1371.999002  1
  1298.911243  1.5
