  52.738604  10
  53.211943  10
  119.217641  10
  143.236079  10
  194.970451  10
  258.191735  10
  335.210910  10
  425.465811  10
  528.838156  10
  645.264886  10
  0.000001  10.5
  92.947153  10.5
  99.063599  10.5
  148.099094  10.5
  194.529245  10.5
  258.210960  10.5
  335.210446  10.5
  425.465818  10.5
  528.838156  10.5
  645.264886  10.5
  46.743807  9
  47.609205  9
  102.862613  9
  130.959354  9
  182.239462  9
  246.050341  9
  323.303987  9
  413.708175  9
  517.179602  9
  0.000006  9.5
  80.125364  9.5
  88.927388  9.5
  133.435300  9.5
  182.076080  9.5
  246.055558  9.5
  323.303899  9.5
  413.708176  9.5
  517.179602  9.5
  40.609953  8
  42.129160  8
  88.279300  8
  119.929508  8
  171.133764  8
  235.318588  8
  312.745820  8
  403.259221  8
  0.000029  8.5
  67.567895  8.5
  79.421771  8.5
  121.035214  8.5
  171.082167  8.5
  235.319720  8.5
  312.745808  8.5
  403.259221  8.5
  34.315258  7
  36.842414  7
  75.735142  7
  110.221265  7
  161.528250  7
  225.952999  7
  303.504027  7
  0.000142  7.5
  55.686033  7.5
  70.696344  7.5
  110.642723  7.5
  161.515111  7.5
  225.953174  7.5
  303.504026  7.5
  27.916502  6
  31.841196  6
  65.366374  6
  101.871625  6
  153.335291  6
  217.914526  6
  0.000675  6.5
  44.872125  6.5
  62.893111  6.5
  102.002076  6.5
  153.332871  6.5
  217.914540  6.5
  21.609016  5
  27.235637  5
  57.130322  5
  94.883772  5
  146.491884  5
  0.003098  5.5
  35.447219  5.5
  56.136887  5.5
  94.913358  5.5
  146.491640  5.5
  15.714707  4
  23.146580  4
  50.824037  4
  89.236223  4
  0.013561  4.5
  27.653611  4.5
  50.527663  4.5
  89.239969  4.5
  10.580453  3
  19.698657  3
  46.185991  3
  0.055184  3.5
  21.659541  3.5
  46.135320  3.5
  6.468527  2
  17.019609  2
  0.200905  2.5
  17.543858  2.5
  3.497488  1
  0.625802  1.5
