  40.373547  10
  40.373758  10
  106.650939  10
  106.887102  10
  146.677329  10
  156.994279  10
  182.802567  10
  211.843262  10
  246.384865  10
  285.786771  10
  0.000000  10.5
  76.046638  10.5
  76.057268  10.5
  130.698042  10.5
  133.154157  10.5
  161.155508  10.5
  182.279204  10.5
  211.873416  10.5
  246.384009  10.5
  285.786781  10.5
  36.101138  9
  36.102063  9
  93.430781  9
  94.133026  9
  124.700668  9
  139.239347  9
  164.695723  9
  194.680739  9
  229.652683  9
  0.000000  9.5
  67.460712  9.5
  67.500323  9.5
  111.939071  9.5
  116.984509  9.5
  140.725645  9.5
  164.583245  9.5
  194.684573  9.5
  229.652633  9.5
  31.826123  8
  31.830050  8
  79.815981  8
  81.635963  8
  105.346056  8
  123.412066  8
  149.137461  8
  179.660787  8
  0.000000  8.5
  58.823602  8.5
  58.962018  8.5
  93.375894  8.5
  101.853598  8.5
  123.795796  8.5
  149.121022  8.5
  179.661040  8.5
  27.544167  7
  27.560147  7
  65.809087  7
  69.686419  7
  89.343866  7
  109.695726  7
  135.812572  7
  0.000000  7.5
  50.056225  7.5
  50.497392  7.5
  76.187296  7.5
  88.200168  7.5
  109.762001  7.5
  135.811323  7.5
  23.241169  6
  23.302497  6
  52.050743  6
  58.680147  6
  76.613162  6
  98.103536  6
  0.000000  6.5
  41.020005  6.5
  42.240349  6.5
  61.449066  6.5
  76.368725  6.5
  98.109472  6.5
  18.875504  5
  19.091118  5
  39.614968  5
  49.033809  5
  66.559509  5
  0.000000  5.5
  31.714717  5.5
  34.441955  5.5
  49.815805  5.5
  66.532733  5.5
  14.361326  4
  15.017877  4
  29.437851  4
  41.078491  4
  0.000011  4.5
  22.711784  4.5
  27.458114  4.5
  41.189878  4.5
  9.699210  3
  11.272633  3
  22.073928  3
  0.000253  3.5
  14.971557  3.5
  21.672141  3.5
  5.376539  2
  8.141647  2
  0.004970  2.5
  9.245336  2.5
  2.205394  1
  0.071455  1.5
