  166.946504  10
  517.325844  10
  1349.007192  10
  2592.262986  10
  4251.112992  10
  6325.022621  10
  8813.860502  10
  11717.576938  10
  15036.149764  10
  18769.567872  10
  10.061063  10.5
  529.825531  10.5
  1348.850934  10.5
  2592.263659  10.5
  4251.112991  10.5
  6325.022621  10.5
  8813.860502  10.5
  11717.576938  10.5
  15036.149764  10.5
  18769.567872  10.5
  151.268679  9
  508.146297  9
  1338.947925  9
  2582.471549  9
  4241.416717  9
  6315.374326  9
  8804.239720  9
  11707.973387  9
  15026.557715  9
  12.116281  9.5
  517.302441  9.5
  1338.856661  9.5
  2582.471860  9.5
  4241.416717  9.5
  6315.374326  9.5
  8804.239720  9.5
  11707.973387  9.5
  15026.557715  9.5
  136.557546  8
  499.803433  8
  1329.969815  8
  2573.718024  8
  4232.745589  8
  6306.744669  8
  8795.633829  8
  11699.382376  8
  14.523479  8.5
  506.254132  8.5
  1329.919980  8.5
  2573.718154  8.5
  4232.745589  8.5
  6306.744669  8.5
  8795.633829  8.5
  11699.382376  8.5
  122.804918  7
  492.323717  7
  1322.064631  7
  2566.000009  7
  4225.098111  7
  6299.132639  7
  8788.042104  7
  17.325864  7.5
  496.648725  7.5
  1322.039690  7.5
  2566.000056  7.5
  4225.098111  7.5
  6299.132639  7.5
  8788.042104  7.5
  109.998595  6
  485.735082  6
  1315.225510  6
  2559.315377  6
  4218.472963  6
  6292.537347  6
  20.568365  6.5
  488.451587  6.5
  1315.214417  6.5
  2559.315391  6.5
  4218.472963  6.5
  6292.537347  6.5
  98.122376  5
  480.067021  5
  1309.446852  5
  2553.662281  5
  4212.869001  5
  24.297080  5.5
  481.625806  5.5
  1309.442689  5.5
  2553.662284  5.5
  4212.869001  5.5
  87.156094  4
  475.350654  4
  1304.724209  4
  2549.039157  4
  28.558688  4.5
  476.132713  4.5
  1304.723019  4.5
  2549.039157  4.5
  77.075690  3
  471.618764  3
  1301.054183  3
  33.399831  3.5
  471.932419  3.5
  1301.053984  3.5
  67.853329  2
  468.905787  2
  38.866498  2.5
  468.984349  2.5
  59.457565  1
  45.003431  1.5
