  56.118393  10
  57.198661  10
  123.949153  10
  158.207254  10
  220.589707  10
  298.177664  10
  392.103674  10
  502.011812  10
  627.802946  10
  769.426202  10
  0.000008  10.5
  96.335870  10.5
  107.141294  10.5
  161.220245  10.5
  220.384213  10.5
  298.184702  10.5
  392.103539  10.5
  502.011814  10.5
  627.802946  10.5
  769.426202  10.5
  49.499053  9
  51.285564  9
  108.115690  9
  146.264828  9
  208.542657  9
  286.543765  9
  380.658838  9
  490.686060  9
  616.556497  9
  0.000034  9.5
  82.746849  9.5
  96.869306  9.5
  147.745027  9.5
  208.467530  9.5
  286.545664  9.5
  380.658812  9.5
  490.686060  9.5
  616.556497  9.5
  42.721530  8
  45.554146  8
  94.246334  8
  135.597230  8
  197.959961  8
  276.237693  8
  370.492761  8
  480.607823  8
  0.000138  8.5
  69.779302  8.5
  87.341358  8.5
  136.241844  8.5
  197.936444  8.5
  276.238103  8.5
  370.492757  8.5
  480.607823  8.5
  35.821995  7
  40.082165  7
  82.478730  7
  126.240993  7
  188.761229  7
  267.224919  7
  361.580458  7
  0.000557  7.5
  57.782174  7.5
  78.682098  7.5
  126.482699  7.5
  188.755276  7.5
  267.224983  7.5
  361.580458  7.5
  28.940024  6
  34.962074  6
  72.813973  6
  118.205413  6
  180.887040  6
  259.474897  6
  0.002195  6.5
  47.052092  6.5
  71.004041  6.5
  118.279462  6.5
  180.885948  6.5
  259.474902  6.5
  22.327175  5
  30.296395  5
  65.113734  5
  111.478211  5
  174.292199  5
  0.008363  5.5
  37.823148  5.5
  64.401896  5.5
  111.494901  5.5
  174.292090  5.5
  16.291054  4
  26.192376  4
  59.157923  4
  106.033457  4
  0.030393  4.5
  30.270732  4.5
  58.948268  4.5
  106.035562  4.5
  11.110437  3
  22.758987  3
  54.726722  3
  0.103024  3.5
  24.509608  3.5
  54.691124  3.5
  6.973194  2
  20.109970  2
  0.315960  2.5
  20.572276  2.5
  3.947302  1
  0.849838  1.5
