  90.525939  10
  145.361748  10
  331.039676  10
  593.236312  10
  945.451505  10
  1386.186656  10
  1915.275531  10
  2532.648279  10
  3238.273658  10
  4032.135947  10
  0.174141  10.5
  169.734978  10.5
  329.424854  10.5
  593.270303  10.5
  945.451170  10.5
  1386.186658  10.5
  1915.275531  10.5
  2532.648279  10.5
  3238.273658  10.5
  4032.135947  10.5
  78.417735  9
  137.369133  9
  320.158104  9
  583.094360  9
  935.460389  9
  1376.276489  9
  1905.411901  9
  2522.813880  9
  3228.458812  9
  0.285692  9.5
  155.632062  9.5
  319.207847  9.5
  583.110091  9.5
  935.460269  9.5
  1376.276489  9.5
  1905.411901  9.5
  2522.813880  9.5
  3228.458812  9.5
  67.140323  8
  130.003802  8
  310.579261  8
  574.052892  8
  926.543061  8
  1367.424296  8
  1896.597175  8
  2514.022680  8
  0.462761  8.5
  143.149076  8.5
  310.057230  8.5
  574.059461  8.5
  926.543024  8.5
  1367.424296  8.5
  1896.597175  8.5
  2514.022680  8.5
  56.760036  7
  123.306607  7
  302.243691  7
  566.101592  7
  918.692094  7
  1359.625133  7
  1888.827806  7
  0.738587  7.5
  132.296386  7.5
  301.981164  7.5
  566.103986  7.5
  918.692085  7.5
  1359.625133  7.5
  1888.827806  7.5
  47.326208  6
  117.320266  6
  295.101854  6
  559.230914  6
  911.900980  6
  1352.874644  6
  1.159074  6.5
  123.068065  6.5
  294.984633  6.5
  559.231633  6.5
  911.900979  6.5
  1352.874644  6.5
  38.870200  5
  112.090362  5
  289.113911  5
  553.432289  5
  906.164103  5
  1.784720  5.5
  115.439935  5.5
  289.069791  5.5
  553.432449  5.5
  906.164103  5.5
  31.404692  4
  107.666553  4
  284.249065  4
  548.698292  4
  2.691170  4.5
  109.368804  4.5
  284.236424  4.5
  548.698312  4.5
  24.923178  3
  104.103916  3
  280.484639  3
  3.967749  3.5
  104.793537  3.5
  280.482527  3.5
  19.399663  2
  101.464246  2
  5.713735  2.5
  101.638227  2.5
  14.788780  1
  8.032807  1.5
