  354.124119  10
  1667.502932  10
  4536.919055  10
  8841.125621  10
  14581.083680  10
  21756.353746  10
  30366.813185  10
  40412.415908  10
  51893.141406  10
  64808.979418  10
  79.128347  10.5
  1674.371639  10.5
  4536.894869  10.5
  8841.125651  10.5
  14581.083680  10.5
  21756.353746  10.5
  30366.813185  10.5
  40412.415908  10.5
  51893.141406  10.5
  64808.979418  10.5
  332.762969  9
  1657.691629  9
  4526.980809  9
  8831.400771  9
  14571.442610  9
  21746.754667  9
  30357.238129  9
  40402.855876  9
  51883.591395  9
  86.435158  9.5
  1662.697439  9.5
  4526.966696  9.5
  8831.400785  9.5
  14571.442610  9.5
  21746.754667  9.5
  30357.238129  9.5
  40402.855876  9.5
  51883.591395  9.5
  312.304632  8
  1648.833633  8
  4518.093900  8
  8822.701674  8
  14562.817676  8
  21738.166885  8
  30348.671598  8
  40394.302635  8
  94.280765  8.5
  1652.344217  8.5
  4518.086200  8.5
  8822.701679  8.5
  14562.817676  8.5
  21738.166885  8.5
  30348.671598  8.5
  40394.302635  8.5
  292.736374  7
  1640.946423  7
  4510.256471  7
  8815.027635  7
  14555.208448  7
  21730.590112  7
  30341.113385  7
  102.690140  7.5
  1643.290651  7.5
  4510.252620  7.5
  8815.027637  7.5
  14555.208448  7.5
  21730.590112  7.5
  30341.113385  7.5
  274.044365  6
  1634.047954  6
  4503.466944  6
  8808.378041  6
  14548.614549  6
  21724.024092  6
  111.688118  6.5
  1635.515179  6.5
  4503.465232  6.5
  8808.378042  6.5
  14548.614549  6.5
  21724.024092  6.5
  256.213697  5
  1628.156656  5
  4497.724005  5
  8802.752362  5
  14543.035651  5
  121.299306  5.5
  1628.996078  5.5
  4497.723363  5.5
  8802.752362  5.5
  14543.035651  5.5
  239.228415  4
  1623.291421  4
  4493.026586  4
  8798.150146  4
  131.547987  4.5
  1623.711545  4.5
  4493.026402  4.5
  8798.150146  4.5
  223.071544  3
  1619.471592  3
  4489.373848  3
  142.458031  3.5
  1619.639770  3.5
  4489.373818  3.5
  207.725125  2
  1616.716941  2
  154.052813  2.5
  1616.759008  2.5
  193.170255  1
  166.355133  1.5
