  39.399547  10
  39.399567  10
  104.838805  10
  104.880885  10
  148.409480  10
  152.982172  10
  175.907901  10
  197.980624  10
  225.763240  10
  257.709606  10
  0.000000  10.5
  74.398629  10.5
  74.400008  10.5
  130.138402  10.5
  130.791693  10.5
  160.912116  10.5
  174.256107  10.5
  198.119198  10.5
  225.757921  10.5
  257.709685  10.5
  35.239578  9
  35.239695  9
  92.209319  9
  92.375436  9
  125.787932  9
  134.061139  9
  155.120981  9
  178.925718  9
  207.262939  9
  0.000000  9.5
  66.061596  9.5
  66.068291  9.5
  112.540646  9.5
  114.420763  9.5
  137.491637  9.5
  154.723610  9.5
  178.944316  9.5
  207.262618  9.5
  31.078604  8
  31.079245  8
  79.380345  8
  79.962899  8
  104.661821  8
  116.830808  8
  137.649589  8
  162.316201  8
  0.000000  8.5
  57.706994  8.5
  57.737557  8.5
  94.424090  8.5
  98.696065  8.5
  117.859327  8.5
  137.587554  8.5
  162.317473  8.5
  26.915231  7
  26.918618  7
  66.143605  7
  67.842364  7
  86.424143  7
  101.720571  7
  122.874747  7
  0.000000  7.5
  49.300272  7.5
  49.428413  7.5
  76.639636  7.5
  84.135027  7.5
  101.914443  7.5
  122.869841  7.5
  22.744150  6
  22.761046  6
  52.591760  6
  56.386315  6
  71.814961  6
  88.920931  6
  0.000000  6.5
  40.742096  6.5
  41.214443  6.5
  60.585572  6.5
  71.265067  6.5
  88.939146  6.5
  18.544787  5
  18.622265  5
  39.669481  5
  46.095862  5
  60.523896  5
  0.000000  5.5
  31.878752  5.5
  33.288081  5.5
  47.435610  5.5
  60.459816  5.5
  14.251280  4
  14.560931  4
  28.638573  4
  37.457005  4
  0.000001  4.5
  22.920869  4.5
  26.007491  4.5
  37.664202  4.5
  9.773756  3
  10.739263  3
  20.417764  3
  0.000052  3.5
  14.855127  3.5
  19.839184  3.5
  5.417231  2
  7.465168  2
  0.001731  2.5
  8.723055  2.5
  2.119763  1
  0.040956  1.5
