  61.298485  10
  64.234801  10
  134.733978  10
  187.347818  10
  270.163456  10
  373.980806  10
  499.120055  10
  645.366889  10
  812.644805  10
  1000.915195  10
  0.000088  10.5
  101.660007  10.5
  122.402077  10.5
  188.795067  10.5
  270.095078  10.5
  373.982489  10.5
  499.120031  10.5
  645.366889  10.5
  812.644805  10.5
  1000.915195  10.5
  53.606902  9
  57.888906  9
  119.929111  9
  175.870100  9
  258.811734  9
  362.901409  9
  488.181105  9
  634.516049  9
  801.852797  9
  0.000293  9.5
  87.389932  9.5
  112.026502  9.5
  176.560480  9.5
  258.786993  9.5
  362.901861  9.5
  488.181101  9.5
  634.516049  9.5
  801.852797  9.5
  45.821979  8
  51.817860  8
  107.172395  8
  165.660871  8
  248.778328  8
  353.061245  8
  478.445780  8
  624.846497  8
  0.000955  8.5
  74.144396  8.5
  102.520166  8.5
  165.955529  8.5
  248.770640  8.5
  353.061343  8.5
  478.445780  8.5
  624.846497  8.5
  38.080551  7
  46.100047  7
  96.438436  7
  156.723737  7
  240.016687  7
  344.435787  7
  469.896564  7
  0.003061  7.5
  62.158586  7.5
  93.973093  7.5
  156.832759  7.5
  240.014751  7.5
  344.435802  7.5
  469.896564  7.5
  30.597485  6
  40.820396  6
  87.604618  6
  149.047791  6
  232.489902  6
  337.003482  6
  0.009580  6.5
  51.623192  6.5
  86.462231  6.5
  149.080903  6.5
  232.489548  6.5
  337.003483  6.5
  23.627959  5
  36.067169  5
  80.489722  5
  142.612459  5
  226.168238  5
  0.029016  5.5
  42.687242  5.5
  80.048924  5.5
  142.619882  5.5
  226.168203  5.5
  17.414309  4
  31.929934  4
  74.905624  4
  137.392561  4
  0.083977  4.5
  35.457853  4.5
  74.777280  4.5
  137.393494  4.5
  12.143464  3
  28.500398  3
  70.695454  3
  0.228229  3.5
  29.989917  3.5
  70.673801  3.5
  7.923534  2
  25.877674  2
  0.570784  2.5
  26.265512  2.5
  4.773103  1
  1.290647  1.5
