  41.427051  10
  41.428100  10
  108.380062  10
  109.121471  10
  146.143381  10
  162.491634  10
  192.355447  10
  227.303615  10
  268.138614  10
  314.511449  10
  0.000000  10.5
  77.801394  10.5
  77.844144  10.5
  130.753043  10.5
  136.207862  10.5
  164.629382  10.5
  192.164353  10.5
  227.312162  10.5
  268.138420  10.5
  314.511451  10.5
  37.031469  9
  37.035316  9
  94.413705  9
  96.201035  9
  125.506902  9
  145.800228  9
  175.837192  9
  211.412908  9
  252.589439  9
  0.000000  9.5
  68.923911  9.5
  69.056395  9.5
  111.410807  9.5
  120.407182  9.5
  146.483676  9.5
  175.798078  9.5
  211.413968  9.5
  252.589428  9.5
  32.630061  8
  32.643713  8
  80.013480  8
  83.725720  8
  107.961648  8
  131.068156  8
  161.487977  8
  197.459301  8
  0.000000  8.5
  59.939511  8.5
  60.322852  8.5
  93.097412  8.5
  105.904781  8.5
  131.232806  8.5
  161.482434  8.5
  197.459370  8.5
  28.213308  7
  28.259701  7
  65.567352  7
  72.015582  7
  93.638776  7
  118.343897  7
  149.121733  7
  0.000000  7.5
  50.733822  7.5
  51.737394  7.5
  76.813478  7.5
  93.026084  7.5
  118.371224  7.5
  149.121320  7.5
  23.755039  6
  23.903425  6
  51.947674  6
  61.431086  6
  82.100316  6
  107.575483  6
  0.000000  6.5
  41.216404  6.5
  43.478517  6.5
  63.300452  6.5
  81.976608  6.5
  107.577874  6.5
  19.195080  5
  19.628272  5
  40.067576  5
  52.298349  5
  72.832746  5
  0.000003  5.5
  31.628321  5.5
  35.816820  5.5
  52.787981  5.5
  72.819592  5.5
  14.458807  4
  15.550253  4
  30.612443  4
  44.839789  4
  0.000048  4.5
  22.701299  4.5
  29.077852  4.5
  44.906649  4.5
  9.665671  3
  11.867459  3
  23.871649  3
  0.000752  3.5
  15.246627  3.5
  23.575816  3.5
  5.386929  2
  8.839500  2
  0.010352  2.5
  9.828354  2.5
  2.300187  1
  0.106326  1.5
