  55.175027  10
  56.047921  10
  122.471471  10
  153.750420  10
  212.967247  10
  286.374088  10
  375.356478  10
  479.514898  10
  598.745197  10
  732.993551  10
  0.000005  10.5
  95.404410  10.5
  104.762554  10.5
  157.194194  10.5
  212.714170  10.5
  286.383332  10.5
  375.356289  10.5
  479.514900  10.5
  598.745197  10.5
  732.993551  10.5
  48.737117  9
  50.219044  9
  106.475470  9
  141.716674  9
  200.754051  9
  274.613338  9
  363.796114  9
  468.080994  9
  587.395446  9
  0.000021  9.5
  81.999511  9.5
  94.521711  9.5
  143.422463  9.5
  200.661262  9.5
  274.615835  9.5
  363.796078  9.5
  468.080994  9.5
  587.395446  9.5
  42.142298  8
  44.555045  8
  92.402536  8
  130.953484  8
  190.042732  8
  264.200828  8
  353.531884  8
  457.909839  8
  0.000092  8.5
  69.122938  8.5
  84.996177  8.5
  131.700567  8.5
  190.013628  8.5
  264.201369  8.5
  353.531879  8.5
  457.909839  8.5
  35.408467  7
  39.132323  7
  80.425097  7
  121.506407  7
  180.743057  7
  255.099752  7
  344.537008  7
  0.000391  7.5
  57.144730  7.5
  76.317505  7.5
  121.787573  7.5
  180.735680  7.5
  255.099836  7.5
  344.537008  7.5
  28.653645  6
  34.043839  6
  70.578055  6
  113.390942  6
  172.789323  6
  247.277453  6
  0.001614  6.5
  46.386402  6.5
  68.605912  6.5
  113.477282  6.5
  172.787968  6.5
  247.277460  6.5
  22.118726  5
  29.394502  5
  62.743216  5
  106.598002  5
  166.132255  5
  0.006456  5.5
  37.103077  5.5
  61.963712  5.5
  106.617490  5.5
  166.132118  5.5
  16.118983  4
  25.295225  4
  56.700554  4
  101.102300  4
  0.024621  4.5
  29.486323  4.5
  56.470279  4.5
  101.104761  4.5
  10.951971  3
  21.858937  3
  52.218048  3
  0.087487  3.5
  23.664275  3.5
  52.178885  3.5
  6.824180  2
  19.202818  2
  0.280388  2.5
  19.681071  2.5
  3.815808  1
  0.783038  1.5
