  47.684052  10
  47.770013  10
  114.456576  10
  125.332981  10
  164.877724  10
  208.639444  10
  263.579407  10
  328.228079  10
  402.445442  10
  486.135071  10
  0.000000  10.5
  87.125746  10.5
  88.821730  10.5
  135.185063  10.5
  163.300648  10.5
  208.747405  10.5
  263.575480  10.5
  328.228158  10.5
  402.445441  10.5
  486.135071  10.5
  42.486459  9
  42.678290  9
  97.884322  9
  112.556544  9
  150.321513  9
  195.319276  9
  250.592745  9
  315.469253  9
  389.835776  9
  0.000000  9.5
  76.009221  9.5
  79.062609  9.5
  118.090555  9.5
  149.709968  9.5
  195.349153  9.5
  250.591993  9.5
  315.469263  9.5
  389.835776  9.5
  37.221324  8
  37.633982  8
  82.455068  8
  100.877065  8
  137.885105  8
  183.596446  8
  239.124081  8
  304.164309  8
  0.000001  8.5
  64.657843  8.5
  69.701253  8.5
  103.553672  8.5
  137.686064  8.5
  183.603021  8.5
  239.123979  8.5
  304.164309  8.5
  31.839539  7
  32.683753  7
  68.686844  7
  90.465605  7
  127.289254  7
  173.411550  7
  229.120975  7
  0.000009  7.5
  53.358211  7.5
  60.915343  7.5
  91.544014  7.5
  127.237564  7.5
  173.412580  7.5
  229.120968  7.5
  26.294567  6
  27.903858  6
  56.982612  6
  81.443528  6
  118.342905  6
  164.706266  6
  0.000062  6.5
  42.596565  6.5
  52.898095  6.5
  81.788968  6.5
  118.333265  6.5
  164.706353  6.5
  20.619773  5
  23.404708  5
  47.575177  5
  73.873598  5
  110.921903  5
  0.000420  5.5
  32.890323  5.5
  45.837954  5.5
  73.953517  5.5
  110.920923  5.5
  15.042695  4
  19.326596  4
  40.437914  4
  67.763716  4
  0.002690  4.5
  24.661064  4.5
  39.899598  4.5
  67.773950  4.5
  9.980288  3
  15.826813  3
  35.303053  3
  0.015988  3.5
  18.209817  3.5
  35.209135  3.5
  5.854616  2
  13.067374  2
  0.083668  2.5
  13.721513  2.5
  2.915561  1
  0.357156  1.5
