  79.378287  10
  105.701199  10
  228.102364  10
  387.763313  10
  604.891617  10
  876.837112  10
  1203.430520  10
  1584.583934  10
  2020.258420  10
  2510.434379  10
  0.025114  10.5
  134.601338  10.5
  224.777882  10.5
  387.881163  10.5
  604.889699  10.5
  876.837129  10.5
  1203.430520  10.5
  1584.583934  10.5
  2020.258420  10.5
  2510.434379  10.5
  68.359824  9
  98.176392  9
  216.438548  9
  377.346290  9
  594.659357  9
  866.714257  9
  1193.370220  9
  1574.562933  9
  2010.263718  9
  0.048998  9.5
  120.113887  9.5
  214.462450  9.5
  377.400990  9.5
  594.658671  9.5
  866.714262  9.5
  1193.370220  9.5
  1574.562933  9.5
  2010.263718  9.5
  57.950759  8
  91.188612  8
  206.288653  8
  368.075583  8
  585.541447  8
  857.681679  8
  1184.386620  8
  1565.610106  8
  0.094251  8.5
  107.187080  8.5
  205.194754  8.5
  368.098477  8.5
  585.541235  8.5
  857.681680  8.5
  1184.386620  8.5
  1565.610106  8.5
  48.280480  7
  84.788601  7
  197.549503  7
  359.936903  7
  577.525225  7
  849.731106  7
  1176.473801  7
  0.178187  7.5
  95.872749  7.5
  196.996248  7.5
  359.945258  7.5
  577.525172  7.5
  849.731106  7.5
  1176.473801  7.5
  39.457210  6
  79.027980  6
  190.130498  6
  352.916102  6
  570.599691  6
  842.855262  6
  0.329841  6.5
  86.203975  6.5
  189.882428  6.5
  352.918616  6.5
  570.599681  6.5
  842.855262  6.5
  31.563221  5
  73.960282  5
  183.956756  5
  346.999882  5
  564.755410  5
  0.595269  5.5
  78.190544  5.5
  183.863103  5.5
  347.000441  5.5
  564.755409  5.5
  24.651928  4
  69.642644  4
  178.969837  4
  342.176349  4
  1.042690  4.5
  71.814077  4.5
  178.942944  4.5
  342.176419  4.5
  18.746094  3
  66.138152  3
  175.126841  3
  1.765296  3.5
  67.024978  3.5
  175.122343  3.5
  13.836620  2
  63.518637  2
  2.879260  2.5
  63.743684  2.5
  9.881989  1
  4.515832  1.5
