  63.185823  10
  67.186469  10
  140.014578  10
  200.331021  10
  292.107676  10
  407.241056  10
  545.899626  10
  707.897752  10
  893.165371  10
  1101.667191  10
  0.000189  10.5
  103.835302  10.5
  129.109881  10.5
  201.438400  10.5
  292.061392  10.5
  407.242071  10.5
  545.899614  10.5
  707.897752  10.5
  893.165371  10.5
  1101.667191  10.5
  55.085270  9
  60.694030  9
  125.612565  9
  189.005744  9
  280.946096  9
  396.319359  9
  535.104936  9
  697.182727  9
  882.503572  9
  0.000582  9.5
  89.423514  9.5
  118.717871  9.5
  189.530622  9.5
  280.929389  9.5
  396.319632  9.5
  535.104934  9.5
  697.182727  9.5
  882.503572  9.5
  46.945787  8
  54.509683  8
  113.239854  8
  178.938904  8
  271.065808  8
  386.611957  8
  525.492724  8
  687.630250  8
  0.001766  8.5
  76.142582  8.5
  109.229551  8.5
  179.161934  8.5
  271.060626  8.5
  386.612016  8.5
  525.492724  8.5
  687.630250  8.5
  38.931250  7
  48.709955  7
  102.828679  7
  170.127285  7
  262.427564  7
  378.097123  7
  517.047492  7
  0.005265  7.5
  64.194044  7.5
  100.724018  7.5
  170.209556  7.5
  262.426260  7.5
  378.097132  7.5
  517.047492  7.5
  31.264137  6
  43.375918  6
  94.236198  6
  162.556565  6
  254.999631  6
  370.755779  6
  0.015328  6.5
  53.740844  6.5
  93.267742  6.5
  162.581503  6.5
  254.999393  6.5
  370.755779  6.5
  24.185346  5
  38.590727  5
  87.284701  5
  156.205537  5
  248.756082  5
  0.043194  5.5
  44.909599  5.5
  86.912722  5.5
  156.211119  5.5
  248.756058  5.5
  17.910357  4
  34.438581  4
  81.803444  4
  151.050247  4
  0.116433  4.5
  37.788049  4.5
  81.695439  4.5
  151.050948  4.5
  12.598226  3
  31.006373  3
  77.655124  3
  0.295577  3.5
  32.413394  3.5
  77.636932  3.5
  8.335320  2
  28.389138  2
  0.694595  2.5
  28.753983  2.5
  5.127622  1
  1.489682  1.5
