  48.944705  10
  49.086665  10
  115.461051  10
  129.353548  10
  171.453899  10
  219.985263  10
  280.171097  10
  350.896850  10
  432.023777  10
  523.466688  10
  0.000000  10.5
  88.709252  10.5
  91.215930  10.5
  137.636931  10.5
  170.327594  10.5
  220.053012  10.5
  280.168897  10.5
  350.896890  10.5
  432.023777  10.5
  523.466688  10.5
  43.563190  9
  43.862197  9
  98.838831  9
  116.695069  9
  157.498204  9
  207.028056  9
  267.518985  9
  338.446930  9
  419.706939  9
  0.000000  9.5
  77.116208  9.5
  81.336859  9.5
  121.207277  9.5
  157.068830  9.5
  207.046675  9.5
  267.518566  9.5
  338.446934  9.5
  419.706939  9.5
  38.095170  8
  38.701638  8
  83.572773  8
  105.189318  8
  145.492543  8
  195.611293  8
  256.331505  8
  327.405585  8
  0.000003  8.5
  65.382560  8.5
  71.921271  8.5
  107.313614  8.5
  145.354315  8.5
  195.615371  8.5
  256.331449  8.5
  327.405585  8.5
  32.490839  7
  33.659121  7
  70.106345  7
  94.978003  7
  135.210544  7
  185.679304  7
  246.562926  7
  0.000020  7.5
  53.868163  7.5
  63.142722  7.5
  95.817218  7.5
  135.174896  7.5
  185.679942  7.5
  246.562922  7.5
  26.721458  6
  28.817231  6
  58.767472  6
  86.154634  6
  126.499189  6
  177.179463  6
  0.000125  6.5
  43.058704  6.5
  55.181611  6.5
  86.420175  6.5
  126.492570  6.5
  177.179517  6.5
  20.864982  5
  24.288469  5
  49.705405  5
  78.760642  5
  119.256688  5
  0.000751  5.5
  33.417436  5.5
  48.208049  5.5
  78.821647  5.5
  119.256017  5.5
  15.190533  4
  20.208994  4
  42.824931  4
  72.792115  4
  0.004306  4.5
  25.307690  4.5
  42.366851  4.5
  72.799897  4.5
  10.107528  3
  16.726798  3
  37.845550  3
  0.022894  3.5
  18.987431  3.5
  37.766180  3.5
  5.992205  2
  13.993164  2
  0.107570  2.5
  14.608884  2.5
  3.052320  1
  0.417863  1.5
