  135.692267  10
  352.308448  10
  894.018392  10
  1700.013016  10
  2776.002216  10
  4121.354459  10
  5735.931956  10
  7619.682212  10
  9772.581780  10
  12194.618900  10
  4.075675  10.5
  367.573099  10.5
  893.718514  10.5
  1700.015015  10.5
  2776.002209  10.5
  4121.354459  10.5
  5735.931956  10.5
  7619.682212  10.5
  9772.581780  10.5
  12194.618900  10.5
  121.235227  9
  343.416308  9
  883.856518  9
  1690.170616  9
  2766.263601  9
  4111.668455  9
  5726.276157  9
  7610.045344  9
  9762.957556  9
  5.200865  9.5
  354.640191  9.5
  883.681234  9.5
  1690.171540  9.5
  2766.263598  9.5
  4111.668455  9.5
  5726.276157  9.5
  7610.045344  9.5
  9762.957556  9.5
  107.751677  8
  335.309931  8
  874.802247  8
  1681.375406  8
  2757.557063  8
  4103.006723  8
  5717.640132  8
  7601.425425  8
  6.592499  8.5
  343.244643  8.5
  874.706469  8.5
  1681.375791  8.5
  2757.557062  8.5
  4103.006723  8.5
  5717.640132  8.5
  7601.425425  8.5
  95.241661  7
  328.018992  7
  866.841390  7
  1673.623702  7
  2749.880279  7
  4095.367698  7
  5710.022757  7
  8.298249  7.5
  333.355348  7.5
  866.793429  7.5
  1673.623842  7.5
  2749.880279  7.5
  4095.367698  7.5
  5710.022757  7.5
  83.699063  6
  321.575087  6
  859.962195  6
  1666.912229  6
  2743.231199  6
  4088.749999  6
  10.369746  6.5
  324.935810  6.5
  859.940852  6.5
  1666.912271  6.5
  2743.231199  6.5
  4088.749999  6.5
  73.111561  5
  316.011962  5
  854.155142  5
  1661.238138  5
  2737.608052  5
  12.861803  5.5
  317.944811  5.5
  854.147130  5.5
  1661.238147  5.5
  2737.608052  5.5
  63.460625  4
  311.365719  4
  849.412744  4
  1656.599008  4
  15.831442  4.5
  312.337262  4.5
  849.410453  4.5
  1656.599009  4.5
  54.721564  3
  307.674958  3
  845.729339  3
  19.336783  3.5
  308.065174  3.5
  845.728957  3.5
  46.863669  2
  304.980852  2
  23.435864  2.5
  305.078693  2.5
  39.850445  1
  28.185463  1.5
