  86.121997  10
  128.747528  10
  287.325982  10
  506.457631  10
  801.720351  10
  1171.289390  10
  1614.994617  10
  2132.760828  10
  2724.554446  10
  3390.358571  10
  0.090494  10.5
  154.752925  10.5
  285.221757  10.5
  506.511041  10.5
  801.719720  10.5
  1171.289394  10.5
  1614.994617  10.5
  2132.760828  10.5
  2724.554446  10.5
  3390.358571  10.5
  74.381874  9
  120.918835  9
  276.210385  9
  496.229957  9
  791.655271  9
  1161.313824  9
  1605.070460  9
  2122.868967  9
  2714.684193  9
  0.157283  9.5
  140.490711  9.5
  274.968794  9.5
  496.254695  9.5
  791.655046  9.5
  1161.313825  9.5
  1605.070460  9.5
  2122.868967  9.5
  2714.684193  9.5
  63.408019  8
  113.686849  8
  266.461630  8
  487.117439  8
  782.676335  8
  1152.406132  8
  1596.203738  8
  2114.027979  8
  0.269721  8.5
  127.836331  8.5
  265.778141  8.5
  487.127776  8.5
  782.676266  8.5
  1152.406132  8.5
  1596.203738  8.5
  2114.027979  8.5
  53.287134  7
  107.095458  7
  258.006011  7
  479.108266  7
  774.774557  7
  1144.560358  7
  1588.390182  7
  0.455259  7.5
  116.813563  7.5
  257.661749  7.5
  479.112034  7.5
  774.774540  7.5
  1144.560358  7.5
  1588.390182  7.5
  44.086718  6
  101.190093  6
  250.781413  6
  472.191310  6
  767.942076  6
  1137.771259  6
  0.754305  6.5
  107.428746  6.5
  250.627515  6.5
  472.192442  6.5
  767.942073  6.5
  1137.771259  6.5
  35.853383  5
  96.018809  5
  244.737615  5
  466.356460  5
  762.172122  5
  1.223389  5.5
  99.667752  5.5
  244.679641  5.5
  466.356712  5.5
  762.172122  5.5
  28.611726  4
  91.633717  4
  239.835769  4
  461.594882  4
  1.937092  4.5
  93.493922  4.5
  239.819147  4.5
  461.594913  4.5
  22.363532  3
  88.092675  3
  236.047335  3
  2.987548  3.5
  88.848172  3.5
  236.044558  3.5
  17.087248  2
  85.461052  2
  4.480794  2.5
  85.651997  2.5
  12.737932  1
  6.530177  1.5
