  104.539065  10
  203.805821  10
  487.913628  10
  902.629881  10
  1457.430914  10
  2151.346160  10
  2984.222472  10
  3955.999648  10
  5066.650741  10
  6316.162214  10
  0.751680  10.5
  224.169099  10.5
  487.099383  10.5
  902.640562  10.5
  1457.430848  10.5
  2151.346160  10.5
  2984.222472  10.5
  3955.999648  10.5
  5066.650741  10.5
  6316.162214  10.5
  91.536060  9
  195.419837  9
  477.444656  9
  892.650655  9
  1447.577906  9
  2141.558440  9
  2974.472298  9
  3946.273038  9
  5056.939886  9
  1.089746  9.5
  210.533450  9.5
  476.967478  9.5
  892.655592  9.5
  1447.577882  9.5
  2141.558440  9.5
  2974.472298  9.5
  3946.273038  9.5
  5056.939886  9.5
  79.464664  8
  187.731380  8
  468.165397  8
  883.743282  8
  1438.775787  8
  2132.810241  8
  2965.755094  8
  3937.575280  8
  1.563455  8.5
  198.509639  8.5
  467.904104  8.5
  883.745342  8.5
  1438.775780  8.5
  2132.810241  8.5
  2965.755094  8.5
  3937.575280  8.5
  68.353220  7
  180.775653  7
  460.042574  7
  875.900824  7
  1431.019961  7
  2125.098481  7
  2958.068648  7
  2.217428  7.5
  188.082352  7.5
  459.911503  7.5
  875.901573  7.5
  1431.019959  7.5
  2125.098481  7.5
  2958.068648  7.5
  58.218537  6
  174.590124  6
  453.048740  6
  869.117019  6
  1424.306385  6
  2118.420442  6
  3.105815  6.5
  179.224388  6.5
  452.990330  6.5
  869.117244  6.5
  1424.306385  6.5
  2118.420442  6.5
  49.065591  5
  169.215171  5
  447.161863  5
  863.386355  5
  1418.631564  5
  4.292068  5.5
  171.896727  5.5
  447.139912  5.5
  863.386405  5.5
  1418.631564  5.5
  40.887305  4
  164.694762  4
  442.364838  4
  858.704117  4
  5.847824  4.5
  166.049424  4.5
  442.358555  4.5
  858.704123  4.5
  33.664408  3
  161.077092  3
  438.644942  3
  7.850905  3.5
  161.623322  3.5
  438.643894  3.5
  27.365465  2
  158.415103  2
  10.382576  2.5
  158.552445  2.5
  21.947166  1
  13.524393  1.5
