  59.005090  10
  60.950312  10
  129.350659  10
  173.383166  10
  246.466711  10
  337.900633  10
  448.273285  10
  577.322574  10
  724.962954  10
  891.151067  10
  0.000033  10.5
  99.222939  10.5
  115.136634  10.5
  175.385535  10.5
  246.356187  10.5
  337.903769  10.5
  448.273234  10.5
  577.322574  10.5
  724.962954  10.5
  891.151067  10.5
  51.801272  9
  54.790178  9
  114.069381  9
  161.707833  9
  234.844362  9
  326.601073  9
  437.133255  9
  566.282710  9
  713.989910  9
  0.000119  9.5
  85.193725  9.5
  104.794758  9.5
  162.672994  9.5
  234.804224  9.5
  326.601916  9.5
  437.133245  9.5
  566.282710  9.5
  713.989910  9.5
  44.459707  8
  48.863744  8
  100.826162  8
  151.308688  8
  224.595108  8
  316.575771  8
  427.226531  8
  556.450364  8
  0.000427  8.5
  72.032588  8.5
  95.272824  8.5
  151.723567  8.5
  224.582603  8.5
  316.575953  8.5
  427.226530  8.5
  556.450364  8.5
  37.075226  7
  43.250345  7
  89.660641  7
  142.200925  7
  215.660610  7
  307.796242  7
  418.532702  7
  0.001506  7.5
  60.022141  7.5
  86.675390  7.5
  142.355160  7.5
  215.657455  7.5
  307.796270  7.5
  418.532702  7.5
  29.839314  6
  38.038998  6
  80.491932  6
  134.380202  6
  207.995895  6
  300.237415  6
  0.005183  6.5
  49.393898  6.5
  79.093831  6.5
  134.427194  6.5
  207.995318  6.5
  300.237417  6.5
  23.015245  5
  33.324351  5
  73.145980  5
  127.828119  5
  201.565512  5
  0.017265  5.5
  40.329349  5.5
  72.602704  5.5
  127.838674  5.5
  201.565454  5.5
  16.877174  4
  29.203267  4
  67.416025  4
  122.518514  4
  0.054902  4.5
  32.962455  4.5
  67.257170  4.5
  122.519843  4.5
  11.649999  3
  25.774270  3
  63.118741  3
  0.163409  3.5
  27.372268  3.5
  63.091876  3.5
  7.473025  2
  23.142208  2
  0.444263  2.5
  23.560665  2.5
  4.383584  1
  1.078432  1.5
