  50.228809  10
  50.451753  10
  116.586050  10
  133.741440  10
  178.806344  10
  232.211855  10
  297.896231  10
  374.995974  10
  463.378010  10
  562.966152  10
  0.000000  10.5
  90.223073  10.5
  93.753774  10.5
  140.667596  10.5
  177.995804  10.5
  232.255176  10.5
  297.894966  10.5
  374.995995  10.5
  463.378010  10.5
  562.966152  10.5
  44.650080  9
  45.095638  9
  99.998265  9
  121.210071  9
  165.344463  9
  219.570202  9
  285.533118  9
  362.813881  9
  451.315511  9
  0.000001  9.5
  78.173666  9.5
  83.772008  9.5
  124.883025  9.5
  165.039346  9.5
  219.582045  9.5
  285.532877  9.5
  362.813884  9.5
  451.315511  9.5
  38.965422  8
  39.822012  8
  84.939080  8
  109.873724  8
  153.697091  8
  208.418712  8
  274.589232  8
  352.001448  8
  0.000007  8.5
  66.108664  8.5
  74.315452  8.5
  111.565324  8.5
  153.599671  8.5
  208.421296  8.5
  274.589200  8.5
  352.001448  8.5
  33.129316  7
  34.691635  7
  71.786052  7
  99.848034  7
  143.680875  7
  198.705942  7
  265.024256  7
  0.000042  7.5
  54.430102  7.5
  65.550835  7.5
  100.506196  7.5
  143.655885  7.5
  198.706344  7.5
  265.024253  7.5
  27.137897  6
  29.791791  6
  60.797583  6
  91.203379  6
  135.171313  6
  190.384441  6
  0.000234  6.5
  43.600882  6.5
  57.645195  6.5
  91.409686  6.5
  135.166689  6.5
  190.384475  6.5
  21.113520  5
  25.235351  5
  52.047755  5
  83.964657  5
  128.083341  5
  0.001273  5.5
  34.030929  5.5
  50.751715  5.5
  84.011797  5.5
  128.082873  5.5
  15.354318  4
  21.153542  4
  45.390262  4
  78.119656  4
  0.006598  4.5
  26.034848  4.5
  44.997853  4.5
  78.125651  4.5
  10.252987  3
  17.685680  3
  40.544211  3
  0.031730  3.5
  19.834935  3.5
  40.476593  3.5
  6.143117  2
  14.973823  2
  0.135409  2.5
  15.555118  2.5
  3.196977  1
  0.483770  1.5
