  126.733744  10
  307.632739  10
  771.304096  10
  1459.250444  10
  2377.925410  10
  3526.643848  10
  4905.264950  10
  6513.734842  10
  8352.029447  10
  10420.136684  10
  2.829149  10.5
  324.020907  10.5
  770.923552  10.5
  1459.253423  10.5
  2377.925399  10.5
  3526.643848  10.5
  4905.264950  10.5
  6513.734842  10.5
  8352.029447  10.5
  10420.136684  10.5
  112.659123  9
  298.854199  9
  761.089558  9
  1449.383153  9
  2368.166072  9
  3516.939399  9
  4895.592029  9
  6504.081687  9
  8342.389497  9
  3.704052  9.5
  310.925825  9.5
  760.867030  9.5
  1449.384530  9.5
  2368.166068  9.5
  3516.939399  9.5
  4895.592029  9.5
  6504.081687  9.5
  8342.389497  9.5
  99.555358  8
  290.841553  8
  751.996450  8
  1440.567569  8
  2359.442210  8
  3508.261983  8
  4886.941273  8
  6495.447639  8
  4.813122  8.5
  299.389650  8.5
  751.874814  8.5
  1440.568143  8.5
  2359.442209  8.5
  3508.261983  8.5
  4886.941273  8.5
  6495.447639  8.5
  87.427146  7
  283.625677  7
  744.007411  7
  1432.799392  7
  2351.751092  7
  3500.609760  7
  4879.311360  7
  6.204655  7.5
  289.383085  7.5
  743.946484  7.5
  1432.799601  7.5
  2351.751092  7.5
  3500.609760  7.5
  4879.311360  7.5
  76.272005  6
  277.239509  6
  737.108088  6
  1426.074795  6
  2345.090311  6
  3493.981109  6
  7.932043  6.5
  280.870128  6.5
  737.080968  6.5
  1426.074858  6.5
  2345.090311  6.5
  3493.981109  6.5
  66.080195  5
  271.718358  5
  731.286887  5
  1420.390439  5
  2339.457785  5
  10.052968  5.5
  273.808753  5.5
  731.276704  5.5
  1420.390453  5.5
  2339.457785  5.5
  56.834678  4
  267.100185  4
  726.534719  4
  1415.743485  4
  12.628295  4.5
  268.151877  4.5
  726.531806  4.5
  1415.743486  4.5
  48.511154  3
  263.425820  3
  722.844737  3
  15.720731  3.5
  263.848528  3.5
  722.844251  3.5
  41.078192  2
  260.739097  2
  19.393351  2.5
  260.845138  2.5
  34.497489  1
  23.708089  1.5
