  69.796582  10
  79.809591  10
  166.004155  10
  259.042955  10
  390.640018  10
  555.700820  10
  754.133449  10
  985.812183  10
  1250.683996  10
  1548.722202  10
  0.001933  10.5
  113.381117  10.5
  159.189227  10.5
  259.475349  10.5
  390.627993  10.5
  555.700998  10.5
  754.133447  10.5
  985.812183  10.5
  1250.683996  10.5
  1548.722202  10.5
  60.312344  9
  72.845613  9
  152.952526  9
  248.175962  9
  379.980887  9
  545.206098  9
  743.730473  9
  975.466799  9
  1240.377135  9
  0.004782  9.5
  98.755606  9.5
  148.796390  9.5
  248.378183  9.5
  379.976568  9.5
  545.206145  9.5
  743.730473  9.5
  975.466799  9.5
  1240.377135  9.5
  51.061969  8
  66.297641  8
  141.739550  8
  238.520143  8
  370.510294  8
  535.858872  8
  734.453166  8
  966.233408  8
  0.011658  8.5
  85.516365  8.5
  139.393340  8.5
  238.605260  8.5
  370.508960  8.5
  535.858882  8.5
  734.453166  8.5
  966.233408  8.5
  42.236808  7
  60.231655  7
  132.231895  7
  230.061172  7
  362.204940  7
  527.644785  7
  726.291281  7
  0.027908  7.5
  73.781124  7.5
  131.028215  7.5
  230.092363  7.5
  362.204605  7.5
  527.644787  7.5
  726.291281  7.5
  34.028796  6
  54.714597  6
  124.284350  6
  222.781205  6
  355.045108  6
  520.551225  6
  0.065250  6.5
  63.643423  6.5
  123.739217  6.5
  222.790616  6.5
  355.045047  6.5
  520.551225  6.5
  26.607434  5
  49.814144  5
  117.761402  5
  216.661077  5
  349.014181  5
  0.147965  5.5
  55.169978  5.5
  117.554191  5.5
  216.663178  5.5
  349.014175  5.5
  20.103828  4
  45.599823  4
  112.550536  4
  211.682191  4
  0.322612  4.5
  48.393546  4.5
  112.490763  4.5
  211.682454  4.5
  14.601595  3
  42.145867  3
  108.567195  3
  0.669776  3.5
  43.302463  3.5
  108.557167  3.5
  10.132053  2
  39.535992  2
  1.312050  2.5
  39.832494  2.5
  6.671505  1
  2.409754  1.5
