  125.398557  10
  301.094178  10
  753.371333  10
  1424.058846  10
  2319.737217  10
  3439.711482  10
  4783.840312  10
  6352.069588  10
  8144.375123  10
  10160.744781  10
  2.662922  10.5
  317.668174  10.5
  752.975964  10.5
  1424.062023  10.5
  2319.737205  10.5
  3439.711482  10.5
  4783.840312  10.5
  6352.069588  10.5
  8144.375123  10.5
  10160.744781  10.5
  111.382706  9
  292.334281  9
  743.147382  9
  1414.187182  9
  2309.974234  9
  3430.003790  9
  4774.164380  9
  6342.413570  9
  8134.732409  9
  3.501690  9.5
  304.546590  9.5
  742.916166  9.5
  1414.188649  9.5
  2309.974230  9.5
  3430.003790  9.5
  4774.164380  9.5
  6342.413570  9.5
  8134.732409  9.5
  98.336947  8
  284.337027  8
  734.047345  8
  1405.368016  8
  2301.247326  8
  3421.323616  8
  4765.511034  8
  6333.777038  8
  4.569453  8.5
  292.987227  8.5
  733.920953  8.5
  1405.368628  8.5
  2301.247324  8.5
  3421.323616  8.5
  4765.511034  8.5
  6333.777038  8.5
  86.266828  7
  277.133487  7
  726.053291  7
  1397.596943  7
  2293.553687  7
  3413.669072  7
  4757.878917  7
  5.914539  7.5
  282.961176  7.5
  725.989978  7.5
  1397.597166  7.5
  2293.553687  7.5
  3413.669072  7.5
  4757.878917  7.5
  75.170538  6
  270.756818  6
  719.150396  6
  1390.870039  6
  2286.890849  6
  3407.038496  6
  7.590572  6.5
  274.432594  6.5
  719.122213  6.5
  1390.870106  6.5
  2286.890849  6.5
  3407.038496  6.5
  65.038824  5
  265.242578  5
  713.326690  5
  1385.183877  5
  2281.256674  5
  9.655661  5.5
  267.359386  5.5
  713.316108  5.5
  1385.183892  5.5
  2281.256674  5.5
  55.854945  4
  260.629026  4
  708.572797  4
  1380.535548  4
  12.171281  4.5
  261.694178  4.5
  708.569770  4.5
  1380.535549  4.5
  47.594708  3
  256.957357  3
  704.881657  3
  15.200888  3.5
  257.385528  3.5
  704.881152  3.5
  40.226587  2
  254.271839  2
  18.808397  2.5
  254.379260  2.5
  33.711996  1
  23.056612  1.5
