  38.087372  10
  38.087372  10
  102.182178  10
  102.182181  10
  150.069262  10
  150.077936  10
  180.236030  10
  182.108997  10
  195.713361  10
  207.812836  10
  -0.000000  10.5
  72.150604  10.5
  72.150604  10.5
  128.167278  10.5
  128.167492  10.5
  167.716987  10.5
  167.907411  10.5
  187.834377  10.5
  194.537511  10.5
  207.876202  10.5
  34.077428  9
  34.077428  9
  90.147887  9
  90.147935  9
  129.921622  9
  130.001341  9
  150.813053  9
  155.766322  9
  167.828816  9
  -0.000000  9.5
  64.129920  9.5
  64.129921  9.5
  112.109024  9.5
  112.111737  9.5
  143.000885  9.5
  144.067007  9.5
  157.473369  9.5
  167.715815  9.5
  30.067440  8
  30.067440  8
  78.110822  8
  78.111525  8
  109.514491  8
  110.058019  8
  123.525920  8
  131.904147  8
  -0.000000  8.5
  56.108807  8.5
  56.108815  8.5
  96.026185  8.5
  96.055340  8.5
  117.739066  8.5
  121.181732  8.5
  132.100609  8.5
  26.057380  7
  26.057381  7
  66.064945  7
  66.073861  7
  88.545638  7
  90.754113  7
  100.698824  7
  0.000000  7.5
  48.086885  7.5
  48.087024  7.5
  79.818180  7.5
  80.060634  7.5
  93.796516  7.5
  100.368561  7.5
  22.047189  6
  22.047207  6
  53.969248  6
  54.060319  6
  68.199441  6
  73.096154  6
  0.000000  6.5
  40.062540  6.5
  40.064641  6.5
  63.182496  6.5
  64.453549  6.5
  73.626896  6.5
  18.036609  5
  18.036924  5
  41.623185  5
  42.251594  5
  50.874438  5
  0.000000  5.5
  32.023034  5.5
  32.049761  5.5
  46.655124  5.5
  50.070301  5.5
  14.023160  4
  14.028255  4
  29.099633  4
  31.271374  4
  0.000000  4.5
  23.875009  4.5
  24.122706  4.5
  32.405083  4.5
  9.979881  3
  10.045228  3
  18.154171  3
  0.000000  3.5
  15.486249  3.5
  16.678313  3.5
  5.783583  2
  6.270443  2
  0.000007  2.5
  8.044207  2.5
  2.007365  1
  0.002459  1.5
