  42.464964  10
  42.468257  10
  109.815611  10
  111.429532  10
  146.969972  10
  168.758191  10
  202.763132  10
  242.924033  10
  289.504947  10
  342.269613  10
  0.000000  10.5
  79.492681  10.5
  79.606740  10.5
  130.728498  10.5
  139.700203  10.5
  169.926020  10.5
  202.680304  10.5
  242.927108  10.5
  289.504889  10.5
  342.269614  10.5
  37.945836  9
  37.956460  9
  95.109797  9
  98.429104  9
  127.737752  9
  152.918638  9
  187.267623  9
  227.906666  9
  274.770610  9
  0.000000  9.5
  70.299979  9.5
  70.609110  9.5
  111.345640  9.5
  124.308925  9.5
  153.271121  9.5
  187.251086  9.5
  227.907042  9.5
  274.770607  9.5
  33.415782  8
  33.448937  8
  80.141648  8
  86.040611  8
  111.644051  8
  138.993708  8
  173.730323  8
  214.687643  8
  0.000000  8.5
  60.934985  8.5
  61.713507  8.5
  93.573654  8.5
  110.363382  8.5
  139.075732  8.5
  173.728018  8.5
  214.687667  8.5
  28.858530  7
  28.957523  7
  65.557154  7
  74.576248  7
  98.455821  7
  126.968437  7
  162.021187  7
  0.000000  7.5
  51.284172  7.5
  53.046042  7.5
  78.195531  7.5
  98.093831  7.5
  126.981768  7.5
  162.021017  7.5
  24.235648  6
  24.513304  6
  52.210519  6
  64.347617  6
  87.686991  6
  116.771006  6
  0.000001  6.5
  41.376018  6.5
  44.809776  6.5
  65.671771  6.5
  87.616043  6.5
  116.772157  6.5
  19.477735  5
  20.186244  5
  40.843157  5
  55.608035  5
  78.944085  5
  0.000010  5.5
  31.643880  5.5
  37.272854  5.5
  55.939752  5.5
  78.936662  5.5
  14.546841  4
  16.107068  4
  31.961126  4
  48.508383  4
  0.000134  4.5
  22.831112  4.5
  30.726650  4.5
  48.552642  4.5
  9.667010  3
  12.472252  3
  25.664309  3
  0.001645  3.5
  15.608309  3.5
  25.433957  3.5
  5.427785  2
  9.517932  2
  0.017571  2.5
  10.421707  2.5
  2.395860  1
  0.142640  1.5
