  63.896646  10
  68.364291  10
  142.224248  10
  205.609336  10
  301.008492  10
  420.702037  10
  564.813252  10
  733.165504  10
  925.690953  10
  1142.355435  10
  0.000248  10.5
  104.705664  10.5
  131.827935  10.5
  206.610356  10.5
  300.968504  10.5
  420.702877  10.5
  564.813242  10.5
  733.165504  10.5
  925.690953  10.5
  1142.355435  10.5
  55.641796  9
  61.818064  9
  127.974328  9
  194.339040  9
  289.912187  9
  409.835010  9
  554.068621  9
  722.497649  9
  915.074401  9
  0.000745  9.5
  90.251636  9.5
  121.431977  9.5
  194.812544  9.5
  289.897763  9.5
  409.835235  9.5
  554.068619  9.5
  722.497649  9.5
  915.074401  9.5
  47.372198  8
  55.592235  8
  115.741199  8
  184.322779  8
  280.084726  8
  400.173664  8
  544.499159  8
  712.985852  8
  0.002205  8.5
  76.963950  8.5
  111.951407  8.5
  184.523695  8.5
  280.080254  8.5
  400.173712  8.5
  544.499158  8.5
  712.985852  8.5
  39.259717  7
  49.762441  7
  105.443985  7
  175.555293  7
  271.489192  7
  391.697235  7
  536.090056  7
  0.006404  7.5
  65.032732  7.5
  103.461450  7.5
  175.629335  7.5
  271.488068  7.5
  391.697242  7.5
  536.090056  7.5
  31.527281  6
  44.408235  6
  96.935104  6
  168.021337  6
  264.095544  6
  384.387491  6
  0.018164  6.5
  54.611617  6.5
  96.024931  6.5
  168.043765  6.5
  264.095339  6.5
  384.387492  6.5
  24.409193  5
  39.610911  5
  90.039718  5
  161.699661  5
  257.879126  5
  0.049879  5.5
  45.819561  5.5
  89.690648  5.5
  161.704680  5.5
  257.879105  5.5
  18.110954  4
  35.452789  4
  84.593765  4
  156.566837  4
  0.131075  4.5
  38.737508  4.5
  84.492504  4.5
  156.567468  4.5
  12.781891  3
  32.019109  3
  80.466775  3
  0.324752  3.5
  33.396453  3.5
  80.449728  3.5
  8.500984  2
  29.403493  2
  0.746456  2.5
  29.760127  2.5
  5.270027  1
  1.571079  1.5
