  1009032.923882  10
  8991059.578608  10
  24975061.458358  10
  48951069.416685  10
  80919081.000015  10
  120879095.791679  10
  168831113.672628  10
  224775134.598221  10
  288711158.548615  10
  360639185.513890  10
  989042.826021  10.5
  8991059.671467  10.5
  24975061.458358  10.5
  48951069.416685  10.5
  80919081.000015  10.5
  120879095.791679  10.5
  168831113.672628  10.5
  224775134.598221  10.5
  288711158.548615  10.5
  360639185.513890  10.5
  1008026.285988  9
  8991048.903760  9
  24975051.562518  9
  48951059.718764  9
  80919071.381261  9
  120879086.212508  9
  168831104.116078  9
  224775125.055807  9
  288711149.015626  9
  990035.213952  9.5
  8991048.971294  9.5
  24975051.562518  9.5
  48951059.718764  9.5
  80919071.381261  9.5
  120879086.212508  9.5
  168831104.116078  9.5
  224775125.055807  9.5
  288711149.015626  9.5
  1007020.400620  8
  8991039.351382  8
  24975042.708346  8
  48951051.041676  8
  80919062.775008  8
  120879077.641672  8
  168831095.565479  8
  224775116.517858  8
  991028.349345  8.5
  8991039.398656  8.5
  24975042.708346  8.5
  48951051.041676  8.5
  80919062.775008  8.5
  120879077.641672  8.5
  168831095.565479  8.5
  224775116.517858  8.5
  1006015.267500  7
  8991030.921755  7
  24975034.895842  7
  48951043.385423  7
  80919055.181255  7
  120879070.079170  7
  168831088.020834  7
  992022.232482  7.5
  8991030.953271  7.5
  24975034.895842  7.5
  48951043.385423  7.5
  80919055.181255  7.5
  120879070.079170  7.5
  168831088.020834  7.5
  1005010.886346  6
  8991023.615160  6
  24975028.125006  6
  48951036.750004  6
  80919048.600002  6
  120879063.525001  6
  993016.863647  6.5
  8991023.634857  6.5
  24975028.125006  6.5
  48951036.750004  6.5
  80919048.600002  6.5
  120879063.525001  6.5
  1004007.256877  5
  8991017.431877  5
  24975022.395837  5
  48951031.135419  5
  80919043.031251  5
  994012.243120  5.5
  8991017.443133  5.5
  24975022.395837  5.5
  48951031.135419  5.5
  80919043.031251  5.5
  1003004.378815  4
  8991012.372189  4
  24975017.708335  4
  48951026.541667  4
  995008.371186  4.5
  8991012.377817  4.5
  24975017.708335  4.5
  48951026.541667  4.5
  1002002.251876  3
  8991008.436376  3
  24975014.062500  3
  996005.248124  3.5
  8991008.438627  3.5
  24975014.062500  3.5
  1001000.875782  2
  8991005.624719  2
  997002.874219  2.5
  8991005.625282  2.5
  1000000.250250  1
  998001.249750  1.5
