  83.908956  10
  120.828031  10
  266.741330  10
  465.402017  10
  733.678868  10
  1069.529491  10
  1472.782582  10
  1943.359504  10
  2481.225205  10
  3086.362040  10
  0.061925  10.5
  147.731422  10.5
  264.312877  10.5
  465.470339  10.5
  733.677976  10.5
  1069.529497  10.5
  1472.782582  10.5
  1943.359504  10.5
  2481.225205  10.5
  3086.362040  10.5
  72.380708  9
  113.091435  9
  255.475755  9
  455.121182  9
  723.567418  9
  1059.512995  9
  1462.820568  9
  1933.431719  9
  2471.320322  9
  0.111340  9.5
  133.390845  9.5
  254.040178  9.5
  455.152844  9.5
  723.567099  9.5
  1059.512997  9.5
  1462.820568  9.5
  1933.431719  9.5
  2471.320322  9.5
  61.576225  8
  105.933898  8
  245.617814  8
  445.964437  8
  714.549895  8
  1050.570583  8
  1453.921336  8
  1924.559611  8
  0.197461  8.5
  120.647196  8.5
  244.826416  8.5
  445.977673  8.5
  714.549797  8.5
  1050.570584  8.5
  1453.921336  8.5
  1924.559611  8.5
  51.594646  7
  99.401221  7
  237.085106  7
  437.919152  7
  706.616316  7
  1042.695662  7
  1446.080160  7
  0.344507  7.5
  109.532336  7.5
  236.686068  7.5
  437.923978  7.5
  706.616291  7.5
  1042.695662  7.5
  1446.080160  7.5
  42.514898  6
  93.540541  6
  229.807542  6
  430.973282  6
  699.757961  6
  1035.882428  6
  0.589505  6.5
  100.060218  6.5
  229.629018  6.5
  430.974733  6.5
  699.757956  6.5
  1035.882428  6.5
  34.393376  5
  88.401435  5
  223.728189  5
  425.115790  5
  693.967329  5
  0.986167  5.5
  92.223284  5.5
  223.660898  5.5
  425.116113  5.5
  693.967328  5.5
  27.262454  4
  84.037457  4
  218.802935  4
  420.336972  4
  1.607724  4.5
  85.989584  4.5
  218.783634  4.5
  420.337012  4.5
  21.129468  3
  80.508028  3
  214.999405  3
  2.547232  3.5
  81.302093  3.5
  214.996179  3.5
  15.976027  2
  77.880496  2
  3.914177  2.5
  78.081415  2.5
  11.757839  1
  5.827373  1.5
