  60.426295  10
  62.949591  10
  132.561136  10
  181.817289  10
  260.791194  10
  359.735346  10
  479.059197  10
  618.532255  10
  778.074745  10
  957.646357  10
  0.000061  10.5
  100.710930  10.5
  119.532344  10.5
  183.454815  10.5
  260.709193  10.5
  359.737476  10.5
  479.059165  10.5
  618.532255  10.5
  778.074745  10.5
  957.646357  10.5
  52.921941  9
  56.673313  9
  117.572555  9
  170.265997  9
  249.342239  9
  348.576247  9
  468.047412  9
  607.612908  9
  767.217101  9
  0.000210  9.5
  86.522707  9.5
  109.167641  9.5
  171.049933  9.5
  249.312532  9.5
  348.576819  9.5
  468.047406  9.5
  607.612908  9.5
  767.217101  9.5
  45.304422  8
  50.656305  8
  104.632888  8
  159.986813  8
  239.230992  8
  338.669033  8
  458.249976  8
  597.884336  8
  0.000709  8.5
  73.303309  8.5
  99.654455  8.5
  160.322222  8.5
  239.221752  8.5
  338.669156  8.5
  458.249975  8.5
  597.884336  8.5
  37.695564  7
  44.977504  7
  93.739851  7
  150.987279  7
  230.406860  7
  329.987750  7
  449.648334  7
  0.002354  7.5
  61.305152  7.5
  91.088176  7.5
  151.111583  7.5
  230.404532  7.5
  329.987769  7.5
  449.648334  7.5
  30.303247  6
  39.723494  6
  84.784347  6
  143.258629  6
  222.830136  6
  322.509580  6
  0.007630  6.5
  50.733438  6.5
  83.551011  6.5
  143.296424  6.5
  222.829710  6.5
  322.509582  6.5
  23.387157  5
  34.984952  5
  77.586134  5
  136.780902  5
  216.469070  5
  0.023937  5.5
  41.748769  5.5
  77.109071  5.5
  136.789380  5.5
  216.469027  5.5
  17.201970  4
  30.854120  4
  71.949526  4
  131.528463  4
  0.071727  4.5
  34.467982  4.5
  71.810415  4.5
  131.529529  4.5
  11.948521  3
  27.425162  3
  67.707920  3
  0.201567  3.5
  28.954787  3.5
  67.684431  3.5
  7.746116  2
  24.799260  2
  0.519797  2.5
  25.198366  2.5
  4.619980  1
  1.206374  1.5
