  65.658037  10
  71.455346  10
  148.266903  10
  219.689414  10
  324.702331  10
  456.472170  10
  615.032168  10
  800.224747  10
  1011.987125  10
  1250.287706  10
  0.000477  10.5
  107.005390  10.5
  139.060136  10.5
  220.468550  10.5
  324.674460  10.5
  456.472698  10.5
  615.032162  10.5
  800.224747  10.5
  1011.987125  10.5
  1250.287706  10.5
  57.023546  9
  64.779044  9
  134.390390  9
  208.549529  9
  313.754800  9
  445.730691  9
  604.402600  9
  789.665387  9
  1001.474699  9
  0.001345  9.5
  92.469349  9.5
  128.658969  9.5
  208.916497  9.5
  313.744764  9.5
  445.730833  9.5
  604.402599  9.5
  789.665387  9.5
  1001.474699  9.5
  48.441385  8
  58.453012  8
  122.489135  8
  198.651748  8
  304.048209  8
  436.175177  8
  594.931454  8
  780.247205  8
  0.003741  8.5
  79.178193  8.5
  119.199437  8.5
  198.806991  8.5
  304.045101  8.5
  436.175207  8.5
  594.931454  8.5
  780.247205  8.5
  40.097708  7
  52.550331  7
  112.456523  7
  189.986782  7
  295.550648  7
  427.787056  7
  586.605486  7
  0.010217  7.5
  67.296541  7.5
  110.747742  7.5
  190.043873  7.5
  295.549867  7.5
  427.787060  7.5
  586.605486  7.5
  32.211749  6
  47.146727  6
  104.138932  6
  182.537787  6
  288.235778  6
  420.550020  6
  0.027242  6.5
  56.957202  6.5
  103.358339  6.5
  182.555056  6.5
  288.235635  6.5
  420.550020  6.5
  24.999624  5
  42.319062  5
  97.371169  5
  176.283761  5
  282.081764  5
  0.070352  5.5
  48.261640  5.5
  97.072769  5.5
  176.287621  5.5
  282.081750  5.5
  18.642815  4
  38.145328  4
  92.005567  4
  171.202665  4
  0.174076  4.5
  41.274972  4.5
  91.919179  4.5
  171.203149  4.5
  13.268308  3
  34.707009  3
  87.927339  3
  0.407273  3.5
  36.013821  3.5
  87.912813  3.5
  8.938444  2
  32.094458  2
  0.888701  2.5
  32.431701  2.5
  5.645790  1
  1.789540  1.5
