  100.346369  10
  185.589019  10
  438.673196  10
  805.708057  10
  1297.093589  10
  1911.751740  10
  2649.525862  10
  3510.353638  10
  4494.207173  10
  5601.072444  10
  0.523187  10.5
  206.989569  10.5
  437.695348  10.5
  805.722597  10.5
  1297.093488  10.5
  1911.751740  10.5
  2649.525862  10.5
  3510.353638  10.5
  4494.207173  10.5
  5601.072444  10.5
  87.581821  9
  177.304322  9
  428.115656  9
  795.692307  9
  1287.209809  9
  1901.936702  9
  2639.750360  9
  3500.602957  9
  4484.473088  9
  0.781414  9.5
  193.224130  9.5
  427.542131  9.5
  795.699029  9.5
  1287.209773  9.5
  1901.936702  9.5
  2639.750360  9.5
  3500.602957  9.5
  4484.473088  9.5
  75.729601  8
  169.699362  8
  418.771961  8
  786.754914  8
  1278.382002  8
  1893.165292  8
  2631.011380  8
  3491.884328  8
  1.154192  8.5
  181.077400  8.5
  418.457704  8.5
  786.757719  8.5
  1278.381991  8.5
  1893.165292  8.5
  2631.011380  8.5
  3491.884328  8.5
  64.826354  7
  162.810616  7
  410.603186  7
  778.888127  7
  1270.604949  7
  1885.434018  7
  2623.306413  7
  1.683791  7.5
  170.539652  7.5
  410.445465  7.5
  778.889148  7.5
  1270.604947  7.5
  1885.434018  7.5
  2623.306413  7.5
  54.895859  6
  156.676783  6
  403.577193  6
  772.084918  6
  1263.874065  6
  1878.739797  6
  2.423063  6.5
  161.587963  6.5
  403.506877  6.5
  772.085225  6.5
  1263.874064  6.5
  1878.739797  6.5
  45.948631  5
  151.339528  5
  397.668198  5
  766.339078  5
  1258.185385  5
  3.435612  5.5
  154.185892  5.5
  397.641764  5.5
  766.339146  5.5
  1258.185385  5.5
  37.981611  4
  146.844291  4
  392.856220  4
  761.645279  4
  4.794906  4.5
  148.284139  4.5
  392.848653  4.5
  761.645288  4.5
  30.977964  3
  143.241082  3
  389.126441  3
  6.582224  3.5
  143.822272  3.5
  389.125178  3.5
  24.907043  2
  140.585156  2
  8.883592  2.5
  140.731398  2.5
  19.724662  1
  11.786057  1.5
