  47.928785  10
  48.024037  10
  114.646001  10
  126.091903  10
  166.101849  10
  210.791955  10
  266.740169  10
  332.556644  10
  408.101073  10
  493.279446  10
  0.000000  10.5
  87.441136  10.5
  89.279686  10.5
  135.619812  10.5
  164.626178  10.5
  210.890347  10.5
  266.736670  10.5
  332.556713  10.5
  408.101072  10.5
  493.279446  10.5
  42.696206  9
  42.906281  9
  98.056182  9
  113.337594  9
  151.672936  9
  197.547019  9
  253.823086  9
  319.861958  9
  395.552162  9
  0.000000  9.5
  76.230532  9.5
  79.495658  9.5
  118.655901  9.5
  151.102861  9.5
  197.574206  9.5
  253.822417  9.5
  319.861966  9.5
  395.552162  9.5
  37.392467  8
  37.838990  8
  82.654692  8
  101.692347  8
  139.327565  8
  185.887734  8
  242.412828  8
  308.611709  8
  0.000002  8.5
  64.800545  8.5
  70.122530  8.5
  104.249988  8.5
  139.142468  8.5
  185.893711  8.5
  242.412737  8.5
  308.611710  8.5
  31.967976  7
  32.870346  7
  68.944235  7
  91.321229  7
  128.797566  7
  175.755352  7
  232.458392  7
  0.000011  7.5
  53.454503  7.5
  61.337448  7.5
  92.347329  7.5
  128.749570  7.5
  175.756289  7.5
  232.458385  7.5
  26.379066  6
  28.077975  6
  57.312524  6
  82.339747  6
  119.900223  6
  167.092703  6
  0.000072  6.5
  42.680865  6.5
  53.331204  6.5
  82.667553  6.5
  119.891281  6.5
  167.092782  6.5
  20.667660  5
  23.572853  5
  47.975390  5
  74.806062  5
  112.516312  5
  0.000473  5.5
  32.986665  5.5
  46.288549  5.5
  74.881786  5.5
  112.515403  5.5
  15.070414  4
  19.494547  4
  40.891337  4
  68.725428  4
  0.002961  4.5
  24.781268  4.5
  40.370060  4.5
  68.735116  4.5
  10.003724  3
  15.998487  3
  35.788895  3
  0.017202  3.5
  18.356579  3.5
  35.698085  3.5
  5.880479  2
  13.244454  2
  0.088051  2.5
  13.890722  2.5
  2.941725  1
  0.368645  1.5
