  54.340354  10
  55.055806  10
  121.269513  10
  149.992711  10
  206.535301  10
  276.361007  10
  361.122042  10
  460.372605  10
  574.003873  10
  701.959149  10
  0.000003  10.5
  94.574726  10.5
  102.741803  10.5
  153.868817  10.5
  206.230111  10.5
  276.372828  10.5
  361.121787  10.5
  460.372608  10.5
  574.003873  10.5
  701.959149  10.5
  48.058493  9
  49.302973  9
  105.139527  9
  137.876743  9
  194.160684  9
  264.479198  9
  349.451458  9
  448.835625  9
  562.555733  9
  0.000014  9.5
  81.351515  9.5
  92.532592  9.5
  139.812700  9.5
  194.048457  9.5
  264.482396  9.5
  349.451409  9.5
  448.835626  9.5
  562.555733  9.5
  41.623685  8
  43.700327  8
  90.888545  8
  127.025494  8
  183.325378  8
  253.965143  8
  339.093661  8
  438.575965  8
  0.000063  8.5
  68.569485  8.5
  83.011452  8.5
  127.878312  8.5
  183.290106  8.5
  253.965835  8.5
  339.093655  8.5
  438.575965  8.5
  35.038777  7
  38.322674  7
  78.720677  7
  117.493498  7
  173.928947  7
  244.779877  7
  330.020128  7
  0.000281  7.5
  56.615739  7.5
  74.316119  7.5
  117.815674  7.5
  173.919994  7.5
  244.779984  7.5
  330.020127  7.5
  28.401418  6
  33.263087  6
  68.703385  6
  109.302652  6
  165.899233  6
  236.888720  6
  0.001214  6.5
  45.835182  6.5
  66.573967  6.5
  109.401821  6.5
  165.897588  6.5
  236.888729  6.5
  21.939873  5
  28.628448  5
  60.740364  5
  102.447341  5
  159.182849  5
  0.005078  5.5
  36.503499  5.5
  59.894529  5.5
  102.469757  5.5
  159.182683  5.5
  15.974137  4
  24.533009  4
  54.614310  4
  96.903183  4
  0.020257  4.5
  28.828013  4.5
  54.363691  4.5
  96.906016  4.5
  10.818664  3
  21.093452  3
  50.082594  3
  0.075221  3.5
  22.949590  3.5
  50.039902  3.5
  6.697729  2
  18.430283  2
  0.251232  2.5
  18.923449  2.5
  3.703467  1
  0.726802  1.5
