  119.862053  10
  274.342386  10
  680.092568  10
  1280.226248  10
  2081.905981  10
  3084.389273  10
  4287.532390  10
  5691.280069  10
  7295.607601  10
  9100.502585  10
  2.029230  10.5
  291.747125  10.5
  679.625257  10.5
  1280.230452  10.5
  2081.905963  10.5
  3084.389273  10.5
  4287.532390  10.5
  5691.280069  10.5
  7295.607601  10.5
  9100.502585  10.5
  106.095847  9
  265.665390  9
  669.823889  9
  1270.334085  9
  2072.125901  9
  3074.666371  9
  4277.842342  9
  5681.610625  9
  7285.951925  9
  2.722270  9.5
  278.508329  9.5
  669.550501  9.5
  1270.336027  9.5
  2072.125894  9.5
  3074.666371  9.5
  4277.842342  9.5
  5681.610625  9.5
  7285.951925  9.5
  93.295137  8
  257.736601  8
  660.690988  8
  1261.498129  8
  2063.384702  8
  3065.973264  8
  4269.176851  8
  5672.962447  8
  3.621812  8.5
  266.845641  8.5
  660.541498  8.5
  1261.498939  8.5
  2063.384700  8.5
  3065.973264  8.5
  4269.176851  8.5
  5672.962447  8.5
  81.469549  7
  250.587965  7
  652.673189  7
  1253.713477  7
  2055.679244  7
  3058.307840  7
  4261.534400  7
  4.776075  7.5
  256.732201  7.5
  652.598286  7.5
  1253.713772  7.5
  2055.679243  7.5
  3058.307840  7.5
  4261.534400  7.5
  70.620531  6
  244.253593  6
  645.753416  6
  1246.975752  6
  2049.006758  6
  3051.668235  6
  6.239491  6.5
  248.133168  6.5
  645.720067  6.5
  1246.975841  6.5
  2049.006758  6.5
  3051.668235  6.5
  60.741230  5
  238.770143  5
  639.917905  5
  1241.281128  5
  2043.364852  5
  8.071916  5.5
  241.006356  5.5
  639.905381  5.5
  1241.281147  5.5
  2043.364852  5.5
  51.816424  4
  234.177186  4
  635.155897  4
  1236.626349  4
  10.337439  4.5
  235.303268  4.5
  635.152314  4.5
  1236.626351  4.5
  43.822526  3
  230.517512  3
  631.459316  3
  13.102832  3.5
  230.970441  3.5
  631.458718  3.5
  36.727703  2
  227.837325  2
  16.435781  2.5
  227.951005  2.5
  30.492151  1
  20.403030  1.5
