  86.510247  10
  130.168564  10
  291.039323  10
  513.848150  10
  813.965364  10
  1189.600184  10
  1640.582761  10
  2166.838436  10
  2768.333866  10
  3445.052272  10
  0.096363  10.5
  156.021835  10.5
  288.985877  10.5
  513.899371  10.5
  813.964769  10.5
  1189.600188  10.5
  1640.582761  10.5
  2166.838436  10.5
  2768.333866  10.5
  3445.052272  10.5
  74.735021  9
  122.324422  9
  279.947550  9
  503.629038  9
  803.907715  9
  1179.631182  9
  1630.664677  9
  2156.952339  9
  2758.469171  9
  0.166550  9.5
  141.773579  9.5
  278.736268  9.5
  503.652760  9.5
  803.907502  9.5
  1179.631183  9.5
  1630.664677  9.5
  2156.952339  9.5
  2758.469171  9.5
  63.732753  8
  115.079912  8
  270.216113  8
  494.523631  8
  794.934965  8
  1170.729059  8
  1621.803171  8
  2148.116344  8
  0.284037  8.5
  129.134697  8.5
  269.549455  8.5
  494.533543  8.5
  794.934900  8.5
  1170.729060  8.5
  1621.803171  8.5
  2148.116344  8.5
  53.588120  7
  108.478616  7
  261.772723  7
  486.520258  7
  787.038287  7
  1162.887962  7
  1613.994047  7
  0.476823  7.5
  118.127646  7.5
  261.436993  7.5
  486.523870  7.5
  787.038271  7.5
  1162.887962  7.5
  1613.994047  7.5
  44.366789  6
  102.565693  6
  254.556537  6
  479.607942  6
  780.209957  6
  1156.102735  6
  0.785867  6.5
  108.757540  6.5
  254.406472  6.5
  479.609028  6.5
  780.209954  6.5
  1156.102735  6.5
  36.113818  5
  97.388953  5
  248.518400  5
  473.776726  5
  774.443321  5
  1.268134  5.5
  101.009207  5.5
  248.461875  5.5
  473.776968  5.5
  774.443321  5.5
  28.852577  4
  93.000270  4
  243.620290  4
  469.017914  4
  1.998378  4.5
  94.845273  4.5
  243.604085  4.5
  469.017944  4.5
  22.583987  3
  89.457240  3
  239.834273  3
  3.068530  3.5
  90.206376  3.5
  239.831565  3.5
  17.286011  2
  86.824900  2
  4.584022  2.5
  87.014202  2.5
  12.913628  1
  6.657285  1.5
