  82.366020  10
  115.501931  10
  253.019669  10
  437.934065  10
  688.135488  10
  1001.402049  10
  1377.562259  10
  1816.534705  10
  2318.283157  10
  2882.789376  10
  0.046460  10.5
  143.062179  10.5
  250.325183  10.5
  438.015821  10.5
  688.134341  10.5
  1001.402057  10.5
  1377.562259  10.5
  1816.534705  10.5
  2318.283157  10.5
  2882.789376  10.5
  70.998799  9
  107.833815  9
  241.633548  9
  427.611325  9
  677.987188  9
  991.353067  9
  1367.570212  9
  1806.578428  9
  2308.350814  9
  0.085723  9.5
  128.668894  9.5
  240.038186  9.5
  427.649229  9.5
  677.986778  9.5
  991.353070  9.5
  1367.570212  9.5
  1806.578428  9.5
  2308.350814  9.5
  60.320838  8
  100.731395  8
  231.687591  8
  418.419618  8
  668.939022  8
  982.383107  8
  1358.645193  8
  1797.681643  8
  0.155985  8.5
  115.862513  8.5
  230.807055  8.5
  418.435469  8.5
  668.938895  8.5
  982.383108  8.5
  1358.645193  8.5
  1797.681643  8.5
  50.440883  7
  94.241988  7
  223.092720  7
  410.345736  7
  660.980202  7
  974.485066  7
  1350.782116  7
  0.279130  7.5
  104.681143  7.5
  222.648342  7.5
  410.351517  7.5
  660.980170  7.5
  974.485066  7.5
  1350.782116  7.5
  41.446899  6
  88.414096  6
  215.772518  6
  403.376948  6
  654.101319  6
  967.652692  6
  0.489604  6.5
  95.144688  6.5
  215.573580  6.5
  403.378686  6.5
  654.101314  6.5
  967.652692  6.5
  33.403133  5
  83.298501  5
  209.664632  5
  397.501501  5
  648.294288  5
  0.838798  5.5
  87.250879  5.5
  209.589612  5.5
  397.501888  5.5
  648.294287  5.5
  26.348274  4
  78.949868  4
  204.720669  4
  392.709012  4
  1.398602  4.5
  80.971744  4.5
  204.699144  4.5
  392.709061  4.5
  20.294227  3
  75.428790  3
  200.905121  3
  2.262422  3.5
  76.252240  3.5
  200.901522  3.5
  15.225291  2
  72.804073  2
  3.542115  2.5
  73.012613  2.5
  11.097864  1
  5.360546  1.5
