  85.550491  10
  126.672460  10
  281.913735  10
  495.677945  10
  783.858302  10
  1144.577886  10
  1577.666187  10
  2083.047169  10
  2660.686896  10
  3310.568287  10
  0.082338  10.5
  152.904729  10.5
  279.731624  10.5
  495.734790  10.5
  783.857613  10.5
  1144.577891  10.5
  1577.666187  10.5
  2083.047169  10.5
  2660.686896  10.5
  3310.568287  10.5
  73.863110  9
  118.866885  9
  270.761779  9
  485.437269  9
  773.781919  9
  1134.592338  9
  1567.732795  9
  2073.146543  9
  2650.808194  9
  0.144316  9.5
  138.622059  9.5
  269.473662  9.5
  485.463601  9.5
  773.781672  9.5
  1134.592339  9.5
  1567.732795  9.5
  2073.146543  9.5
  2650.808194  9.5
  62.931753  8
  111.653621  8
  260.986581  8
  476.313947  8
  764.793574  8
  1125.676177  8
  1558.858141  8
  2064.297962  8
  0.249555  8.5
  125.944763  8.5
  260.277241  8.5
  476.324951  8.5
  764.793498  8.5
  1125.676177  8.5
  1558.858141  8.5
  2064.297962  8.5
  52.846183  7
  105.077022  7
  252.512293  7
  468.295958  7
  756.884040  7
  1117.823292  7
  1551.037847  7
  0.424689  7.5
  114.898613  7.5
  252.154919  7.5
  468.299969  7.5
  756.884021  7.5
  1117.823292  7.5
  1551.037847  7.5
  43.676686  6
  99.182934  6
  245.274856  6
  461.371946  6
  750.045247  6
  1111.028304  6
  0.709290  6.5
  105.491816  6.5
  245.115067  6.5
  461.373152  6.5
  750.045244  6.5
  1111.028304  6.5
  35.472247  5
  94.019784  5
  239.222428  5
  455.531572  5
  744.270248  5
  1.159218  5.5
  97.711831  5.5
  239.162226  5.5
  455.531841  5.5
  744.270248  5.5
  28.259340  4
  89.640040  4
  234.314890  4
  450.765787  4
  1.848764  4.5
  91.523111  4.5
  234.297628  4.5
  450.765821  4.5
  22.041081  3
  86.101952  3
  230.522780  3
  2.870341  3.5
  86.867026  3.5
  230.519895  3.5
  16.796664  2
  83.471388  2
  4.330878  2.5
  83.664806  2.5
  12.481279  1
  6.345095  1.5
