  143.684380  10
  393.247900  10
  1006.693607  10
  1921.019380  10
  3141.395540  10
  4667.225236  10
  6498.372809  10
  8634.786712  10
  11076.443930  10
  13823.332925  10
  5.373556  10.5
  407.661187  10.5
  1006.445547  10.5
  1921.020836  10.5
  3141.395536  10.5
  4667.225236  10.5
  6498.372809  10.5
  8634.786712  10.5
  11076.443930  10.5
  13823.332925  10.5
  128.900658  9
  384.268551  9
  996.567140  9
  1911.194159  9
  3131.671209  9
  4657.551950  9
  6488.728818  9
  8625.161078  9
  11066.830555  9
  6.730667  9.5
  394.853097  9.5
  996.422183  9.5
  1911.194832  9.5
  3131.671207  9.5
  4657.551950  9.5
  6488.728818  9.5
  8625.161078  9.5
  11066.830555  9.5
  115.090267  8
  376.090302  8
  987.539066  8
  1902.413004  8
  3122.976615  8
  4648.901035  8
  6480.102955  8
  8616.550906  8
  8.379729  8.5
  383.564433  8.5
  987.459878  8.5
  1902.413285  8.5
  3122.976615  8.5
  4648.901035  8.5
  6480.102955  8.5
  8616.550906  8.5
  102.250248  7
  368.741892  7
  979.597293  7
  1894.672660  7
  3115.309715  7
  4641.271113  7
  6472.494228  7
  10.367468  7.5
  373.763315  7.5
  979.557647  7.5
  1894.672762  7.5
  3115.309715  7.5
  4641.271113  7.5
  6472.494228  7.5
  90.372194  6
  362.253849  6
  972.731783  6
  1887.970239  6
  3108.668705  6
  4634.660969  6
  12.743783  6.5
  365.413383  6.5
  972.714143  6.5
  1887.970270  6.5
  3108.668705  6.5
  4634.660969  6.5
  79.442230  5
  356.658678  5
  966.934390  5
  1882.303228  5
  3103.052027  5
  15.561028  5.5
  358.474422  5.5
  966.927769  5.5
  1882.303235  5.5
  3103.052027  5.5
  69.441025  4
  351.991010  4
  962.198689  4
  1877.669495  4
  18.873153  4.5
  352.903117  4.5
  962.196796  4.5
  1877.669496  4.5
  60.343853  3
  348.287708  3
  958.519807  3
  22.734761  3.5
  348.653872  3.5
  958.519492  3.5
  52.120730  2
  345.587898  2
  27.200123  2.5
  345.679676  2.5
  44.736629  1
  32.322214  1.5
