  60.330272  10
  62.810910  10
  132.331617  10
  181.225397  10
  259.787202  10
  358.207586  10
  476.906700  10
  615.652139  10
  774.363753  10
  953.001039  10
  0.000059  10.5
  100.608274  10.5
  119.224677  10.5
  182.885335  10.5
  259.703540  10.5
  358.209771  10.5
  476.906668  10.5
  615.652139  10.5
  774.363753  10.5
  953.001039  10.5
  52.846420  9
  56.542373  9
  117.322970  9
  169.665884  9
  248.327140  9
  347.039423  9
  465.886637  9
  604.725008  9
  763.498653  9
  0.000202  9.5
  86.429759  9.5
  108.861311  9.5
  170.460884  9.5
  248.296826  9.5
  347.040010  9.5
  465.886631  9.5
  604.725008  9.5
  763.498653  9.5
  45.247437  8
  50.531383  8
  104.362986  8
  159.378832  8
  238.207020  8
  337.124586  8
  456.082143  8
  594.989731  8
  0.000686  8.5
  73.213661  8.5
  99.347435  8.5
  159.719072  8.5
  238.197591  8.5
  337.124713  8.5
  456.082142  8.5
  594.989731  8.5
  37.653416  7
  44.856927  7
  93.452055  7
  150.372248  7
  229.375777  7
  328.436959  7
  447.474544  7
  0.002286  7.5
  61.214355  7.5
  90.779045  7.5
  150.498366  7.5
  229.373401  7.5
  328.436979  7.5
  447.474544  7.5
  30.271326  6
  39.605763  6
  84.482739  6
  142.637625  6
  221.793374  6
  320.953579  6
  0.007438  6.5
  50.638714  6.5
  83.238941  6.5
  142.675977  6.5
  221.792939  6.5
  320.953581  6.5
  23.361251  5
  34.868835  5
  77.275027  5
  136.155087  5
  215.427831  5
  0.023427  5.5
  41.648668  5.5
  76.793778  5.5
  136.163690  5.5
  215.427788  5.5
  17.179212  4
  30.738689  4
  71.632425  4
  130.898952  4
  0.070472  4.5
  34.362158  4.5
  71.492070  4.5
  130.900034  4.5
  11.927618  3
  27.309768  3
  67.387238  3
  0.198789  3.5
  28.843891  3.5
  67.363536  3.5
  7.727053  2
  24.683489  2
  0.514407  2.5
  25.083863  2.5
  4.603509  1
  1.197373  1.5
