  38.131948  10
  38.131949  10
  102.274942  10
  102.274955  10
  150.096772  10
  150.120640  10
  179.316450  10
  182.379038  10
  196.530488  10
  210.653023  10
  -0.000000  10.5
  72.227399  10.5
  72.227399  10.5
  128.251802  10.5
  128.252532  10.5
  167.497841  10.5
  167.912593  10.5
  186.997374  10.5
  195.783168  10.5
  210.686001  10.5
  34.116929  9
  34.116929  9
  90.223063  9
  90.223228  9
  129.848404  9
  130.025153  9
  150.016937  9
  156.646690  9
  170.009311  9
  -0.000000  9.5
  64.196153  9.5
  64.196155  9.5
  112.161982  9.5
  112.169496  9.5
  142.417827  9.5
  144.230561  9.5
  157.842632  9.5
  169.945150  9.5
  30.101842  8
  30.101843  8
  78.166588  8
  78.168545  8
  109.203037  8
  110.158141  8
  123.576104  8
  133.601469  8
  -0.000000  8.5
  56.164248  8.5
  56.164276  8.5
  96.026971  8.5
  96.092375  8.5
  117.069774  8.5
  121.777364  8.5
  133.723282  8.5
  26.086647  7
  26.086650  7
  66.094154  7
  66.114307  7
  88.047812  7
  91.137050  7
  101.836972  7
  0.000000  7.5
  48.131038  7.5
  48.131426  7.5
  79.688885  7.5
  80.125307  7.5
  93.661958  7.5
  101.613111  7.5
  22.071243  6
  22.071291  6
  53.938155  6
  54.104628  6
  67.993589  6
  73.966422  6
  0.000000  6.5
  40.093511  6.5
  40.098283  6.5
  62.864370  6.5
  64.684852  6.5
  74.359856  6.5
  18.055149  5
  18.055866  5
  41.459876  5
  42.380158  5
  51.292341  5
  0.000000  5.5
  32.030061  5.5
  32.079351  5.5
  46.454837  5.5
  50.642092  5.5
  14.034070  4
  14.043511  4
  28.945423  4
  31.615383  4
  0.000000  4.5
  23.816402  4.5
  24.185443  4.5
  32.606903  4.5
  9.970007  3
  10.068350  3
  18.232577  3
  0.000000  3.5
  15.390791  3.5
  16.857914  3.5
  5.741159  2
  6.340485  2
  0.000015  2.5
  8.066809  2.5
  2.011128  1
  0.003719  1.5
