  41.328390  10
  41.329314  10
  108.229593  10
  108.908132  10
  146.131823  10
  161.936010  10
  191.408987  10
  225.838705  10
  266.109543  10
  311.856086  10
  0.000000  10.5
  77.638532  10.5
  77.676846  10.5
  130.757741  10.5
  135.900269  10.5
  164.206589  10.5
  191.200620  10.5
  225.848216  10.5
  266.109323  10.5
  311.856088  10.5
  36.944428  9
  36.947865  9
  94.335144  9
  95.999264  9
  125.361330  9
  145.154061  9
  174.771957  9
  209.849105  9
  250.468272  9
  0.000000  9.5
  68.789509  9.5
  68.910005  9.5
  111.442666  9.5
  120.061945  9.5
  145.885462  9.5
  174.729170  9.5
  209.850286  9.5
  250.468260  9.5
  32.555020  8
  32.567391  8
  80.000620  8
  83.518455  8
  107.659938  8
  130.333112  8
  160.330057  8
  195.812468  8
  0.000000  8.5
  59.839436  8.5
  60.193411  8.5
  93.088566  8.5
  105.503120  8.5
  130.510114  8.5
  160.323981  8.5
  195.812544  8.5
  28.151212  7
  28.193857  7
  65.580631  7
  71.785044  7
  93.206096  7
  117.530482  7
  147.889405  7
  0.000000  7.5
  50.675958  7.5
  51.617492  7.5
  76.717396  7.5
  92.559340  7.5
  117.559937  7.5
  147.888952  7.5
  23.708015  6
  23.846405  6
  51.939884  6
  61.163805  6
  81.577895  6
  106.697671  6
  0.000000  6.5
  41.200374  6.5
  43.357487  6.5
  63.099335  6.5
  81.446809  6.5
  106.700252  6.5
  19.166654  5
  19.576697  5
  40.008919  5
  51.988653  5
  72.250225  5
  0.000002  5.5
  31.631945  5.5
  35.683367  5.5
  52.498394  5.5
  72.236258  5.5
  14.450185  4
  15.498923  4
  30.492926  4
  44.490358  4
  0.000042  4.5
  22.695350  4.5
  28.923888  4.5
  44.560167  4.5
  9.667155  3
  11.810949  3
  23.702551  3
  0.000690  3.5
  15.216347  3.5
  23.398909  3.5
  5.384390  2
  8.774789  2
  0.009765  2.5
  9.772941  2.5
  2.291212  1
  0.102976  1.5
