  39.110018  10
  39.110025  10
  104.269201  10
  104.288578  10
  149.045692  10
  152.054602  10
  174.664168  10
  193.993151  10
  219.410926  10
  248.741035  10
  0.000000  10.5
  73.905018  10.5
  73.905576  10.5
  129.820317  10.5
  130.170156  10.5
  161.670346  10.5
  172.211275  10.5
  194.238646  10.5
  219.400204  10.5
  248.741214  10.5
  34.983274  9
  34.983321  9
  91.789261  9
  91.875552  9
  126.539671  9
  132.770756  9
  152.581812  9
  174.108700  9
  200.122012  9
  0.000000  9.5
  65.639141  9.5
  65.642179  9.5
  112.632596  9.5
  113.791831  9.5
  137.273091  9.5
  151.949284  9.5
  174.142704  9.5
  200.121353  9.5
  30.855817  8
  30.856105  8
  79.173182  8
  79.516447  8
  104.972293  8
  115.020078  8
  134.200342  8
  156.794729  8
  0.000000  8.5
  57.361943  8.5
  57.377524  8.5
  94.864792  8.5
  97.909084  8.5
  116.481236  8.5
  134.097596  8.5
  156.797103  8.5
  26.726779  7
  26.728485  7
  66.221561  7
  67.367557  7
  85.933984  7
  99.336920  7
  118.768497  7
  0.000000  7.5
  49.050504  7.5
  49.124041  7.5
  77.049095  7.5
  83.035624  7.5
  99.627083  7.5
  118.760184  7.5
  22.592746  6
  22.602299  6
  52.853827  6
  55.769079  6
  70.499351  6
  86.013906  6
  0.000000  6.5
  40.628793  6.5
  40.935198  6.5
  60.591868  6.5
  69.758630  6.5
  86.041930  6.5
  18.439147  5
  18.488351  5
  39.826302  5
  45.236724  5
  58.633222  5
  0.000000  5.5
  31.935046  5.5
  32.973847  5.5
  46.858749  5.5
  58.543780  5.5
  14.211824  4
  14.433211  4
  28.491692  4
  36.317154  4
  0.000001  4.5
  23.040132  4.5
  25.584812  4.5
  36.579078  4.5
  9.806697  3
  10.583726  3
  19.923671  3
  0.000026  3.5
  14.865106  3.5
  19.261568  3.5
  5.446365  2
  7.250498  2
  0.001089  2.5
  8.570845  2.5
  2.094672  1
  0.032208  1.5
