  38.733169  10
  38.733171  10
  103.511741  10
  103.516492  10
  149.766429  10
  151.075287  10
  174.200426  10
  188.991612  10
  210.863732  10
  236.207763  10
  0.000000  10.5
  73.260380  10.5
  73.260489  10.5
  129.296666  10.5
  129.406687  10.5
  163.406178  10.5
  169.930663  10.5
  189.587186  10.5
  210.830897  10.5
  236.208429  10.5
  34.649560  9
  34.649569  9
  91.209051  9
  91.235223  9
  127.814898  9
  131.345873  9
  149.813862  9
  167.667482  9
  190.158258  9
  0.000000  9.5
  65.085744  9.5
  65.086475  9.5
  112.612959  9.5
  113.075361  9.5
  137.864607  9.5
  148.535248  9.5
  167.756202  9.5
  190.156158  9.5
  30.565533  8
  30.565601  8
  78.840329  8
  78.969941  8
  105.908528  8
  112.829644  8
  129.702988  8
  149.103924  8
  0.000000  8.5
  56.905554  8.5
  56.910171  8.5
  95.456567  8.5
  97.027159  8.5
  115.271570  8.5
  129.475275  8.5
  149.110395  8.5
  26.480689  7
  26.481187  7
  66.266339  7
  66.812717  7
  85.773171  7
  96.212418  7
  113.068242  7
  0.000000  7.5
  48.709073  7.5
  48.735959  7.5
  77.836840  7.5
  81.719669  7.5
  96.755784  7.5
  113.048864  7.5
  22.393472  6
  22.396900  6
  53.263716  6
  55.029650  6
  68.967086  6
  81.984577  6
  0.000000  6.5
  40.453003  6.5
  40.591962  6.5
  60.900353  6.5
  67.802346  6.5
  82.040389  6.5
  18.296262  5
  18.317991  5
  40.186474  5
  44.127871  5
  56.046614  5
  0.000000  5.5
  32.001416  5.5
  32.591669  5.5
  46.281299  5.5
  55.894706  5.5
  14.153330  4
  14.274040  4
  28.410621  4
  34.743008  4
  0.000000  4.5
  23.254336  4.5
  25.040449  4.5
  35.121315  4.5
  9.858985  3
  10.383323  3
  19.277258  3
  0.000008  3.5
  14.933622  3.5
  18.462263  3.5
  5.506101  2
  6.951617  2
  0.000476  2.5
  8.374794  2.5
  2.062262  1
  0.021037  1.5
