  65.448177  10
  71.073550  10
  147.502779  10
  217.933802  10
  321.751578  10
  452.021775  10
  608.786916  10
  791.887367  10
  1001.259775  10
  1236.872254  10
  0.000442  10.5
  106.719862  10.5
  138.159589  10.5
  218.736570  10.5
  321.722485  10.5
  452.022332  10.5
  608.786909  10.5
  791.887367  10.5
  1001.259775  10.5
  1236.872254  10.5
  56.858587  9
  64.412508  9
  133.582198  9
  206.778819  9
  310.787229  9
  441.266039  9
  598.144275  9
  781.315675  9
  990.735510  9
  0.001256  9.5
  92.192020  9.5
  127.758726  9.5
  207.157093  9.5
  310.776750  9.5
  441.266189  9.5
  598.144274  9.5
  781.315675  9.5
  990.735510  9.5
  48.312869  8
  58.098228  8
  121.642520  8
  196.867424  8
  301.066943  8
  431.698503  8
  588.661954  8
  771.886849  8
  0.003518  8.5
  78.900360  8.5
  118.296566  8.5
  197.027501  8.5
  301.063697  8.5
  431.698535  8.5
  588.661954  8.5
  771.886849  8.5
  39.995886  7
  52.204117  7
  111.579702  7
  188.190736  7
  292.558263  7
  423.300347  7
  580.326535  7
  0.009677  7.5
  67.012342  7.5
  109.840344  7.5
  188.249618  7.5
  292.557448  7.5
  423.300351  7.5
  580.326535  7.5
  32.127633  6
  46.806359  6
  103.240460  6
  180.732057  6
  285.234445  6
  416.055045  6
  0.025987  6.5
  56.663104  6.5
  102.445465  6.5
  180.749871  6.5
  285.234296  6.5
  416.055045  6.5
  24.926499  5
  41.982331  5
  96.458298  5
  174.470332  5
  279.073338  5
  0.067589  5.5
  47.956095  5.5
  96.154284  5.5
  174.474315  5.5
  279.073323  5.5
  18.576760  4
  37.810515  4
  91.083625  4
  169.383353  4
  0.168408  4.5
  40.958245  4.5
  90.995592  4.5
  169.383853  4.5
  13.207937  3
  34.372819  3
  86.999875  3
  0.396626  3.5
  35.687818  3.5
  86.985071  3.5
  8.884233  2
  31.759970  2
  0.870670  2.5
  32.099455  2.5
  5.599236  1
  1.762197  1.5
