  42.818960  10
  42.823529  10
  110.245820  10
  112.246207  10
  147.523258  10
  171.052472  10
  206.471325  10
  248.341154  10
  296.826394  10
  351.713944  10
  0.000000  10.5
  80.059237  10.5
  80.209973  10.5
  130.759047  10.5
  140.993842  10.5
  172.014409  10.5
  206.407402  10.5
  248.343400  10.5
  296.826353  10.5
  351.713945  10.5
  38.257075  9
  38.271284  9
  95.305700  9
  99.233478  9
  128.748591  9
  155.465825  9
  191.254071  9
  233.567354  9
  282.319891  9
  0.000000  9.5
  70.752287  9.5
  71.145202  9.5
  111.439335  9.5
  125.743299  9.5
  155.752337  9.5
  191.241385  9.5
  233.567628  9.5
  282.319889  9.5
  33.682040  8
  33.724779  8
  80.195164  8
  86.883652  8
  113.072651  8
  141.772120  8
  177.941532  8
  220.553693  8
  0.000000  8.5
  61.250743  8.5
  62.200821  8.5
  93.881845  8.5
  111.972126  8.5
  141.838254  8.5
  177.939771  8.5
  220.553710  8.5
  29.075018  7
  29.197959  7
  65.607559  7
  75.501907  7
  100.190282  7
  129.943619  7
  166.415786  7
  0.000000  7.5
  51.451275  7.5
  53.512035  7.5
  78.800946  7.5
  99.883085  7.5
  129.954313  7.5
  166.415657  7.5
  24.393689  6
  24.725685  6
  52.367352  6
  65.383001  6
  89.628908  6
  119.906111  6
  0.000001  6.5
  41.430938  6.5
  45.286832  6.5
  66.569545  6.5
  89.569125  6.5
  119.907032  6.5
  19.568002  5
  20.382869  5
  41.164919  5
  56.759052  5
  81.030623  5
  0.000015  5.5
  31.670404  5.5
  37.789915  5.5
  57.053011  5.5
  81.024393  5.5
  14.576512  4
  16.303687  4
  32.454061  4
  49.762010  4
  0.000180  4.5
  22.899532  4.5
  31.301367  4.5
  49.801009  4.5
  9.673688  3
  12.682909  3
  26.282546  3
  0.002060  3.5
  15.747164  3.5
  26.069283  3.5
  5.446602  2
  9.749465  2
  0.020470  2.5
  10.628506  2.5
  2.429025  1
  0.155479  1.5
