  57.266251  10
  58.645793  10
  125.930248  10
  163.950649  10
  230.398320  10
  313.288015  10
  413.500328  10
  530.722627  10
  664.861497  10
  815.869296  10
  0.000014  10.5
  97.471063  10.5
  110.183464  10.5
  166.511675  10.5
  230.238173  10.5
  313.293097  10.5
  413.500238  10.5
  530.722628  10.5
  664.861497  10.5
  815.869296  10.5
  50.419404  9
  52.632594  9
  110.307792  9
  152.116763  9
  218.533637  9
  301.795939  9
  402.184721  9
  519.517987  9
  653.730812  9
  0.000057  9.5
  83.686155  9.5
  99.879459  9.5
  153.364214  9.5
  218.475263  9.5
  301.797308  9.5
  402.184704  9.5
  519.517988  9.5
  653.730812  9.5
  43.417903  8
  46.821705  8
  96.687746  8
  141.560104  8
  208.093307  8
  291.608918  8
  392.128534  8
  509.543871  8
  0.000220  8.5
  70.627769  8.5
  90.351723  8.5
  142.100182  8.5
  208.075073  8.5
  291.609214  8.5
  392.128532  8.5
  509.543871  8.5
  36.321209  7
  41.291941  7
  85.167066  7
  132.307675  7
  199.006954  7
  282.694988  7
  383.308749  7
  0.000841  7.5
  58.618187  7.5
  81.716704  7.5
  132.509407  7.5
  199.002345  7.5
  282.695033  7.5
  383.308749  7.5
  29.292340  6
  36.134687  6
  75.710286  6
  124.362481  6
  191.221642  6
  275.025938  6
  0.003130  6.5
  47.926157  6.5
  74.078087  6.5
  124.424132  6.5
  191.220797  6.5
  275.025942  6.5
  22.591017  5
  31.449402  5
  68.160575  5
  117.709237  5
  184.696476  5
  0.011281  5.5
  38.762946  5.5
  67.522037  5.5
  117.723110  5.5
  184.696391  5.5
  16.512970  4
  27.339048  4
  62.301150  4
  112.321654  4
  0.038789  4.5
  31.286197  4.5
  62.113683  4.5
  112.323403  4.5
  11.314817  3
  23.908162  3
  57.926989  3
  0.124559  3.5
  25.595632  3.5
  57.895214  3.5
  7.163703  2
  21.266681  2
  0.363276  2.5
  21.710733  2.5
  4.114314  1
  0.936126  1.5
