  545.027553  10
  2976.928588  10
  8171.965728  10
  15965.907547  10
  26358.823966  10
  39350.287504  10
  54940.177131  10
  73128.447409  10
  93915.078128  10
  117300.059179  10
  179.264666  10.5
  2982.053526  10.5
  8171.955808  10.5
  15965.907554  10.5
  26358.823966  10.5
  39350.287504  10.5
  54940.177131  10.5
  73128.447409  10.5
  93915.078128  10.5
  117300.059179  10.5
  519.230344  9
  2966.906412  9
  8162.047233  9
  15956.194766  9
  26349.192897  9
  39340.697346  9
  54930.610367  9
  73118.895272  9
  93905.535744  9
  190.921552  9.5
  2970.637912  9.5
  8162.041445  9.5
  15956.194769  9.5
  26349.192897  9.5
  39340.697346  9.5
  54930.610367  9.5
  73118.895272  9.5
  93905.535744  9.5
  494.304245  8
  2957.877982  8
  8153.175468  8
  15947.505533  8
  26340.576335  8
  39332.117157  8
  54922.050975  8
  73110.348882  8
  203.174383  8.5
  2960.492710  8.5
  8153.172311  8.5
  15947.505534  8.5
  26340.576335  8.5
  39332.117157  8.5
  54922.050975  8.5
  73110.348882  8.5
  470.238044  7
  2949.857048  7
  8145.349492  7
  15939.839465  7
  26332.974041  7
  39324.546778  7
  54914.498841  7
  216.041390  7.5
  2951.601777  7.5
  8145.347913  7.5
  15939.839466  7.5
  26332.974041  7.5
  39324.546778  7.5
  54914.498841  7.5
  447.019950  6
  2942.857612  6
  8138.568498  6
  15933.196223  6
  26326.385809  6
  39317.986068  6
  229.540625  6.5
  2943.948922  6.5
  8138.567796  6.5
  15933.196224  6.5
  26326.385809  6.5
  39317.986068  6.5
  424.637606  5
  2936.893928  5
  8132.831807  5
  15927.575515  5
  26320.811457  5
  243.689919  5.5
  2937.517947  5.5
  8132.831544  5.5
  15927.575515  5.5
  26320.811457  5.5
  403.078102  4
  2931.980490  4
  8128.138865  4
  15922.977092  4
  258.506854  4.5
  2932.292669  4.5
  8128.138790  4.5
  15922.977092  4.5
  382.327993  3
  2928.132029  3
  8124.489232  3
  274.008722  3.5
  2928.256953  3.5
  8124.489219  3.5
  362.373312  2
  2925.363495  2
  290.212499  2.5
  2925.394735  2.5
  343.199595  1
  307.134809  1.5
