  38.360715  10
  38.360715  10
  102.748923  10
  102.749338  10
  150.127530  10
  150.394426  10
  176.045322  10
  184.505827  10
  201.969162  10
  221.929930  10
  -0.000000  10.5
  72.621074  10.5
  72.621081  10.5
  128.673352  10.5
  128.687574  10.5
  165.947479  10.5
  168.336066  10.5
  186.355353  10.5
  201.812955  10.5
  221.934293  10.5
  34.319627  9
  34.319628  9
  90.605140  9
  90.608414  9
  129.213531  9
  130.340584  9
  148.577405  9
  160.995733  9
  178.848542  9
  0.000000  9.5
  64.535499  9.5
  64.535562  9.5
  112.395367  9.5
  112.482725  9.5
  139.959147  9.5
  145.572330  9.5
  161.327991  9.5
  178.837588  9.5
  30.278351  8
  30.278356  8
  78.441702  8
  78.465050  8
  107.654899  8
  110.976642  8
  125.436766  8
  140.400111  8
  0.000000  8.5
  56.447873  8.5
  56.448438  8.5
  95.915660  8.5
  96.362332  8.5
  115.398032  8.5
  124.770412  8.5
  140.426999  8.5
  26.236750  7
  26.236810  7
  66.204987  7
  66.348637  7
  86.549465  7
  93.085744  7
  106.676362  7
  0.000000  7.5
  48.355181  7.5
  48.359884  7.5
  78.933682  7.5
  80.617900  7.5
  94.317939  7.5
  106.612305  7.5
  22.194383  6
  22.194972  6
  53.708199  6
  54.402348  6
  67.923216  6
  77.463169  6
  0.000000  6.5
  40.242758  6.5
  40.277653  6.5
  61.763405  6.5
  65.871254  6.5
  77.609620  6.5
  18.148841  5
  18.154164  5
  40.819421  5
  43.042137  5
  53.246961  5
  0.000000  5.5
  32.039224  5.5
  32.254700  5.5
  46.084601  5.5
  52.931668  5.5
  14.084491  4
  14.126780  4
  28.557948  4
  32.982296  4
  0.000000  4.5
  23.559476  4.5
  24.508833  4.5
  33.602142  4.5
  9.923173  3
  10.187514  3
  18.632622  3
  0.000001  3.5
  15.119023  3.5
  17.563486  3.5
  5.612153  2
  6.611801  2
  0.000115  2.5
  8.183307  2.5
  2.030502  1
  0.010236  1.5
