  151.942396  10
  436.509800  10
  1125.930778  10
  2154.856282  10
  3527.988864  10
  5244.758890  10
  7305.032492  10
  9708.758903  10
  12455.915467  10
  15546.490828  10
  6.888599  10.5
  450.160878  10.5
  1125.723085  10.5
  2154.857364  10.5
  3527.988862  10.5
  5244.758890  10.5
  7305.032492  10.5
  9708.758903  10.5
  12455.915467  10.5
  15546.490828  10.5
  136.832634  9
  427.451444  9
  1115.833020  9
  2145.045289  9
  3518.276354  9
  5235.096132  9
  7295.398277  9
  9699.142571  9
  12446.311075  9
  8.490843  9.5
  437.465677  9.5
  1115.711679  9.5
  2145.045789  9.5
  3518.276353  9.5
  5235.096132  9.5
  7295.398277  9.5
  9699.142571  9.5
  12446.311075  9.5
  122.694571  8
  419.208164  8
  1106.826249  8
  2136.275772  8
  3509.591647  8
  5226.454172  8
  7286.780827  8
  9690.540469  8
  10.408545  8.5
  426.272790  8.5
  1106.759975  8.5
  2136.275980  8.5
  3509.591646  8.5
  5226.454172  8.5
  7286.780827  8.5
  9690.540469  8.5
  109.522919  7
  411.807823  7
  1098.900042  7
  2128.544834  7
  3501.932928  7
  5218.831786  7
  7279.179261  7
  12.687251  7.5
  416.550058  7.5
  1098.866867  7.5
  2128.544910  7.5
  3501.932928  7.5
  5218.831786  7.5
  7279.179261  7.5
  97.307542  6
  405.279954  6
  1092.045734  6
  2121.849906  6
  3495.298600  6
  5212.227898  6
  15.375046  6.5
  408.261587  6.5
  1092.030974  6.5
  2121.849929  6.5
  3495.298600  6.5
  5212.227898  6.5
  86.033452  5
  399.655900  5
  1086.256274  5
  2116.188757  5
  3489.687278  5
  18.521902  5.5
  401.368318  5.5
  1086.250735  5.5
  2116.188762  5.5
  3489.687278  5.5
  75.680829  4
  394.968930  4
  1081.526092  4
  2111.559492  4
  22.178925  4.5
  395.828684  4.5
  1081.524508  4.5
  2111.559492  4.5
  66.225094  3
  391.254309  3
  1077.850946  3
  26.397550  3.5
  391.599316  3.5
  1077.850682  3.5
  57.637035  2
  388.549312  2
  31.228719  2.5
  388.635762  2.5
  49.883008  1
  36.722075  1.5
