  44.730523  10
  44.749418  10
  112.153278  10
  116.954149  10
  152.467580  10
  184.576648  10
  227.608644  10
  278.446442  10
  337.011052  10
  403.160592  10
  0.000000  10.5
  83.008376  10.5
  83.505139  10.5
  131.547139  10.5
  148.800055  10.5
  184.947775  10.5
  227.590067  10.5
  278.446950  10.5
  337.011044  10.5
  403.160593  10.5
  39.930820  9
  39.980912  9
  96.222935  9
  103.967087  9
  135.805090  9
  170.101788  9
  213.528444  9
  264.688268  9
  323.457824  9
  0.000000  9.5
  73.029938  9.5
  74.118337  9.5
  112.925667  9.5
  134.273609  9.5
  170.207560  9.5
  213.524834  9.5
  264.688329  9.5
  323.457823  9.5
  35.101555  8
  35.229844  8
  80.707461  8
  91.866437  8
  121.841195  8
  157.392404  8
  201.147941  8
  252.533590  8
  0.000000  8.5
  62.766055  8.5
  64.960413  8.5
  96.605480  8.5
  121.318341  8.5
  157.416146  8.5
  201.147447  8.5
  252.533594  8.5
  30.209337  7
  30.522885  7
  66.319631  7
  80.905256  7
  110.166702  7
  146.390011  7
  190.388238  7
  0.000001  7.5
  52.241961  7.5
  56.199071  7.5
  82.963336  7.5
  110.026876  7.5
  146.393782  7.5
  190.388202  7.5
  25.197259  6
  25.914107  6
  53.690661  6
  71.296151  6
  100.439714  6
  137.022127  6
  0.000008  6.5
  41.781208  6.5
  48.048986  6.5
  71.989488  6.5
  100.413168  6.5
  137.022448  6.5
  20.014137  5
  21.498954  5
  43.292590  5
  63.182250  5
  92.438325  5
  0.000074  5.5
  31.975885  5.5
  40.746766  5.5
  63.347340  5.5
  92.435597  5.5
  14.742962  4
  17.420793  4
  35.344710  4
  56.624260  4
  0.000661  4.5
  23.431461  4.5
  34.518405  4.5
  56.645723  4.5
  9.752538  3
  13.860771  3
  29.698073  3
  0.005503  3.5
  16.603446  3.5
  29.550076  3.5
  5.578875  2
  11.015302  2
  0.040026  2.5
  11.785913  2.5
  2.613065  1
  0.228946  1.5
