  45.229494  10
  45.255012  10
  112.569161  10
  118.271864  10
  154.214741  10
  188.387335  10
  233.408498  10
  286.560080  10
  347.739711  10
  416.816327  10
  0.000000  10.5
  83.743607  10.5
  84.380255  10.5
  131.950969  10.5
  151.050575  10.5
  188.683405  10.5
  233.394559  10.5
  286.560441  10.5
  347.739706  10.5
  416.816327  10.5
  40.365447  9
  40.430839  9
  96.462388  9
  105.310017  9
  137.997058  9
  174.146537  9
  219.555016  9
  273.007589  9
  334.380220  9
  0.000000  9.5
  73.577561  9.5
  74.920438  9.5
  113.568779  9.5
  136.698697  9.5
  174.230325  9.5
  219.552316  9.5
  273.007632  9.5
  334.380220  9.5
  35.466376  8
  35.628202  8
  80.917399  8
  93.280067  8
  124.363616  8
  161.639311  8
  207.362513  8
  261.027425  8
  0.000000  8.5
  63.116197  8.5
  65.718818  8.5
  97.570959  8.5
  123.925428  8.5
  161.658032  8.5
  207.362145  8.5
  261.027428  8.5
  30.495303  7
  30.877258  7
  66.618312  7
  82.420333  7
  112.919738  7
  150.804965  7
  196.758278  7
  0.000001  7.5
  52.430960  7.5
  56.947562  7.5
  84.253448  7.5
  112.803369  7.5
  150.807929  7.5
  196.758251  7.5
  25.393959  6
  26.236549  6
  54.150459  6
  72.925044  6
  103.356315  6
  141.573181  6
  0.000012  6.5
  41.893486  6.5
  48.819405  6.5
  73.535431  6.5
  103.334314  6.5
  141.573433  6.5
  20.121715  5
  21.805299  5
  43.939792  5
  64.919800  5
  95.474831  5
  0.000104  5.5
  32.095803  5.5
  41.562600  5.5
  65.064165  5.5
  95.472576  5.5
  14.789403  4
  17.727400  4
  36.154927  4
  58.452810  4
  0.000872  4.5
  23.608167  4.5
  35.391037  4.5
  58.471514  4.5
  9.783084  3
  14.179920  3
  30.614381  3
  0.006788  3.5
  16.852516  3.5
  30.478366  3.5
  5.620217  2
  11.352314  2
  0.046232  2.5
  12.099823  2.5
  2.662548  1
  0.249310  1.5
