  42.426581  10
  42.429754  10
  109.767220  10
  111.341934  10
  146.917800  10
  168.513890  10
  202.365446  10
  242.339460  10
  288.712598  10
  341.245762  10
  0.000000  10.5
  79.430914  10.5
  79.541416  10.5
  130.726837  10.5
  139.562977  10.5
  169.706975  10.5
  202.280198  10.5
  242.342644  10.5
  288.712537  10.5
  341.245763  10.5
  37.912068  9
  37.922348  9
  95.087551  9
  98.343251  9
  127.635012  9
  152.645854  9
  186.837996  9
  227.294282  9
  273.952264  9
  0.000000  9.5
  70.250393  9.5
  70.551206  9.5
  111.339031  9.5
  124.156401  9.5
  153.006532  9.5
  186.820965  9.5
  227.294671  9.5
  273.952260  9.5
  33.386856  8
  33.419070  8
  80.136358  8
  85.950787  8
  111.493754  8
  138.694671  8
  173.274994  8
  214.051824  8
  0.000000  8.5
  60.900031  8.5
  61.661083  8.5
  93.544421  8.5
  110.191480  8.5
  138.778683  8.5
  173.272619  8.5
  214.051849  8.5
  28.834944  7
  28.931533  7
  65.553313  7
  74.477405  7
  98.270249  7
  126.646976  7
  161.544924  7
  0.000000  7.5
  51.265502  7.5
  52.996114  7.5
  78.133607  7.5
  97.901603  7.5
  126.660639  7.5
  161.544749  7.5
  24.218333  6
  24.490413  6
  52.195417  6
  64.236543  6
  87.477536  6
  116.431302  6
  0.000001  6.5
  41.370150  6.5
  44.758732  6.5
  65.576846  6.5
  87.405223  6.5
  116.432483  6.5
  19.467774  5
  20.165116  5
  40.809862  5
  55.483924  5
  78.718075  5
  0.000010  5.5
  31.641626  5.5
  37.217393  5.5
  55.820126  5.5
  78.710505  5.5
  14.543626  4
  16.085949  4
  31.908597  4
  48.372624  4
  0.000130  4.5
  22.824363  4.5
  30.664718  4.5
  48.417512  4.5
  9.666460  3
  12.449546  3
  25.597504  3
  0.001604  3.5
  15.593685  3.5
  25.365167  3.5
  5.425876  2
  9.492851  2
  0.017270  2.5
  10.399421  2.5
  2.392280  1
  0.141262  1.5
