  48.749687  10
  48.881594  10
  115.300286  10
  128.713342  10
  170.393678  10
  218.188064  10
  277.553404  10
  347.328441  10
  427.373857  10
  517.602903  10
  0.000000  10.5
  88.470854  10.5
  90.839634  10.5
  137.223375  10.5
  169.208250  10.5
  218.260739  10.5
  277.551004  10.5
  347.328485  10.5
  427.373856  10.5
  517.602903  10.5
  43.397236  9
  43.677438  9
  98.679673  9
  116.036052  9
  156.353475  9
  205.178483  9
  264.853181  9
  334.834019  9
  415.014799  9
  0.000000  9.5
  76.950002  9.5
  80.977806  9.5
  120.692460  9.5
  155.900526  9.5
  205.198475  9.5
  264.852723  9.5
  334.834025  9.5
  415.014799  9.5
  37.961250  8
  38.534517  8
  83.385374  8
  104.503874  8
  144.286944  8
  193.717629  8
  253.625210  8
  323.754673  8
  0.000003  8.5
  65.271785  8.5
  71.569619  8.5
  106.704398  8.5
  144.140911  8.5
  193.722010  8.5
  253.625148  8.5
  323.754673  8.5
  32.391729  7
  33.505870  7
  69.871697  7
  94.262811  7
  133.960233  7
  183.749209  7
  243.822825  7
  0.000018  7.5
  53.786841  7.5
  62.789466  7.5
  95.134490  7.5
  133.922536  7.5
  183.749894  7.5
  243.822820  7.5
  26.656710  6
  28.673216  6
  58.477658  6
  85.410321  6
  125.215180  6
  175.219755  6
  0.000113  6.5
  42.982681  6.5
  54.819768  6.5
  85.686597  6.5
  125.208177  6.5
  175.219813  6.5
  20.827226  5
  24.148859  5
  49.364810  5
  77.990772  5
  117.946983  5
  0.000690  5.5
  33.330947  5.5
  47.833360  5.5
  78.054304  5.5
  117.946273  5.5
  15.166835  4
  20.069655  4
  42.447283  4
  72.001806  4
  0.004019  4.5
  25.203251  4.5
  41.977933  4.5
  72.009914  4.5
  10.086807  3
  16.584984  3
  37.445610  3
  0.021716  3.5
  18.863629  3.5
  37.364209  3.5
  5.970222  2
  13.847673  2
  0.103656  2.5
  14.469008  2.5
  3.030836  1
  0.408220  1.5
