  39.202645  10
  39.202655  10
  104.452708  10
  104.478070  10
  148.843953  10
  152.335867  10
  174.997418  10
  195.258668  10
  221.459827  10
  251.658434  10
  0.000000  10.5
  74.063100  10.5
  74.063863  10.5
  129.930254  10.5
  130.365376  10.5
  161.377126  10.5
  172.842289  10.5
  195.461405  10.5
  221.451359  10.5
  251.658570  10.5
  35.065280  9
  35.065344  9
  91.926243  9
  92.034593  9
  126.276277  9
  133.167525  9
  153.367382  9
  175.659903  9
  202.444081  9
  0.000000  9.5
  65.774570  9.5
  65.778565  9.5
  112.611602  9.5
  113.985808  9.5
  137.290066  9.5
  152.825577  9.5
  175.687662  9.5
  202.443564  9.5
  30.927116  8
  30.927496  8
  79.243946  8
  79.656724  8
  104.839440  8
  115.589427  8
  135.305603  8
  158.589445  8
  0.000000  8.5
  57.472901  8.5
  57.492582  8.5
  94.719811  8.5
  98.151580  8.5
  116.890562  8.5
  135.218869  8.5
  158.591369  8.5
  26.787132  7
  26.789296  7
  66.199621  7
  67.515207  7
  86.063013  7
  100.100762  7
  120.102236  7
  0.000000  7.5
  49.131631  7.5
  49.220797  7.5
  76.901203  7.5
  83.380248  7.5
  100.354278  7.5
  120.095277  7.5
  22.641352  6
  22.652990  6
  52.764684  6
  55.962498  6
  70.910938  6
  86.957688  6
  0.000000  6.5
  40.666944  6.5
  41.023129  6.5
  60.571823  6.5
  70.240182  6.5
  86.981928  6.5
  18.473328  5
  18.530912  5
  39.766650  5
  45.510892  5
  59.245373  5
  0.000000  5.5
  31.917150  5.5
  33.072639  5.5
  47.033495  5.5
  59.165418  5.5
  14.224898  4
  14.473602  4
  28.532272  4
  36.686828  4
  0.000001  4.5
  22.998267  4.5
  25.719615  4.5
  36.928955  4.5
  9.795525  3
  10.633337  3
  20.081931  3
  0.000033  3.5
  14.858715  3.5
  19.448974  3.5
  5.435799  2
  7.320251  2
  0.001278  2.5
  8.619391  2.5
  2.102681  1
  0.034991  1.5
