  43.617832  10
  43.626627  10
  111.118523  10
  114.150411  10
  149.216719  10
  176.484430  10
  215.087895  10
  260.742094  10
  313.466708  10
  373.086422  10
  0.000000  10.5
  81.315684  10.5
  81.577930  10.5
  130.949331  10.5
  144.092899  10.5
  177.118771  10.5
  215.050880  10.5
  260.743256  10.5
  313.466689  10.5
  373.086422  10.5
  38.958088  9
  38.983500  9
  95.704001  9
  101.131949  9
  131.403612  9
  161.409630  9
  200.408827  9
  246.445333  9
  299.407280  9
  0.000000  9.5
  71.738646  9.5
  72.370264  9.5
  111.864218  9.5
  129.154257  9.5
  161.594307  9.5
  200.401558  9.5
  246.445474  9.5
  299.407278  9.5
  34.279237  8
  34.350223  8
  80.357432  8
  88.880042  8
  116.543620  8
  148.174796  8
  187.534957  8
  233.834581  8
  0.000000  8.5
  61.920996  8.5
  63.326965  8.5
  94.816212  8.5
  115.748710  8.5
  148.216821  8.5
  187.533955  8.5
  233.834590  8.5
  29.556375  7
  29.745850  7
  65.817800  7
  77.679877  7
  104.242774  7
  136.733376  7
  176.368712  7
  0.000000  7.5
  51.800046  7.5
  54.600085  7.5
  80.373121  7.5
  104.025704  7.5
  136.740111  7.5
  176.368639  7.5
  24.739542  6
  25.213598  6
  52.829008  6
  67.789750  6
  94.079186  6
  127.009861  6
  0.000003  6.5
  41.563932  6.5
  46.403849  6.5
  68.727775  6.5
  94.037469  6.5
  127.010437  6.5
  19.762080  5
  20.838196  5
  41.980065  5
  59.399811  5
  85.762377  5
  0.000031  5.5
  31.766402  5.5
  38.992533  5.5
  59.627604  5.5
  85.758060  5.5
  14.644317  4
  16.759341  4
  33.618164  4
  52.606796  4
  0.000328  4.5
  23.091145  4.5
  32.622114  4.5
  52.636711  4.5
  9.698538  3
  13.166737  3
  27.693036  3
  0.003236  3.5
  16.084673  3.5
  27.511662  3.5
  5.496219  2
  10.274487  2
  0.027838  2.5
  11.103709  2.5
  2.504902  1
  0.185323  1.5
