  44.021284  10
  44.033089  10
  111.514487  10
  115.146021  10
  150.284474  10
  179.351318  10
  219.560559  10
  267.101510  10
  321.948247  10
  383.939473  10
  0.000000  10.5
  81.937565  10.5
  82.273308  10.5
  131.118919  10.5
  145.748672  10.5
  179.870738  10.5
  219.531978  10.5
  267.102362  10.5
  321.948234  10.5
  383.939473  10.5
  39.311320  9
  39.344320  9
  95.892930  9
  102.134377  9
  132.914530  9
  164.507763  9
  205.115772  9
  253.014568  9
  308.085834  9
  0.000000  9.5
  72.218082  9.5
  72.998037  9.5
  112.187741  9.5
  130.962920  9.5
  164.657655  9.5
  205.110183  9.5
  253.014670  9.5
  308.085833  9.5
  34.578743  8
  34.667902  8
  80.466272  8
  89.935878  8
  118.408127  8
  151.476847  8
  192.434311  8
  240.581338  8
  0.000000  8.5
  62.238543  8.5
  63.910250  8.5
  95.403444  8.5
  117.728156  8.5
  151.510765  8.5
  192.433543  8.5
  240.581344  8.5
  29.795536  7
  30.025605  7
  65.972633  7
  78.824357  7
  106.355175  7
  140.206253  7
  181.426353  7
  0.000000  7.5
  51.964764  7.5
  55.168661  7.5
  81.262988  7.5
  106.171084  7.5
  140.211669  7.5
  181.426297  7.5
  24.908652  6
  25.464710  6
  53.113856  6
  69.040804  6
  96.363171  6
  130.621147  6
  0.000004  6.5
  41.637810  6.5
  46.988575  6.5
  69.878843  6.5
  96.327968  6.5
  130.621610  6.5
  19.855661  5
  21.074214  5
  42.433824  5
  60.756925  5
  88.169511  5
  0.000043  5.5
  31.832673  5.5
  39.618124  5.5
  60.958809  5.5
  88.165879  5.5
  14.679391  4
  16.995609  4
  34.230844  4
  54.054895  4
  0.000429  4.5
  23.205401  4.5
  33.301924  4.5
  54.081299  4.5
  9.715706  3
  13.415626  3
  28.414256  3
  0.003968  3.5
  16.266633  3.5
  28.246224  3.5
  5.524539  2
  10.541585  2
  0.031996  2.5
  11.348284  2.5
  2.543781  1
  0.200859  1.5
