  48.239883  10
  48.347996  10
  114.890139  10
  127.071514  10
  167.695200  10
  213.562878  10
  270.799444  10
  338.108259  10
  415.349077  10
  502.430784  10
  0.000000  10.5
  87.836430  10.5
  89.866431  10.5
  136.201281  10.5
  166.338018  10.5
  213.650468  10.5
  270.796417  10.5
  338.108318  10.5
  415.349077  10.5
  502.430784  10.5
  42.962338  9
  43.197327  9
  98.283796  9
  114.345930  9
  153.420231  9
  200.410102  9
  257.967417  9
  325.492056  9
  402.874541  9
  0.000000  9.5
  76.507174  9.5
  80.051899  9.5
  119.402553  9.5
  152.898252  9.5
  200.434261  9.5
  257.966838  9.5
  325.492063  9.5
  402.874541  9.5
  37.608980  8
  38.101110  8
  82.920532  8
  102.743866  8
  141.185103  8
  188.828578  8
  246.628608  8
  314.308760  8
  0.000002  8.5
  64.980293  8.5
  70.664710  8.5
  105.158894  8.5
  141.016105  8.5
  188.833883  8.5
  246.628530  8.5
  314.308760  8.5
  32.129833  7
  33.109412  7
  69.284172  7
  92.422974  7
  130.735184  7
  178.760454  7
  236.733744  7
  0.000013  7.5
  53.578661  7.5
  61.881126  7.5
  93.386943  7.5
  130.691441  7.5
  178.761284  7.5
  236.733739  7.5
  26.485299  6
  28.301499  6
  57.743556  6
  83.491641  6
  121.897651  6
  170.149990  6
  0.000086  6.5
  42.791788  6.5
  53.888802  6.5
  83.798619  6.5
  121.889510  6.5
  170.150060  6.5
  20.728290  5
  23.788949  5
  48.493471  5
  76.002511  5
  114.559103  5
  0.000547  5.5
  33.113340  5.5
  46.867889  5.5
  76.073296  5.5
  114.558277  5.5
  15.106326  4
  19.710348  4
  41.474621  4
  69.957739  4
  0.003334  4.5
  24.937807  4.5
  40.973926  4.5
  69.966787  4.5
  10.034410  3
  16.218797  3
  36.411754  3
  0.018831  3.5
  18.546061  3.5
  36.324684  3.5
  5.913952  2
  13.471348  2
  0.093800  2.5
  14.107910  2.5
  2.975248  1
  0.383453  1.5
