  38.232132  10
  38.232132  10
  102.482957  10
  102.483047  10
  150.134274  10
  150.228168  10
  177.601164  10
  183.201438  10
  198.826830  10
  216.040597  10
  -0.000000  10.5
  72.399892  10.5
  72.399893  10.5
  128.439206  10.5
  128.443101  10.5
  166.877177  10.5
  168.026232  10.5
  186.205932  10.5
  198.488831  10.5
  216.052091  10.5
  34.205701  9
  34.205701  9
  90.391219  9
  90.392106  9
  129.615442  9
  130.127032  9
  149.002315  9
  158.582582  9
  174.211930  9
  0.000000  9.5
  64.344881  9.5
  64.344894  9.5
  112.272674  9.5
  112.302720  9.5
  141.211358  9.5
  144.741140  9.5
  159.212677  9.5
  174.186338  9.5
  30.179150  8
  30.179151  8
  78.289527  8
  78.297439  8
  108.491913  8
  110.468172  8
  124.203271  8
  136.838516  8
  0.000000  8.5
  56.288652  8.5
  56.288804  8.5
  96.000321  8.5
  96.195127  8.5
  116.075487  8.5
  123.100255  8.5
  136.894186  8.5
  26.152403  7
  26.152419  7
  66.150498  7
  66.211613  7
  87.229440  7
  91.993647  7
  104.107407  7
  0.000000  7.5
  48.229740  7.5
  48.231318  7.5
  79.364959  7.5
  80.314642  7.5
  93.775501  7.5
  103.989998  7.5
  22.125237  6
  22.125434  6
  53.847991  6
  54.223108  6
  67.830650  6
  75.627821  6
  0.000000  6.5
  40.160844  6.5
  40.175475  6.5
  62.296116  6.5
  65.204519  6.5
  75.865058  6.5
  18.096478  5
  18.098691  5
  41.144915  5
  42.669605  5
  52.181251  5
  0.000000  5.5
  32.038693  5.5
  32.152059  5.5
  46.204421  5.5
  51.730573  5.5
  14.057150  4
  14.079092  4
  28.721941  4
  32.266685  4
  0.000000  4.5
  23.695615  4.5
  24.326771  4.5
  33.050329  4.5
  9.948730  3
  10.120432  3
  18.408225  3
  0.000000  3.5
  15.242878  3.5
  17.195394  3.5
  5.672930  2
  6.470917  2
  0.000048  2.5
  8.117723  2.5
  2.019600  1
  0.006562  1.5
