  56.467836  10
  57.633499  10
  124.530318  10
  159.917375  10
  223.512089  10
  302.687956  10
  398.494924  10
  510.591263  10
  638.879627  10
  783.310164  10
  0.000010  10.5
  96.680700  10.5
  108.049602  10.5
  162.784891  10.5
  223.321699  10.5
  302.694325  10.5
  398.494804  10.5
  510.591265  10.5
  638.879627  10.5
  783.310164  10.5
  49.779991  9
  51.689657  9
  108.759678  9
  148.008302  9
  211.522698  9
  291.098606  9
  387.090673  9
  499.303532  9
  627.669511  9
  0.000040  9.5
  83.028894  9.5
  97.767219  9.5
  149.413152  9.5
  211.453160  9.5
  291.100324  9.5
  387.090650  9.5
  499.303532  9.5
  627.669511  9.5
  42.934426  8
  45.933758  8
  94.966118  8
  137.375089  8
  200.984880  8
  280.829925  8
  376.959097  8
  489.257975  8
  0.000160  8.5
  70.031522  8.5
  88.238992  8.5
  137.985730  8.5
  200.963127  8.5
  280.830296  8.5
  376.959094  8.5
  489.257975  8.5
  35.974317  7
  40.443947  7
  83.274690  7
  128.051206  7
  191.821500  7
  271.848186  7
  368.075832  7
  0.000633  7.5
  58.029462  7.5
  79.587049  7.5
  128.279889  7.5
  191.815996  7.5
  271.848243  7.5
  368.075832  7.5
  29.046732  6
  35.312403  6
  73.674818  6
  120.043897  6
  183.975235  6
  264.123580  6
  0.002450  6.5
  47.310570  6.5
  71.921155  6.5
  120.113901  6.5
  183.974225  6.5
  264.123585  6.5
  22.406249  5
  30.640728  5
  66.021875  5
  113.339875  5
  177.402268  5
  0.009176  5.5
  38.101689  5.5
  65.333337  5.5
  113.355645  5.5
  177.402167  5.5
  16.357123  4
  26.534845  4
  60.096427  4
  107.913055  4
  0.032781  4.5
  30.572598  4.5
  59.893841  4.5
  107.915044  4.5
  11.171289  3
  23.102332  3
  55.683180  3
  0.109261  3.5
  24.833350  3.5
  55.648801  3.5
  7.030096  2
  20.455731  2
  0.329881  2.5
  20.912354  2.5
  3.997301  1
  0.875505  1.5
