  615.243995  10
  3477.352209  10
  9561.528142  10
  18689.465681  10
  30861.039434  10
  46075.823833  10
  64333.698138  10
  85634.617027  10
  109978.560344  10
  137365.518008  10
  220.256317  10.5
  3482.091298  10.5
  9561.520316  10.5
  18689.465686  10.5
  30861.039434  10.5
  46075.823833  10.5
  64333.698138  10.5
  85634.617027  10.5
  109978.560344  10.5
  137365.518008  10.5
  588.010202  9
  3467.282316  9
  9551.613100  9
  18679.755074  9
  30851.410167  9
  46066.235282  9
  64324.132868  9
  85625.066312  9
  109969.019334  9
  233.334013  9.5
  3470.732299  9.5
  9551.608534  9.5
  18679.755076  9.5
  30851.410167  9.5
  46066.235282  9.5
  64324.132868  9.5
  85625.066312  9.5
  109969.019334  9.5
  561.639809  8
  3458.215416  8
  9542.743997  8
  18671.067618  8
  30842.795112  8
  46057.656462  8
  64315.574762  8
  85616.521156  8
  247.020069  8.5
  3460.632517  8.5
  9542.741506  8.5
  18671.067619  8.5
  30842.795112  8.5
  46057.656462  8.5
  64315.574762  8.5
  85616.521156  8.5
  536.122111  7
  3450.164362  7
  9534.920044  7
  18663.402986  7
  30835.194069  7
  46050.087235  7
  64308.023723  7
  261.331225  7.5
  3451.777007  7.5
  9534.918799  7.5
  18663.402986  7.5
  30835.194069  7.5
  46050.087235  7.5
  64308.023723  7.5
  511.445915  6
  3443.142224  6
  9528.140565  6
  18656.760888  6
  30828.606857  6
  46043.527482  6
  276.284046  6.5
  3444.150801  6.5
  9528.140011  6.5
  18656.760888  6.5
  30828.606857  6.5
  46043.527482  6.5
  487.599551  5
  3437.162283  5
  9522.404989  5
  18651.141075  5
  30823.033324  5
  291.894898  5.5
  3437.738939  5.5
  9522.404781  5.5
  18651.141076  5.5
  30823.033324  5.5
  464.570882  4
  3432.238022  4
  9517.712849  4
  18646.543336  4
  308.179916  4.5
  3432.526483  4.5
  9517.712790  4.5
  18646.543336  4.5
  442.347320  3
  3428.383121  3
  9514.063773  3
  325.154981  3.5
  3428.498547  3.5
  9514.063763  3.5
  420.915838  2
  3425.611446  2
  342.835692  2.5
  3425.640310  2.5
  400.262985  1
  361.237344  1.5
