  72.477273  10
  86.125300  10
  180.399777  10
  289.709638  10
  441.826027  10
  632.540926  10
  861.721809  10
  1129.257210  10
  1435.099082  10
  1779.223238  10
  0.004355  10.5
  118.369416  10.5
  174.832300  10.5
  290.006111  10.5
  441.818983  10.5
  632.541016  10.5
  861.721808  10.5
  1129.257210  10.5
  1435.099082  10.5
  1779.223238  10.5
  62.495757  9
  78.988985  9
  167.817917  9
  278.993693  9
  431.315842  9
  622.175167  9
  851.437504  9
  1119.024055  9
  1424.900148  9
  0.009985  9.5
  103.744976  9.5
  164.455880  9.5
  279.131929  9.5
  431.313315  9.5
  622.175191  9.5
  851.437504  9.5
  1119.024055  9.5
  1424.900148  9.5
  52.867864  8
  72.307186  8
  156.975345  8
  269.468838  8
  421.967904  8
  612.936955  8
  842.261833  8
  1109.887674  8
  0.022567  8.5
  90.573269  8.5
  155.091869  8.5
  269.526895  8.5
  421.967124  8.5
  612.936960  8.5
  842.261833  8.5
  1109.887674  8.5
  43.772845  7
  66.141124  7
  147.739858  7
  261.119714  7
  413.762870  7
  604.814082  7
  834.186075  7
  0.050086  7.5
  78.949014  7.5
  146.778949  7.5
  261.140955  7.5
  413.762674  7.5
  604.814083  7.5
  834.186075  7.5
  35.378383  6
  60.552613  6
  139.980590  6
  253.929072  6
  406.684195  6
  597.795818  6
  0.108622  6.5
  68.945455  6.5
  139.547087  6.5
  253.935474  6.5
  406.684159  6.5
  597.795818  6.5
  27.825209  5
  55.604399  5
  133.581768  5
  247.879388  5
  400.717835  5
  0.228759  5.5
  60.610397  5.5
  133.417416  5.5
  247.880815  5.5
  400.717831  5.5
  21.217269  4
  51.361661  4
  128.449920  4
  242.954200  4
  0.464410  4.5
  53.958967  4.5
  128.402591  4.5
  242.954379  4.5
  15.616214  3
  47.894873  3
  124.515635  3
  0.901805  3.5
  48.965186  3.5
  124.507703  3.5
  11.038285  2
  45.284021  2
  1.663511  2.5
  45.557444  2.5
  7.452501  1
  2.901825  1.5
