  41.873253  10
  41.875037  10
  109.030010  10
  110.098830  10
  146.345425  10
  165.095534  10
  196.736086  10
  233.971725  10
  277.313851  10
  326.472878  10
  0.000000  10.5
  78.533626  10.5
  78.601115  10.5
  130.730259  10.5
  137.652734  10.5
  166.733038  10.5
  196.604740  10.5
  233.977119  10.5
  277.313738  10.5
  326.472879  10.5
  37.424865  9
  37.431028  9
  94.739620  9
  97.135168  9
  126.318402  9
  148.792007  9
  180.702535  9
  218.490284  9
  262.146153  9
  0.000000  9.5
  69.524214  9.5
  69.720826  9.5
  111.321205  9.5
  122.026116  9.5
  149.300581  9.5
  180.675982  9.5
  218.490948  9.5
  262.146147  9.5
  32.968710  8
  32.989317  8
  80.067250  8
  84.691358  8
  109.439943  8
  134.433488  8
  166.735137  8
  204.880599  8
  0.000000  8.5
  60.380314  8.5
  60.914026  8.5
  93.219362  8.5
  107.771451  8.5
  134.553897  8.5
  166.731405  8.5
  204.880642  8.5
  28.492534  7
  28.558488  7
  65.533850  7
  73.087053  7
  95.654852  7
  122.035362  7
  154.676787  7
  0.000000  7.5
  50.982751  7.5
  52.289417  7.5
  77.329127  7.5
  95.170615  7.5
  122.055139  7.5
  154.676510  7.5
  23.964810  6
  24.163332  6
  52.022007  6
  62.662175  6
  84.482159  6
  111.534027  6
  0.000000  6.5
  41.286086  6.5
  44.038110  6.5
  64.266715  6.5
  84.385824  6.5
  111.535746  6.5
  19.320120  5
  19.864725  5
  40.367533  5
  53.709508  5
  75.461745  5
  0.000005  5.5
  31.623212  5.5
  36.431407  5.5
  54.120733  5.5
  75.451583  5.5
  14.497080  4
  15.785936  4
  31.172989  4
  46.417362  4
  0.000077  4.5
  22.742937  4.5
  29.780122  4.5
  46.472878  4.5
  9.662640  3
  12.125140  3
  24.639015  3
  0.001081  3.5
  15.393037  3.5
  24.374663  3.5
  5.401561  2
  9.131431  2
  0.013222  2.5
  10.081094  2.5
  2.341034  1
  0.121696  1.5
