  94.200956  10
  159.961306  10
  369.874761  10
  670.036245  10
  1072.588869  10
  1576.228709  10
  2180.793245  10
  2886.215999  10
  3692.467216  10
  4599.531932  10
  0.276200  10.5
  183.122136  10.5
  368.554043  10.5
  670.060409  10.5
  1072.588662  10.5
  1576.228710  10.5
  2180.793245  10.5
  2886.215999  10.5
  3692.467216  10.5
  4599.531932  10.5
  81.826322  9
  151.848925  9
  359.139430  9
  659.949986  9
  1062.645329  9
  1566.360675  9
  2170.968635  9
  2876.418659  9
  3682.688116  9
  0.435397  9.5
  169.150111  9.5
  358.363446  9.5
  659.961164  9.5
  1062.645254  9.5
  1566.360675  9.5
  2170.968635  9.5
  2876.418659  9.5
  3682.688116  9.5
  70.320859  8
  144.385597  8
  349.666658  8
  650.954516  8
  1053.767662  8
  1557.544254  8
  2162.187441  8
  2867.659580  8
  0.678064  8.5
  156.800978  8.5
  349.240879  8.5
  650.959183  8.5
  1053.767640  8.5
  1557.544254  8.5
  2162.187441  8.5
  2867.659580  8.5
  59.737679  7
  137.610234  7
  341.406190  7
  643.040604  7
  1045.949432  7
  1549.775146  7
  2154.446578  7
  1.041455  7.5
  146.076208  7.5
  341.192266  7.5
  643.042304  7.5
  1045.949427  7.5
  1549.775146  7.5
  2154.446578  7.5
  50.114610  6
  131.563801  6
  334.316364  6
  636.199788  6
  1039.184986  6
  1543.049563  6
  1.574846  6.5
  136.962095  6.5
  334.220912  6.5
  636.200298  6.5
  1039.184985  6.5
  1543.049563  6.5
  41.473532  5
  126.290219  5
  328.363740  5
  630.424528  5
  1033.469443  5
  2.340650  5.5
  129.428552  5.5
  328.327833  5.5
  630.424642  5.5
  1033.469443  5.5
  33.819877  4
  121.837410  4
  323.522456  4
  625.708324  4
  3.414222  4.5
  123.429060  4.5
  323.512172  4.5
  625.708339  4.5
  27.142260  3
  118.258396  3
  319.773417  3
  4.881998  3.5
  118.902170  3.5
  319.771700  3.5
  21.412315  2
  115.612316  2
  6.837952  2.5
  115.774543  2.5
  16.584891  1
  9.378822  1.5
