  340.546171  10
  1578.219771  10
  4289.158056  10
  8355.501940  10
  13778.312832  10
  20557.149526  10
  28691.889177  10
  38182.485610  10
  49028.918278  10
  61231.176901  10
  72.854961  10.5
  1585.282801  10.5
  4289.131715  10.5
  8355.501975  10.5
  13778.312832  10.5
  20557.149526  10.5
  28691.889177  10.5
  38182.485610  10.5
  49028.918278  10.5
  61231.176901  10.5
  319.539791  9
  1568.431491  9
  4279.217165  9
  8345.775512  9
  13768.670455  9
  20547.549280  9
  28682.313036  9
  38172.924546  9
  49019.367271  9
  79.818051  9.5
  1573.579548  9.5
  4279.201794  9.5
  8345.775528  9.5
  13768.670455  9.5
  20547.549280  9.5
  28682.313036  9.5
  38172.924546  9.5
  49019.367271  9.5
  299.439429  8
  1559.592147  8
  4270.328235  8
  8337.075125  8
  13760.044426  8
  20538.960506  8
  28673.745572  8
  38164.370409  8
  87.313484  8.5
  1563.202882  8.5
  4270.319848  8.5
  8337.075131  8.5
  13760.044426  8.5
  20538.960506  8.5
  28673.745572  8.5
  38164.370409  8.5
  280.232262  7
  1551.719601  7
  4262.489284  7
  8329.400044  7
  13752.434292  7
  20531.382897  7
  28666.186564  7
  95.366976  7.5
  1554.130938  7.5
  4262.485089  7.5
  8329.400046  7.5
  13752.434292  7.5
  20531.382897  7.5
  28666.186564  7.5
  261.904302  6
  1544.832224  6
  4255.698628  6
  8322.749620  6
  13745.839652  6
  20524.816183  6
  104.004122  6.5
  1546.341577  6.5
  4255.696764  6.5
  8322.749621  6.5
  13745.839652  6.5
  20524.816183  6.5
  244.440417  5
  1538.948887  5
  4249.954866  5
  8317.123291  5
  13740.260160  5
  113.250289  5.5
  1539.812471  5.5
  4249.954166  5.5
  8317.123291  5.5
  13740.260160  5.5
  227.824358  4
  1534.088955  4
  4245.256858  4
  8312.520579  4
  123.130522  4.5
  1534.521197  4.5
  4245.256659  4.5
  8312.520579  4.5
  212.038793  3
  1530.272271  3
  4241.603714  3
  133.669444  3.5
  1530.445308  3.5
  4241.603681  3.5
  197.065343  2
  1527.519136  2
  144.891161  2.5
  1527.562420  2.5
  182.884627  1
  156.819179  1.5
