  39.379153  10
  39.379172  10
  104.799081  10
  104.839155  10
  148.454298  10
  152.912294  10
  175.802447  10
  197.696955  10
  225.320485  10
  257.091264  10
  0.000000  10.5
  74.363911  10.5
  74.365214  10.5
  130.118459  10.5
  130.746796  10.5
  160.950743  10.5
  174.105487  10.5
  197.840883  10.5
  225.314916  10.5
  257.091347  10.5
  35.221528  9
  35.221638  9
  92.180528  9
  92.339947  9
  125.833995  9
  133.965635  9
  154.934921  9
  178.589267  9
  206.770382  9
  0.000000  9.5
  66.031926  9.5
  66.038295  9.5
  112.549454  9.5
  114.374312  9.5
  137.461260  9.5
  154.525037  9.5
  178.608618  9.5
  206.770045  9.5
  31.062920  8
  31.063529  8
  79.367084  8
  79.930682  8
  104.674064  8
  116.700447  8
  137.407204  8
  161.935142  8
  0.000000  8.5
  57.682865  8.5
  57.712156  8.5
  94.453734  8.5
  98.637940  8.5
  117.753602  8.5
  137.343068  8.5
  161.936467  8.5
  26.901976  7
  26.905220  7
  66.149888  7
  67.807674  7
  86.381823  7
  101.553021  7
  122.591096  7
  0.000000  7.5
  49.283049  7.5
  49.406785  7.5
  76.663564  7.5
  84.055557  7.5
  101.752141  7.5
  122.586017  7.5
  22.733537  6
  22.749835  6
  52.608619  6
  56.341671  6
  71.719765  6
  88.719991  6
  0.000000  6.5
  40.734671  6.5
  41.194358  6.5
  60.580899  6.5
  71.158834  6.5
  88.738729  6.5
  18.537461  5
  18.612748  5
  39.677828  5
  46.035139  5
  60.392761  5
  0.000000  5.5
  31.882719  5.5
  33.265442  5.5
  47.392245  5.5
  60.327257  5.5
  14.248631  4
  14.551798  4
  28.626422  4
  37.378104  4
  0.000001  4.5
  22.928204  4.5
  25.977592  4.5
  37.588537  4.5
  9.775891  3
  10.728263  3
  20.383013  3
  0.000050  3.5
  14.854931  3.5
  19.799221  3.5
  5.418934  2
  7.450345  2
  0.001681  2.5
  8.712289  2.5
  2.117990  1
  0.040335  1.5
