  86.315382  10
  129.454208  10
  289.171934  10
  510.132090  10
  807.808508  10
  1180.393501  10
  1627.717077  10
  2149.704305  10
  2746.321726  10
  3417.552499  10
  0.093384  10.5
  155.383630  10.5
  287.093213  10.5
  510.184396  10.5
  807.807895  10.5
  1180.393505  10.5
  1627.717077  10.5
  2149.704305  10.5
  2746.321726  10.5
  3417.552499  10.5
  74.557703  9
  121.617794  9
  278.068291  9
  499.908708  9
  797.747154  9
  1170.421226  9
  1617.795965  9
  2139.815334  9
  2736.454259  9
  0.161852  9.5
  141.128362  9.5
  276.841925  9.5
  499.932933  9.5
  797.746935  9.5
  1170.421227  9.5
  1617.795965  9.5
  2139.815334  9.5
  2736.454259  9.5
  63.569651  8
  114.379550  8
  268.328226  8
  490.799754  8
  788.771320  8
  1161.516326  8
  1608.931858  8
  2130.976849  8
  0.276789  8.5
  128.481709  8.5
  267.653192  8.5
  490.809877  8.5
  788.771252  8.5
  1161.516327  8.5
  1608.931858  8.5
  2130.976849  8.5
  53.436913  7
  107.783212  7
  259.878743  7
  482.793489  7
  780.872099  7
  1153.672897  7
  1601.120524  7
  0.465919  7.5
  117.466787  7.5
  259.538767  7.5
  482.797179  7.5
  780.872082  7.5
  1153.672897  7.5
  1601.120524  7.5
  44.226070  6
  101.874071  6
  252.658365  6
  475.878859  6
  774.041699  6
  1146.885739  6
  0.769927  6.5
  108.089320  6.5
  252.506393  6.5
  475.879968  6.5
  774.041696  6.5
  1146.885739  6.5
  35.982954  5
  96.700063  5
  246.617407  5
  470.045832  5
  768.273408  5
  1.245560  5.5
  100.334656  5.5
  246.560161  5.5
  470.046078  5.5
  768.273408  5.5
  28.731548  4
  92.313177  4
  241.717435  4
  465.285640  4
  1.967489  4.5
  94.165777  4.5
  241.701022  4.5
  465.285671  4.5
  22.473201  3
  88.771143  3
  237.930213  3
  3.027749  3.5
  89.523457  3.5
  237.927470  3.5
  17.186116  2
  86.139163  2
  4.532073  2.5
  86.329286  2.5
  12.825312  1
  6.593352  1.5
