  38.216086  10
  38.216086  10
  102.449686  10
  102.449756  10
  150.130691  10
  150.209738  10
  177.843212  10
  183.055153  10
  198.441383  10
  215.239697  10
  -0.000000  10.5
  72.372275  10.5
  72.372276  10.5
  128.409456  10.5
  128.412609  10.5
  166.985550  10.5
  167.999606  10.5
  186.262186  10.5
  198.063186  10.5
  215.252980  10.5
  34.191483  9
  34.191483  9
  90.364368  9
  90.365085  9
  129.658352  9
  130.106582  9
  149.113312  9
  158.276141  9
  173.583968  9
  0.000000  9.5
  64.321073  9.5
  64.321083  9.5
  112.255784  9.5
  112.281011  9.5
  141.391389  9.5
  144.649341  9.5
  158.966937  9.5
  173.554925  9.5
  30.166770  8
  30.166771  8
  78.270078  8
  78.276709  8
  108.603773  8
  110.412362  8
  124.074170  8
  136.355920  8
  0.000000  8.5
  56.268747  8.5
  56.268870  8.5
  96.007086  8.5
  96.176953  8.5
  116.200106  8.5
  122.889750  8.5
  136.417948  8.5
  26.141873  7
  26.141886  7
  66.142318  7
  66.195452  7
  87.339416  7
  91.856811  7
  103.763682  7
  0.000000  7.5
  48.213985  7.5
  48.215306  7.5
  79.418498  7.5
  80.281036  7.5
  93.732392  7.5
  103.635265  7.5
  22.116596  6
  22.116761  6
  53.863868  6
  54.202682  6
  67.838342  6
  75.379792  6
  0.000000  6.5
  40.150269  6.5
  40.162967  6.5
  62.376247  6.5
  65.121303  6.5
  75.634436  6.5
  18.089890  5
  18.091808  5
  41.191204  5
  42.623200  5
  52.042874  5
  0.000000  5.5
  32.037871  5.5
  32.139927  5.5
  46.232282  5.5
  51.568212  5.5
  14.053570  4
  14.073290  4
  28.750240  4
  32.169751  4
  0.000000  4.5
  23.714021  4.5
  24.304106  4.5
  32.980177  4.5
  9.952055  3
  10.112080  3
  18.380144  3
  0.000000  3.5
  15.262528  3.5
  17.145340  3.5
  5.682216  2
  6.451657  2
  0.000041  2.5
  8.109557  2.5
  2.018242  1
  0.006105  1.5
