  38.059964  10
  38.059964  10
  102.125080  10
  102.125081  10
  150.049468  10
  150.052891  10
  180.834141  10
  181.990947  10
  195.395085  10
  205.805869  10
  -0.000000  10.5
  72.103372  10.5
  72.103372  10.5
  128.115014  10.5
  128.115083  10.5
  167.828465  10.5
  167.920622  10.5
  188.610022  10.5
  193.756358  10.5
  205.912513  10.5
  34.053140  9
  34.053140  9
  90.101568  9
  90.101583  9
  129.955916  9
  129.994103  9
  151.482350  9
  155.218398  9
  166.320159  9
  -0.000000  9.5
  64.089179  9.5
  64.089179  9.5
  112.075486  9.5
  112.076551  9.5
  143.356503  9.5
  143.996761  9.5
  157.423154  9.5
  166.143242  9.5
  30.046285  8
  30.046286  8
  78.076252  8
  78.076527  8
  109.694216  8
  110.013672  8
  123.643476  8
  130.708125  8
  -0.000000  8.5
  56.074694  8.5
  56.074697  8.5
  96.021566  8.5
  96.035436  8.5
  118.264343  8.5
  120.813148  8.5
  130.994022  8.5
  26.039383  7
  26.039383  7
  66.045682  7
  66.049904  7
  88.914557  7
  90.518072  7
  99.938001  7
  0.000000  7.5
  48.059674  7.5
  48.059729  7.5
  79.888992  7.5
  80.029400  7.5
  93.992085  7.5
  99.491534  7.5
  22.032392  6
  22.032399  6
  53.984343  6
  54.036598  6
  68.406182  6
  72.481911  6
  0.000000  6.5
  40.043185  6.5
  40.044177  6.5
  63.405982  6.5
  64.311301  6.5
  73.148979  6.5
  18.025164  5
  18.025312  5
  41.732408  5
  42.172614  5
  50.608915  5
  0.000000  5.5
  32.017431  5.5
  32.032686  5.5
  46.832067  5.5
  49.665394  5.5
  14.016202  4
  14.019103  4
  29.227894  4
  31.026587  4
  0.000000  4.5
  23.912702  4.5
  24.084177  4.5
  32.279439  4.5
  9.986081  3
  10.031027  3
  18.105880  3
  0.000000  3.5
  15.563126  3.5
  16.549763  3.5
  5.817078  2
  6.219985  2
  0.000003  2.5
  8.030327  2.5
  2.005053  1
  0.001686  1.5
