  168.367794  10
  525.116670  10
  1370.530066  10
  2634.461474  10
  4320.874704  10
  6429.237799  10
  8959.419585  10
  11911.370449  10
  15285.068264  10
  19080.501942  10
  10.387989  10.5
  537.520031  10.5
  1370.377636  10.5
  2634.462119  10.5
  4320.874703  10.5
  6429.237799  10.5
  8959.419585  10.5
  11911.370449  10.5
  15285.068264  10.5
  19080.501942  10.5
  152.637575  9
  515.926877  9
  1360.473770  9
  2624.671572  9
  4311.179703  9
  6419.590639  9
  8949.799857  9
  11901.767901  9
  15275.477184  9
  12.486365  9.5
  525.011408  9.5
  1360.384744  9.5
  2624.671870  9.5
  4311.179702  9.5
  6419.590639  9.5
  8949.799857  9.5
  11901.767901  9.5
  15275.477184  9.5
  137.873496  8
  507.575603  8
  1351.497879  8
  2615.919302  8
  4302.509640  8
  6410.961947  8
  8941.194874  8
  11893.177761  8
  14.939823  8.5
  513.975180  8.5
  1351.449267  8.5
  2615.919426  8.5
  4302.509640  8.5
  6410.961947  8.5
  8941.194874  8.5
  11893.177761  8.5
  124.067160  7
  500.089194  7
  1343.594326  7
  2608.202300  7
  4294.863044  7
  6403.350731  7
  8933.603921  7
  17.791349  7.5
  504.379526  7.5
  1343.569998  7.5
  2608.202345  7.5
  4294.863044  7.5
  6403.350731  7.5
  8933.603921  7.5
  111.206222  6
  493.495440  6
  1336.756387  6
  2601.518476  6
  4288.238616  6
  6396.756113  6
  21.085584  6.5
  496.189947  6.5
  1336.745565  6.5
  2601.518490  6.5
  4288.238616  6.5
  6396.756113  6.5
  99.274405  5
  487.823676  5
  1330.978570  5
  2595.866012  5
  4282.635232  5
  24.868291  5.5
  489.369732  5.5
  1330.974510  5.5
  2595.866016  5.5
  4282.635232  5.5
  88.251532  4
  483.104835  4
  1326.256517  4
  2591.243370  4
  29.185771  4.5
  483.880465  4.5
  1326.255356  4.5
  2591.243370  4.5
  78.113605  3
  479.371491  3
  1322.586892  3
  34.084267  3.5
  479.682554  3.5
  1322.586698  3.5
  68.832914  2
  476.657838  2
  39.609357  2.5
  476.735749  2.5
  60.378204  1
  45.805381  1.5
