  76.544787  10
  97.108911  10
  206.734181  10
  344.290548  10
  532.675642  10
  768.710289  10
  1052.232763  10
  1383.147238  10
  1761.411592  10
  2187.004621  10
  0.012964  10.5
  127.351085  10.5
  202.640022  10.5
  344.460711  10.5
  532.672425  10.5
  768.710322  10.5
  1052.232763  10.5
  1383.147238  10.5
  1761.411592  10.5
  2187.004621  10.5
  65.909867  9
  89.733777  9
  194.743874  9
  333.765651  9
  522.345323  9
  758.501428  9
  1042.093075  9
  1373.051002  9
  1751.344434  9
  0.026872  9.5
  112.789737  9.5
  192.297811  9.5
  333.844747  9.5
  522.344171  9.5
  758.501436  9.5
  1042.093075  9.5
  1373.051002  9.5
  1751.344434  9.5
  55.791143  8
  82.864686  8
  184.351418  8
  324.403918  8
  513.146097  8
  749.395993  8
  1033.041371  8
  1364.033058  8
  0.054908  8.5
  99.753936  8.5
  182.992152  8.5
  324.437060  8.5
  513.145742  8.5
  749.395995  8.5
  1033.041371  8.5
  1364.033058  8.5
  46.339250  7
  76.556267  7
  175.439853  7
  316.190238  7
  505.063036  7
  741.384338  7
  1025.070751  7
  0.110221  7.5
  88.310899  7.5
  174.750454  7.5
  316.202343  7.5
  505.062947  7.5
  741.384338  7.5
  1025.070751  7.5
  37.685041  6
  70.863786  6
  167.902861  6
  309.109081  6
  498.083234  6
  734.457976  6
  0.216431  6.5
  78.508403  6.5
  167.593128  6.5
  309.112725  6.5
  498.083218  6.5
  734.457976  6.5
  29.931814  5
  65.844011  5
  161.650844  5
  303.145494  5
  492.195657  5
  0.413631  5.5
  70.370065  5.5
  161.533748  5.5
  303.146306  5.5
  492.195656  5.5
  23.150621  4
  61.556916  4
  156.613230  4
  298.285893  4
  0.765131  4.5
  63.889230  4.5
  156.579573  4.5
  298.285995  4.5
  17.377513  3
  58.068298  3
  152.738086  3
  1.362504  3.5
  59.023891  3.5
  152.732453  3.5
  12.611814  2
  55.453118  2
  2.325377  2.5
  55.696189  2.5
  8.815166  1
  3.793483  1.5
