  61.494234  10
  64.529781  10
  135.244016  10
  188.628279  10
  272.331172  10
  377.271807  10
  503.752169  10
  651.561295  10
  820.623387  10
  1010.900204  10
  0.000096  10.5
  101.877443  10.5
  123.065303  10.5
  190.035939  10.5
  272.265517  10.5
  377.273403  10.5
  503.752147  10.5
  651.561295  10.5
  820.623387  10.5
  1010.900204  10.5
  53.760419  9
  58.168430  9
  120.480678  9
  177.166804  9
  261.000407  9
  366.209674  9
  492.829002  9
  640.725305  9
  809.845611  9
  0.000315  9.5
  87.590504  9.5
  112.687588  9.5
  177.837801  9.5
  260.976658  9.5
  366.210103  9.5
  492.828998  9.5
  640.725305  9.5
  809.845611  9.5
  45.938192  8
  52.085408  8
  107.764595  8
  166.972906  8
  250.983819  8
  356.384037  8
  483.107141  8
  631.068550  8
  0.001020  8.5
  74.340007  8.5
  103.182928  8.5
  167.259145  8.5
  250.976441  8.5
  356.384130  8.5
  483.107140  8.5
  631.068550  8.5
  38.167559  7
  46.358946  7
  97.065479  7
  158.049381  7
  242.235703  7
  347.770678  7
  474.569291  7
  0.003244  7.5
  62.357421  7.5
  94.640167  7.5
  158.155251  7.5
  242.233845  7.5
  347.770693  7.5
  474.569291  7.5
  30.664642  6
  41.073589  6
  88.258060  6
  150.384893  6
  234.719736  6
  340.348317  6
  0.010072  6.5
  51.830330  6.5
  87.135113  6.5
  150.417041  6.5
  234.719397  6.5
  340.348318  6.5
  23.683402  5
  36.317061  5
  81.161151  5
  143.958764  5
  228.406614  5
  0.030273  5.5
  42.905286  5.5
  80.728080  5.5
  143.965968  5.5
  228.406580  5.5
  17.463389  4
  32.178345  4
  75.588382  4
  138.745924  4
  0.086949  4.5
  35.687290  4.5
  75.462327  4.5
  138.746830  4.5
  12.188498  3
  28.748620  3
  71.385006  3
  0.234580  3.5
  30.229318  3.5
  71.363743  3.5
  7.964433  2
  26.126551  2
  0.582744  2.5
  26.511919  2.5
  4.808363  1
  1.310202  1.5
