  38.919757  10
  38.919760  10
  103.888830  10
  103.899101  10
  149.437681  10
  151.525786  10
  174.223201  10
  191.432860  10
  215.142980  10
  242.568434  10
  0.000000  10.5
  73.579848  10.5
  73.580115  10.5
  129.570839  10.5
  129.778974  10.5
  162.434132  10.5
  170.995901  10.5
  191.807650  10.5
  215.124800  10.5
  242.568766  10.5
  34.814805  9
  34.814827  9
  91.500707  9
  91.551092  9
  127.145935  9
  132.009965  9
  151.078475  9
  170.886083  9
  195.212140  9
  0.000000  9.5
  65.360207  9.5
  65.361801  9.5
  112.645582  9.5
  113.415347  9.5
  137.424214  9.5
  150.190661  9.5
  170.939584  9.5
  195.211003  9.5
  30.709300  8
  30.709450  8
  79.014204  8
  79.235747  8
  105.358518  8
  113.885727  8
  131.927283  8
  153.002657  8
  0.000000  8.5
  57.132470  8.5
  57.141460  8.5
  95.167260  8.5
  97.441379  8.5
  115.762504  8.5
  131.777458  8.5
  153.006462  8.5
  26.602638  7
  26.603615  7
  66.254519  7
  67.077790  7
  85.769582  7
  97.763264  7
  115.954307  7
  0.000000  7.5
  48.880356  7.5
  48.927037  7.5
  77.407597  7.5
  82.352116  7.5
  98.154528  7.5
  115.941925  7.5
  22.492433  6
  22.498440  6
  53.051975  6
  55.385373  6
  69.691169  6
  84.023878  6
  0.000000  6.5
  40.544348  6.5
  40.758917  6.5
  60.696466  6.5
  68.770460  6.5
  84.062657  6.5
  18.367782  5
  18.401774  5
  39.981862  5
  44.675579  5
  57.349300  5
  0.000000  5.5
  31.970405  5.5
  32.776635  5.5
  46.536161  5.5
  57.234414  5.5
  14.183446  4
  14.351754  4
  28.431467  4
  35.538893  4
  0.000000  4.5
  23.138675  4.5
  25.309161  4.5
  35.850777  4.5
  9.831658  3
  10.482260  3
  19.597890  3
  0.000015  3.5
  14.889880  3.5
  18.866702  3.5
  5.472641  2
  7.103154  2
  0.000748  2.5
  8.471573  2.5
  2.078274  1
  0.026537  1.5
