  133.287444  10
  340.183536  10
  860.685228  10
  1634.622160  10
  2667.887449  10
  3959.836980  10
  5510.332228  10
  7319.320364  10
  9386.777791  10
  11712.692671  10
  3.718966  10.5
  355.730380  10.5
  860.366471  10.5
  1634.624375  10.5
  2667.887442  10.5
  3959.836980  10.5
  5510.332228  10.5
  7319.320364  10.5
  9386.777791  10.5
  11712.692671  10.5
  118.931202  9
  331.320079  9
  850.510788  9
  1624.773753  9
  2658.143836  9
  3950.146527  9
  5500.672297  9
  7309.679567  9
  9377.149773  9
  4.775789  9.5
  342.756445  9.5
  850.324450  9.5
  1624.774776  9.5
  2658.143833  9.5
  3950.146527  9.5
  5500.672297  9.5
  7309.679567  9.5
  9377.149773  9.5
  105.548098  8
  323.237358  8
  841.447237  8
  1615.973627  8
  2649.433119  8
  3941.481011  8
  5492.032718  8
  7301.056239  8
  6.090793  8.5
  331.325518  8.5
  841.345410  8.5
  1615.974053  8.5
  2649.433118  8.5
  3941.481011  8.5
  5492.032718  8.5
  7301.056239  8.5
  93.139272  7
  315.965353  7
  833.479635  7
  1608.217948  7
  2641.752877  7
  3933.838801  7
  5484.412318  7
  7.711874  7.5
  321.406861  7.5
  833.428641  7.5
  1608.218103  7.5
  2641.752876  7.5
  3933.838801  7.5
  5484.412318  7.5
  81.699453  6
  309.536001  6
  826.595614  6
  1601.503309  6
  2635.100974  6
  3927.218460  6
  9.691166  6.5
  312.964026  6.5
  826.572920  6.5
  1601.503355  6.5
  2635.100974  6.5
  3927.218460  6.5
  71.216909  5
  303.983452  5
  820.785162  5
  1595.826741  5
  2629.475564  5
  12.084243  5.5
  305.955537  5.5
  820.776642  5.5
  1595.826751  5.5
  2629.475564  5.5
  61.673437  4
  299.344280  4
  816.040413  4
  1591.185723  4
  14.949116  4.5
  300.335763  4.5
  816.037977  4.5
  1591.185724  4.5
  53.044407  3
  295.657654  3
  812.355423  3
  18.345066  3.5
  296.055947  3.5
  812.355017  3.5
  45.298903  2
  292.965418  2
  22.331388  2.5
  293.065296  2.5
  38.399959  1
  26.966141  1.5
