  679.289940  10
  3940.237690  10
  10846.942874  10
  21208.889447  10
  35025.806126  10
  52297.268620  10
  73023.156393  10
  97203.424202  10
  124838.051929  10
  155927.029513  10
  259.073641  10.5
  3944.687885  10.5
  10846.936404  10.5
  21208.889450  10.5
  35025.806126  10.5
  52297.268620  10.5
  73023.156393  10.5
  97203.424202  10.5
  124838.051929  10.5
  155927.029513  10.5
  650.813646  9
  3930.131819  9
  10837.030212  9
  21199.180352  9
  35016.178112  9
  52287.681187  9
  73013.592162  9
  97193.874476  9
  124828.511875  9
  273.382812  9.5
  3933.371113  9.5
  10837.026438  9.5
  21199.180354  9.5
  35016.178112  9.5
  52287.681187  9.5
  73013.592162  9.5
  97193.874476  9.5
  124828.511875  9.5
  623.194821  8
  3921.035931  8
  10828.162947  8
  21190.494132  8
  35007.564106  8
  52279.103318  8
  73005.034951  8
  97185.330179  8
  288.309570  8.5
  3923.305184  8.5
  10828.160888  8.5
  21190.494133  8.5
  35007.564106  8.5
  52279.103318  8.5
  73005.034951  8.5
  97185.330179  8.5
  596.423177  7
  3912.962197  7
  10820.340394  7
  21182.830499  7
  34999.963931  7
  52271.534893  7
  72997.484674  7
  303.869543  7.5
  3914.476061  7.5
  10820.339364  7.5
  21182.830499  7.5
  34999.963931  7.5
  52271.534893  7.5
  72997.484674  7.5
  570.488002  6
  3905.922974  6
  10813.561964  6
  21176.189197  6
  34993.377430  6
  52264.975805  6
  320.078195  6.5
  3906.869696  6.5
  10813.561506  6.5
  21176.189197  6.5
  34993.377430  6.5
  52264.975805  6.5
  545.378167  5
  3899.930802  5
  10807.827161  5
  21170.570007  5
  34987.804467  5
  336.950800  5.5
  3900.472055  5.5
  10807.826989  5.5
  21170.570007  5.5
  34987.804467  5.5
  521.082140  4
  3894.998397  4
  10803.135578  4
  21165.972743  4
  354.502424  4.5
  3895.269135  4.5
  10803.135529  4.5
  21165.972743  4.5
  497.587990  3
  3891.138649  3
  10799.486890  3
  372.747898  3.5
  3891.246978  3.5
  10799.486882  3.5
  474.883406  2
  3888.364606  2
  391.701804  2.5
  3888.391695  2.5
  452.955704  1
  411.378447  1.5
