  61.690676  10
  64.828301  10
  135.764340  10
  189.928150  10
  274.530930  10
  380.610102  10
  508.450011  10
  657.842958  10
  828.713848  10
  1021.024801  10
  0.000104  10.5
  102.097408  10.5
  123.738164  10.5
  191.297163  10.5
  274.467897  10.5
  380.611616  10.5
  508.449990  10.5
  657.842958  10.5
  828.713848  10.5
  1021.024801  10.5
  53.914416  9
  58.451499  9
  121.042765  9
  178.482876  9
  263.220892  9
  369.565073  9
  497.542483  9
  647.021687  9
  817.950178  9
  0.000339  9.5
  87.794074  9.5
  113.358409  9.5
  179.134977  9.5
  263.198097  9.5
  369.565480  9.5
  497.542479  9.5
  647.021687  9.5
  817.950178  9.5
  46.054864  8
  52.356512  8
  108.367286  8
  168.304229  8
  253.220954  8
  359.753831  8
  487.833964  8
  637.377615  8
  0.001089  8.5
  74.538917  8.5
  103.855478  8.5
  168.582268  8.5
  253.213874  8.5
  359.753919  8.5
  487.833963  8.5
  637.377615  8.5
  38.255127  7
  46.621408  7
  97.702820  7
  159.394220  7
  244.486232  7
  351.152462  7
  479.307380  7
  0.003436  7.5
  62.559723  7.5
  95.317046  7.5
  159.497022  7.5
  244.484450  7.5
  351.152476  7.5
  479.307380  7.5
  30.732472  6
  41.330342  6
  88.921566  6
  151.741099  6
  236.980985  6
  343.739956  6
  0.010588  6.5
  52.041021  6.5
  87.817786  6.5
  151.772309  6.5
  236.980659  6.5
  343.739957  6.5
  23.739573  5
  36.570498  5
  81.842456  5
  145.324093  5
  230.676328  5
  0.031580  5.5
  43.126909  5.5
  81.416994  5.5
  145.331087  5.5
  230.676295  5.5
  17.513178  4
  32.430282  4
  76.280894  4
  140.118250  4
  0.090018  4.5
  35.920298  4.5
  76.157092  4.5
  140.119129  4.5
  12.234175  3
  29.000345  3
  72.084242  3
  0.241094  3.5
  30.472255  3.5
  72.063363  3.5
  8.005886  2
  26.378913  2
  0.594944  2.5
  26.761822  2.5
  4.844087  1
  1.330070  1.5
