  51.083607  10
  51.376652  10
  117.411050  10
  136.834032  10
  184.047585  10
  240.740136  10
  310.189138  10
  391.655826  10
  485.011933  10
  590.186293  10
  0.000000  10.5
  91.181681  10.5
  95.506368  10.5
  142.976831  10.5
  183.391840  10.5
  240.772719  10.5
  310.188249  10.5
  391.655839  10.5
  485.011933  10.5
  590.186293  10.5
  45.367793  9
  45.934951  9
  100.881967  9
  124.389125  9
  170.864036  9
  228.284065  9
  297.995456  9
  379.631145  9
  473.099116  9
  0.000002  9.5
  78.850060  9.5
  85.465728  9.5
  127.596511  9.5
  170.618808  9.5
  228.292947  9.5
  297.995287  9.5
  379.631147  9.5
  473.099116  9.5
  39.533715  8
  40.588932  8
  85.976418  8
  113.160877  8
  159.421096  8
  217.288360  8
  287.194662  8
  368.953410  8
  0.000012  8.5
  66.595626  8.5
  75.988416  8.5
  114.620335  8.5
  159.343138  8.5
  217.290294  8.5
  287.194639  8.5
  368.953410  8.5
  33.541681  7
  35.403171  7
  73.032318  7
  103.249583  7
  149.558603  7
  207.704385  7
  277.749467  7
  0.000065  7.5
  54.832657  7.5
  67.235702  7.5
  103.812820  7.5
  149.538663  7.5
  207.704686  7.5
  277.749465  7.5
  27.407222  6
  30.467213  6
  62.264581  6
  94.712684  6
  141.166884  6
  199.487792  6
  0.000343  6.5
  44.002096  6.5
  59.365862  6.5
  94.888356  6.5
  141.163201  6.5
  199.487817  6.5
  21.280097  5
  25.893421  5
  53.702979  5
  87.566338  5
  134.169651  5
  0.001756  5.5
  34.481089  5.5
  52.521751  5.5
  87.606361  5.5
  134.169279  5.5
  15.470959  4
  21.809535  4
  47.176221  4
  81.794332  4
  0.008559  4.5
  26.556661  4.5
  46.820615  4.5
  81.799413  4.5
  10.358217  3
  18.349542  3
  42.407811  3
  0.038736  3.5
  20.430764  3.5
  42.346720  3.5
  6.249425  2
  15.650138  2
  0.156004  2.5
  16.210659  2.5
  3.296536  1
  0.530086  1.5
