  40.769627  10
  40.770041  10
  107.332024  10
  107.716718  10
  146.303820  10
  158.941720  10
  186.232529  10
  217.607708  10
  254.595525  10
  296.702821  10
  0.000000  10.5
  76.710223  10.5
  76.729364  10.5
  130.756897  10.5
  134.241819  10.5
  162.163731  10.5
  185.882457  10.5
  217.625846  10.5
  254.595056  10.5
  296.702826  10.5
  36.451130  9
  36.452817  9
  93.839436  9
  94.888514  9
  124.797881  9
  141.612177  9
  168.819142  9
  200.986425  9
  238.366551  9
  0.000000  9.5
  68.017765  9.5
  68.083789  9.5
  111.697309  9.5
  118.200274  9.5
  142.706218  9.5
  168.745605  9.5
  200.988704  9.5
  238.366524  9.5
  32.129024  8
  32.135664  8
  79.910462  8
  82.389037  8
  106.156852  8
  126.237701  8
  153.780438  8
  186.419971  8
  0.000000  8.5
  59.255174  8.5
  59.468390  8.5
  93.171384  8.5
  103.311654  8.5
  126.511134  8.5
  153.769842  8.5
  186.420120  8.5
  27.797256  7
  27.822303  7
  65.693959  7
  70.526313  7
  90.864324  7
  112.939084  7
  140.864136  7
  0.000000  7.5
  50.327040  7.5
  50.953179  7.5
  76.311977  7.5
  89.971376  7.5
  112.985444  7.5
  140.863339  7.5
  23.437378  6
  23.526419  6
  51.961103  6
  59.686433  6
  78.650748  6
  101.696272  6
  0.000000  6.5
  41.101890  6.5
  42.691432  6.5
  62.061204  6.5
  78.464858  6.5
  101.700380  6.5
  18.999952  5
  19.289519  5
  39.736601  5
  50.250299  5
  68.935317  5
  0.000001  5.5
  31.669906  5.5
  34.945350  5.5
  50.899044  5.5
  68.915231  5.5
  14.399656  4
  15.213836  4
  29.850895  4
  42.502604  4
  0.000021  4.5
  22.687171  4.5
  28.060824  4.5
  42.593251  4.5
  9.681744  3
  11.494055  3
  22.748069  3
  0.000400  3.5
  15.061380  3.5
  22.392794  3.5
  5.375671  2
  8.406252  2
  0.006765  2.5
  9.462295  2.5
  2.240765  1
  0.084333  1.5
