  70.942336  10
  82.418811  10
  171.867861  10
  271.633780  10
  411.671685  10
  587.287899  10
  798.370328  10
  1044.799821  10
  1326.525594  10
  1643.522090  10
  0.002760  10.5
  115.424825  10.5
  165.614594  10.5
  272.001502  10.5
  411.662130  10.5
  587.288032  10.5
  798.370327  10.5
  1044.799821  10.5
  1326.525594  10.5
  1643.522090  10.5
  61.239480  9
  75.379775  9
  159.024335  9
  260.833836  9
  401.079488  9
  576.851014  9
  788.020553  9
  1034.504735  9
  1316.267094  9
  0.006604  9.5
  100.795015  9.5
  155.227954  9.5
  261.005570  9.5
  401.076058  9.5
  576.851049  9.5
  788.020552  9.5
  1034.504735  9.5
  1316.267094  9.5
  51.822308  8
  68.773631  8
  147.977080  8
  251.236388  8
  391.663955  8
  567.552665  8
  778.788798  8
  1025.314813  8
  0.015573  8.5
  87.581953  8.5
  145.841509  8.5
  251.308598  8.5
  391.662896  8.5
  567.552672  8.5
  778.788798  8.5
  1025.314813  8.5
  42.878066  7
  62.664307  7
  138.591936  7
  242.826506  7
  383.403601  7
  559.379463  7
  770.665507  7
  0.036060  7.5
  75.892954  7.5
  137.499147  7.5
  242.852948  7.5
  383.403336  7.5
  559.379464  7.5
  770.665507  7.5
  34.588583  6
  57.116481  6
  130.729370  6
  235.586520  6
  376.280154  6
  552.319645  6
  0.081566  6.5
  65.812481  6.5
  130.235343  6.5
  235.594495  6.5
  376.280106  6.5
  552.319645  6.5
  27.110752  5
  52.195625  5
  124.262449  5
  229.497948  5
  370.278163  5
  0.179035  5.5
  57.398864  5.5
  124.074888  5.5
  229.499727  5.5
  370.278159  5.5
  20.563520  4
  47.969306  4
  119.087187  4
  224.543121  4
  0.378248  4.5
  50.677006  4.5
  119.033125  4.5
  224.543344  4.5
  15.020573  3
  44.510073  3
  115.125895  3
  0.762409  3.5
  45.628745  3.5
  115.116829  3.5
  10.506353  2
  41.900003  2
  1.454317  2.5
  42.186333  2.5
  6.993777  1
  2.610924  1.5
