  72.961322  10
  87.344522  10
  183.251793  10
  295.698834  10
  451.808476  10
  647.514140  10
  882.678156  10
  1157.191254  10
  1471.006185  10
  1824.099168  10
  0.005003  10.5
  119.348197  10.5
  177.885159  10.5
  295.975985  10.5
  451.802072  10.5
  647.514219  10.5
  882.678155  10.5
  1157.191254  10.5
  1471.006185  10.5
  1824.099168  10.5
  62.895498  9
  80.178326  9
  170.748169  9
  285.008001  9
  441.322439  9
  637.169375  9
  872.413187  9
  1146.976395  9
  1460.824854  9
  0.011324  9.5
  104.727823  9.5
  167.512344  9.5
  285.137170  9.5
  441.320143  9.5
  637.169396  9.5
  872.413187  9.5
  1146.976395  9.5
  1460.824854  9.5
  53.204147  8
  73.473221  8
  159.966067  8
  275.504740  8
  431.994431  8
  627.948920  8
  863.254083  8
  1137.855836  8
  0.025266  8.5
  91.570475  8.5
  158.155405  8.5
  275.558971  8.5
  431.993722  8.5
  627.948924  8.5
  863.254083  8.5
  1137.855836  8.5
  44.063545  7
  67.289593  7
  150.774478  7
  267.173629  7
  423.805722  7
  619.840913  7
  855.192371  7
  0.055359  7.5
  79.967183  7.5
  149.851498  7.5
  267.193465  7.5
  423.805544  7.5
  619.840913  7.5
  855.192371  7.5
  35.636866  6
  61.688394  6
  143.045421  6
  259.997587  6
  416.740267  6
  612.834927  6
  0.118536  6.5
  69.987853  6.5
  142.629275  6.5
  260.003565  6.5
  416.740235  6.5
  612.834927  6.5
  28.059953  5
  56.731569  5
  136.666523  5
  253.959400  5
  410.784434  5
  0.246538  5.5
  61.677137  5.5
  136.508814  5.5
  253.960732  5.5
  410.784431  5.5
  21.432325  4
  52.483592  4
  131.547410  4
  249.042972  4
  0.494520  4.5
  55.047253  4.5
  131.502005  4.5
  249.043139  4.5
  15.812125  3
  49.014323  3
  127.621073  3
  0.949554  3.5
  50.069966  3.5
  127.613465  3.5
  11.213231  2
  46.403115  2
  1.734020  2.5
  46.672635  2.5
  7.603573  1
  2.998727  1.5
