  62.383638  10
  65.901892  10
  137.669275  10
  194.635471  10
  282.490415  10
  392.678638  10
  525.426951  10
  680.538456  10
  857.940457  10
  1057.596308  10
  0.000138  10.5
  102.888259  10.5
  126.171597  10.5
  195.876373  10.5
  282.435803  10.5
  392.679896  10.5
  525.426934  10.5
  680.538456  10.5
  857.940457  10.5
  1057.596308  10.5
  54.457266  9
  59.471069  9
  123.095554  9
  183.246542  9
  271.251163  9
  381.692237  9
  514.573046  9
  669.767663  9
  847.225177  9
  0.000437  9.5
  88.531181  9.5
  115.785463  9.5
  183.836195  9.5
  271.231431  9.5
  381.692575  9.5
  514.573043  9.5
  669.767663  9.5
  847.225177  9.5
  46.467007  8
  53.334299  8
  110.561843  8
  173.120644  8
  261.308188  8
  371.930346  8
  504.910284  8
  660.167101  8
  0.001366  8.5
  75.262018  8.5
  106.288998  8.5
  173.371639  8.5
  261.302063  8.5
  371.930419  8.5
  504.910284  8.5
  660.167101  8.5
  38.566235  7
  47.568998  7
  100.017063  7
  164.257202  7
  252.619350  7
  363.370095  7
  496.422346  7
  0.004199  7.5
  63.296005  7.5
  97.765829  7.5
  164.349899  7.5
  252.617809  7.5
  363.370106  7.5
  496.422346  7.5
  30.975390  6
  42.257915  6
  91.325543  6
  156.643158  6
  245.150850  6
  355.991395  6
  0.012597  6.5
  52.807309  6.5
  90.286734  6.5
  156.671278  6.5
  245.150569  6.5
  355.991396  6.5
  23.942087  5
  37.486350  5
  84.307262  5
  150.257473  5
  238.875226  5
  0.036580  5.5
  43.931678  5.5
  83.907530  5.5
  150.263771  5.5
  238.875197  5.5
  17.693194  4
  33.340714  4
  78.783985  4
  145.075638  4
  0.101565  4.5
  36.764833  4.5
  78.667792  4.5
  145.076430  4.5
  12.399244  3
  29.909868  3
  74.610345  3
  0.265238  3.5
  31.351274  3.5
  74.590761  3.5
  8.155455  2
  27.290521  2
  0.639600  2.5
  27.664919  2.5
  4.972889  1
  1.402161  1.5
