  38.001140  10
  38.001140  10
  102.002380  10
  102.002380  10
  150.000999  10
  150.001000  10
  181.987245  10
  181.990860  10
  197.254929  10
  198.843370  10
  0.000000  10.5
  72.001966  10.5
  72.001966  10.5
  128.002194  10.5
  128.002194  10.5
  167.997740  10.5
  167.997775  10.5
  191.881497  10.5
  192.034066  10.5
  200.165405  10.5
  34.001010  9
  34.001010  9
  90.001934  9
  90.001934  9
  129.999576  9
  129.999590  9
  153.923480  9
  154.023435  9
  162.110337  9
  -0.000000  9.5
  64.001696  9.5
  64.001696  9.5
  112.001456  9.5
  112.001456  9.5
  143.993145  9.5
  143.995023  9.5
  159.390549  9.5
  160.676708  9.5
  30.000880  8
  30.000880  8
  78.001456  8
  78.001456  8
  109.996908  8
  109.997804  8
  125.514636  8
  126.529758  8
  -0.000000  8.5
  56.001421  8.5
  56.001421  8.5
  96.000560  8.5
  96.000565  8.5
  119.953525  8.5
  120.015550  8.5
  128.070223  8.5
  26.000749  7
  26.000749  7
  66.000914  7
  66.000916  7
  89.973956  7
  90.009871  7
  98.042190  7
  0.000000  7.5
  48.001136  7.5
  48.001136  7.5
  79.999087  7.5
  79.999470  7.5
  95.626227  7.5
  96.401841  7.5
  22.000616  6
  22.000616  6
  54.000146  6
  54.000285  6
  69.724501  6
  70.292332  6
  0.000000  6.5
  40.000832  6.5
  40.000832  6.5
  63.986954  6.5
  64.005920  6.5
  72.023575  6.5
  18.000480  5
  18.000480  5
  41.994490  5
  42.003279  5
  50.011991  5
  0.000000  5.5
  32.000460  5.5
  32.000500  5.5
  47.808772  5.5
  48.200669  5.5
  14.000332  4
  14.000340  4
  29.878478  4
  30.126354  4
  0.000000  4.5
  23.998275  4.5
  24.001599  4.5
  32.005375  4.5
  9.999731  3
  10.000589  3
  18.002016  3
  0.000000  3.5
  15.933187  3.5
  16.068957  3.5
  5.972638  2
  6.028066  2
  0.000000  2.5
  8.000576  2.5
  2.000096  1
  0.000032  1.5
