  191.859864  10
  656.873290  10
  1734.854338  10
  3348.711637  10
  5501.639480  10
  8193.138465  10
  11423.080014  10
  15191.415603  10
  19498.123603  10
  24343.193182  10
  16.391962  10.5
  667.923281  10.5
  1734.748776  10.5
  3348.711986  10.5
  5501.639479  10.5
  8193.138465  10.5
  11423.080014  10.5
  15191.415603  10.5
  19498.123603  10.5
  24343.193182  10.5
  175.293562  9
  647.537655  9
  1724.836053  9
  3338.941735  9
  5491.961069  9
  8183.506090  9
  11413.474021  9
  15181.826125  9
  19488.545147  9
  19.203220  9.5
  655.618660  9.5
  1724.774418  9.5
  3338.941897  9.5
  5491.961069  9.5
  8183.506090  9.5
  11413.474021  9.5
  15181.826125  9.5
  19488.545147  9.5
  159.683535  8
  639.066873  8
  1715.888609  8
  3330.205816  8
  5483.304886  8
  8174.889977  8
  11404.880858  8
  15173.247327  8
  22.413763  8.5
  644.751726  8.5
  1715.854963  8.5
  3330.205883  8.5
  5483.304886  8.5
  8174.889977  8.5
  11404.880858  8.5
  15173.247327  8.5
  145.018947  7
  631.485478  7
  1708.006039  7
  3322.502027  7
  5475.669781  7
  8167.289349  7
  11397.299969  7
  26.063022  7.5
  635.292028  7.5
  1707.989203  7.5
  3322.502051  7.5
  5475.669781  7.5
  8167.289349  7.5
  11397.299969  7.5
  131.285885  6
  624.819201  6
  1701.183345  6
  3315.828728  6
  5469.054739  6
  8160.703522  6
  30.191342  6.5
  627.207350  6.5
  1701.175858  6.5
  3315.828736  6.5
  5469.054739  6.5
  8160.703522  6.5
  118.467381  5
  619.095021  5
  1695.416430  5
  3310.184499  5
  5463.458882  5
  34.839578  5.5
  620.464070  5.5
  1695.413621  5.5
  3310.184501  5.5
  5463.458882  5.5
  106.543455  4
  614.341191  4
  1690.702026  4
  3305.568136  4
  40.048683  4.5
  615.027517  4.5
  1690.701223  4.5
  3305.568137  4.5
  95.491183  3
  610.587245  3
  1687.037618  3
  45.859288  3.5
  610.862336  3.5
  1687.037484  3.5
  85.284795  2
  607.863968  2
  52.311297  2.5
  607.932841  2.5
  75.895801  1
  59.443489  1.5
