  137.363497  10
  360.788938  10
  917.343512  10
  1745.767823  10
  2851.650575  10
  4234.368333  10
  5893.783793  10
  7829.844674  10
  10042.527631  10
  12531.820953  10
  4.332913  10.5
  375.865003  10.5
  917.055765  10.5
  1745.769689  10.5
  2851.650569  10.5
  4234.368333  10.5
  5893.783793  10.5
  7829.844674  10.5
  10042.527631  10.5
  12531.820953  10.5
  122.837129  9
  351.877570  9
  907.189801  9
  1735.929350  9
  2841.915226  9
  4224.685237  9
  5884.130693  9
  7820.210375  9
  10032.905887  9
  5.506043  9.5
  362.959613  9.5
  907.021617  9.5
  1735.930212  9.5
  2841.915224  9.5
  4224.685237  9.5
  5884.130693  9.5
  7820.210375  9.5
  10032.905887  9.5
  109.284370  8
  343.755338  8
  898.141562  8
  1727.137353  8
  2833.211419  8
  4216.025978  8
  5875.496991  8
  7811.592684  8
  6.951193  8.5
  351.587724  8.5
  898.049669  8.5
  1727.137712  8.5
  2833.211419  8.5
  4216.025978  8.5
  5875.496991  8.5
  7811.592684  8.5
  96.704563  7
  336.451715  7
  890.185094  7
  1719.388245  7
  2825.536894  7
  4208.389034  7
  5867.881593  7
  8.715861  7.5
  341.718015  7.5
  890.139080  7.5
  1719.388376  7.5
  2825.536894  7.5
  4208.389034  7.5
  5867.881593  7.5
  85.091051  6
  329.998063  6
  883.309042  6
  1712.678842  6
  2818.889660  6
  4201.773062  6
  10.851323  6.5
  333.313983  6.5
  883.288566  6.5
  1712.678881  6.5
  2818.889660  6.5
  4201.773062  6.5
  74.431139  5
  324.427858  5
  877.504204  5
  1707.006369  5
  2813.267991  5
  13.411867  5.5
  326.334605  5.5
  877.496518  5.5
  1707.006378  5.5
  2813.267991  5.5
  64.706094  4
  319.776881  4
  872.763340  4
  1702.368473  4
  16.453843  4.5
  320.735166  4.5
  872.761143  4.5
  1702.368474  4.5
  55.891201  3
  316.083351  3
  869.080970  3
  20.034597  3.5
  316.468199  3.5
  869.080604  3.5
  47.955897  2
  313.387990  2
  24.211329  2.5
  313.484477  2.5
  40.864005  1
  29.039964  1.5
