  596.227570  10
  3341.044973  10
  9183.022858  10
  17947.591513  10
  29634.674288  10
  44243.845160  10
  61774.983318  10
  82228.043413  10
  105603.005275  10
  131899.858817  10
  208.981863  10.5
  3345.880457  10.5
  9183.014540  10.5
  17947.591518  10.5
  29634.674288  10.5
  44243.845160  10.5
  61774.983318  10.5
  82228.043413  10.5
  105603.005275  10.5
  131899.858817  10.5
  569.374648  9
  3330.987037  9
  9173.106983  9
  17937.880379  9
  29625.044585  9
  44234.256220  9
  61765.417686  9
  82218.492353  9
  105593.463932  9
  221.682517  9.5
  3334.507337  9.5
  9173.102130  9.5
  17937.880382  9.5
  29625.044585  9.5
  44234.256220  9.5
  61765.417686  9.5
  82218.492353  9.5
  105593.463932  9.5
  543.387076  8
  3321.929774  8
  9164.237238  8
  17929.192493  8
  29616.429165  8
  44225.677068  8
  61756.859269  8
  82209.946899  8
  234.988438  8.5
  3324.396230  8.5
  9164.234590  8.5
  17929.192494  8.5
  29616.429165  8.5
  44225.677068  8.5
  61756.859269  8.5
  82209.946899  8.5
  518.254016  7
  3313.886263  7
  9156.412796  7
  17921.527513  7
  29608.827818  7
  44218.107562  7
  61749.307965  7
  248.916739  7.5
  3315.531889  7.5
  9156.411472  7.5
  17921.527513  7.5
  29608.827818  7.5
  44218.107562  7.5
  61749.307965  7.5
  493.964120  6
  3306.869810  6
  9149.632950  6
  17914.885138  6
  29602.240360  6
  44211.547577  6
  263.484354  6.5
  3307.899042  6.5
  9149.632362  6.5
  17914.885139  6.5
  29602.240360  6.5
  44211.547577  6.5
  470.505543  5
  3300.893938  5
  9143.897105  5
  17909.265109  5
  29596.666628  5
  278.708016  5.5
  3301.482418  5.5
  9143.896884  5.5
  17909.265109  5.5
  29596.666628  5.5
  447.865952  4
  3295.972387  4
  9139.204771  4
  17904.667203  4
  294.604219  4.5
  3296.266768  4.5
  9139.204708  4.5
  17904.667203  4.5
  426.032541  3
  3292.119098  3
  9135.555560  3
  311.189194  3.5
  3292.236894  3.5
  9135.555550  3.5
  404.992048  2
  3289.348210  2
  328.478884  2.5
  3289.377668  2.5
  384.730767  1
  346.488914  1.5
