  55.772340  10
  56.772712  10
  123.391891  10
  156.545690  10
  217.748948  10
  293.785720  10
  385.876014  10
  493.648859  10
  617.003314  10
  755.887458  10
  0.000007  10.5
  95.994497  10.5
  106.256522  10.5
  159.710042  10.5
  217.527223  10.5
  293.793494  10.5
  385.875861  10.5
  493.648860  10.5
  617.003314  10.5
  755.887458  10.5
  49.220159  9
  50.890300  9
  107.497555  9
  144.569976  9
  205.642798  9
  282.106439  9
  374.389841  9
  482.284396  9
  605.719883  9
  0.000029  9.5
  82.470492  9.5
  95.995423  9.5
  146.129018  9.5
  205.561655  9.5
  282.108537  9.5
  374.389812  9.5
  482.284396  9.5
  605.719883  9.5
  42.509844  8
  45.183385  8
  93.553309  8
  133.867787  8
  195.014231  8
  271.762283  8
  364.188635  8
  472.172895  8
  0.000120  8.5
  69.534487  8.5
  86.468069  8.5
  134.548084  8.5
  194.988813  8.5
  271.762737  8.5
  364.188631  8.5
  472.172895  8.5
  35.670739  7
  39.729277  7
  81.709427  7
  124.478833  7
  185.779434  7
  262.717908  7
  355.246772  7
  0.000490  7.5
  57.543312  7.5
  77.801626  7.5
  124.734249  7.5
  185.772997  7.5
  262.717978  7.5
  355.246772  7.5
  28.834726  6
  34.620660  6
  71.979024  6
  116.414568  6
  177.876794  6
  254.942012  6
  0.001964  6.5
  46.802519  6.5
  70.111388  6.5
  116.492882  6.5
  177.875613  6.5
  254.942018  6.5
  22.249883  5
  29.960947  5
  64.230612  5
  109.663803  5
  171.259682  5
  0.007616  5.5
  37.553663  5.5
  63.494788  5.5
  109.681463  5.5
  171.259563  5.5
  16.226880  4
  25.858717  4
  58.243795  4
  104.200801  4
  0.028165  4.5
  29.977885  4.5
  58.026846  4.5
  104.203030  4.5
  11.051331  3
  22.424357  3
  53.794270  3
  0.097109  3.5
  24.194737  3.5
  53.757412  3.5
  6.917762  2
  19.772836  2
  0.302577  2.5
  20.240887  2.5
  3.898486  1
  0.824920  1.5
