  50.020412  10
  50.228340  10
  116.394769  10
  133.008615  10
  177.570138  10
  230.180566  10
  294.960456  10
  371.011359  10
  458.199116  10
  556.446211  10
  0.000000  10.5
  89.983701  10.5
  93.334459  10.5
  140.139751  10.5
  176.715911  10.5
  230.227071  10.5
  294.959075  10.5
  371.011382  10.5
  458.199116  10.5
  556.446211  10.5
  44.474392  9
  44.893340  9
  99.796626  9
  120.456326  9
  164.034801  9
  217.490896  9
  282.553449  9
  358.788532  9
  446.097907  9
  0.000001  9.5
  78.005871  9.5
  83.368145  9.5
  124.253372  9.5
  163.712659  9.5
  217.503618  9.5
  282.553187  9.5
  358.788535  9.5
  446.097907  9.5
  38.825548  8
  39.637707  8
  84.701705  8
  109.093050  8
  152.333805  8
  206.299076  8
  271.572527  8
  347.941262  8
  0.000006  8.5
  65.990741  8.5
  73.917389  8.5
  110.847464  8.5
  152.230828  8.5
  206.301853  8.5
  271.572491  8.5
  347.941262  8.5
  33.027304  7
  34.521195  7
  71.497682  7
  99.038398  7
  142.277520  7
  196.552970  7
  261.976569  7
  0.000037  7.5
  54.335569  7.5
  65.150157  7.5
  99.722507  7.5
  142.251084  7.5
  196.553403  7.5
  261.976566  7.5
  27.071371  6
  29.630439  6
  60.453877  6
  90.366184  6
  133.737376  6
  188.204333  6
  0.000213  6.5
  43.507968  6.5
  57.235649  6.5
  90.580915  6.5
  133.732482  6.5
  188.204370  6.5
  21.073110  5
  25.078348  5
  51.655873  5
  83.103690  5
  126.625914  5
  0.001173  5.5
  33.926221  5.5
  50.329676  5.5
  83.152793  5.5
  126.625419  5.5
  15.326812  4
  20.996983  4
  44.964493  4
  77.239846  4
  0.006175  4.5
  25.912203  4.5
  44.562340  4.5
  77.246094  4.5
  10.228338  3
  17.527011  3
  40.098261  3
  0.030162  3.5
  19.693548  3.5
  40.028908  3.5
  6.117906  2
  14.811886  2
  0.130642  2.5
  15.398488  2.5
  3.173111  1
  0.472781  1.5
