  40.980219  10
  40.980790  10
  107.679251  10
  108.162578  10
  146.190828  10
  160.038447  10
  188.143449  10
  220.696694  10
  258.941420  10
  302.440897  10
  0.000000  10.5
  77.061233  10.5
  77.086500  10.5
  130.765000  10.5
  134.850013  10.5
  162.857683  10.5
  187.857305  10.5
  220.710790  10.5
  258.941072  10.5
  302.440900  10.5
  36.637115  9
  36.639356  9
  94.036862  9
  95.300834  9
  124.955550  9
  142.922384  9
  171.045834  9
  204.329165  9
  242.948440  9
  0.000000  9.5
  68.310667  9.5
  68.394672  9.5
  111.587475  9.5
  118.882661  9.5
  143.858747  9.5
  170.986300  9.5
  204.330928  9.5
  242.948419  9.5
  32.289770  8
  32.298283  8
  79.948876  8
  82.805693  8
  106.679145  8
  127.767202  8
  156.247953  8
  189.975448  8
  0.000000  8.5
  59.478827  8.5
  59.740091  8.5
  93.112889  8.5
  104.120257  8.5
  127.998054  8.5
  156.239426  8.5
  189.975563  8.5
  27.931101  7
  27.962083  7
  65.643900  7
  70.991049  7
  91.723303  7
  114.666819  7
  143.522829  7
  0.000000  7.5
  50.462922  7.5
  51.200612  7.5
  76.435603  7.5
  90.935248  7.5
  114.705654  7.5
  143.522190  7.5
  23.540236  6
  23.646441  6
  51.939503  6
  60.235728  6
  79.747360  6
  103.588426  6
  0.000000  6.5
  41.140859  6.5
  42.938508  6.5
  62.430887  6.5
  79.585140  6.5
  103.591852  6.5
  19.063954  5
  19.396764  5
  39.826575  5
  50.902380  5
  70.188540  5
  0.000001  5.5
  31.652104  5.5
  35.219846  5.5
  51.493109  5.5
  70.171114  5.5
  14.419096  4
  15.320136  4
  30.085472  4
  43.253955  4
  0.000027  4.5
  22.684858  4.5
  28.384335  4.5
  43.335808  4.5
  9.674953  3
  11.612863  3
  23.107231  3
  0.000497  3.5
  15.116272  3.5
  22.773054  3.5
  5.377740  2
  8.545649  2
  0.007831  2.5
  9.578743  2.5
  2.259702  1
  0.091294  1.5
