  45.539114  10
  45.569532  10
  112.817152  10
  119.108960  10
  155.378805  10
  190.805653  10
  237.063861  10
  291.651920  10
  354.456955  10
  425.353738  10
  0.000000  10.5
  84.191984  10.5
  84.927308  10.5
  132.244718  10.5
  152.488956  10.5
  191.064023  10.5
  237.052129  10.5
  291.652213  10.5
  354.456951  10.5
  425.353738  10.5
  40.634602  9
  40.711014  9
  96.616795  9
  106.165478  9
  139.416487  9
  176.700791  9
  223.340633  9
  278.217988  9
  341.209245  9
  0.000000  9.5
  73.907768  9.5
  75.424377  9.5
  114.017308  9.5
  138.242012  9.5
  176.773632  9.5
  223.338365  9.5
  278.218023  9.5
  341.209245  9.5
  35.691450  8
  35.876782  8
  81.064885  8
  94.179816  8
  125.969972  8
  164.310371  8
  211.256410  8
  266.338505  8
  0.000000  8.5
  63.325777  8.5
  66.197792  8.5
  98.216418  8.5
  125.576056  8.5
  164.326605  8.5
  211.256101  8.5
  266.338507  8.5
  30.670587  7
  31.099159  7
  66.825383  7
  83.381229  7
  114.656915  7
  153.572958  7
  200.741846  7
  0.000002  7.5
  52.546906  7.5
  57.421811  7.5
  85.089742  7.5
  114.552698  7.5
  153.575525  7.5
  200.741824  7.5
  25.513504  6
  26.439316  6
  54.456852  6
  73.953192  6
  105.187041  6
  144.419693  6
  0.000015  6.5
  41.968170  6.5
  49.307477  6.5
  74.518441  6.5
  105.167383  6.5
  144.419911  6.5
  20.187092  5
  21.998536  5
  44.358108  5
  66.011377  5
  97.374553  5
  0.000127  5.5
  32.177745  5.5
  42.077845  5.5
  66.144574  5.5
  97.372541  5.5
  14.819011  4
  17.920760  4
  36.668276  4
  59.597141  4
  0.001025  4.5
  23.724649  4.5
  35.939682  4.5
  59.614364  4.5
  9.803814  3
  14.380506  3
  31.188753  3
  0.007676  3.5
  17.011848  3.5
  31.059448  3.5
  5.647051  2
  11.563179  2
  0.050317  2.5
  12.297180  2.5
  2.693570  1
  0.262203  1.5
