  41.802614  10
  41.804261  10
  108.930449  10
  109.942678  10
  146.297479  10
  164.673769  10
  196.032386  10
  232.911382  10
  275.860911  10
  324.583338  10
  0.000000  10.5
  78.418195  10.5
  78.481223  10.5
  130.733379  10.5
  137.418205  10.5
  166.380718  10.5
  195.893243  10.5
  232.917171  10.5
  275.860789  10.5
  324.583339  10.5
  37.362614  9
  37.368357  9
  94.691014  9
  96.984912  9
  126.174055  9
  148.311119  9
  179.927248  9
  217.368944  9
  260.636319  9
  0.000000  9.5
  69.430025  9.5
  69.615358  9.5
  111.329301  9.5
  121.763719  9.5
  148.843434  9.5
  179.899069  9.5
  217.369657  9.5
  260.636312  9.5
  32.915180  8
  32.934553  8
  80.058933  8
  84.535451  8
  109.194368  8
  133.896366  8
  165.903108  8
  203.707966  8
  0.000000  8.5
  60.311822  8.5
  60.819788  8.5
  93.191384  8.5
  107.470664  8.5
  134.022706  8.5
  165.899142  8.5
  203.708012  8.5
  28.448509  7
  28.511072  7
  65.536230  7
  72.914367  7
  95.329678  7
  121.449459  7
  153.798867  7
  0.000000  7.5
  50.944672  7.5
  52.200960  7.5
  77.239077  7.5
  94.827552  7.5
  121.470242  7.5
  153.798573  7.5
  23.931917  6
  24.121961  6
  52.006144  6
  62.464914  6
  84.103044  6
  110.908261  6
  0.000000  6.5
  41.275269  6.5
  43.948211  6.5
  64.107947  6.5
  84.002939  6.5
  110.910070  6.5
  19.300696  5
  19.826945  5
  40.316456  5
  53.484944  5
  75.045946  5
  0.000005  5.5
  31.622807  5.5
  36.332934  5.5
  53.907362  5.5
  75.035374  5.5
  14.491083  4
  15.748246  4
  31.082179  4
  46.167794  4
  0.000071  4.5
  22.734822  4.5
  29.668290  4.5
  46.224915  4.5
  9.662736  3
  12.084115  3
  24.517226  3
  0.001024  3.5
  15.368882  3.5
  24.248269  3.5
  5.398923  2
  9.085270  2
  0.012744  2.5
  10.040848  2.5
  2.334540  1
  0.119239  1.5
