  69.121892  10
  78.335186  10
  162.750396  10
  251.983724  10
  378.836665  10
  537.962767  10
  729.284387  10
  952.671548  10
  1208.069816  10
  1495.451799  10
  0.001558  10.5
  112.237293  10.5
  155.584452  10.5
  252.459562  10.5
  378.822886  10.5
  537.962980  10.5
  729.284385  10.5
  952.671548  10.5
  1208.069816  10.5
  1495.451799  10.5
  59.770284  9
  71.416359  9
  149.571510  9
  241.075510  9
  368.135684  9
  527.431986  9
  718.848261  9
  942.294833  9
  1197.732839  9
  0.003932  9.5
  97.618017  9.5
  145.188642  9.5
  241.298255  9.5
  368.130734  9.5
  527.432043  9.5
  718.848261  9.5
  942.294833  9.5
  1197.732839  9.5
  50.621924  8
  64.903310  8
  138.255786  8
  231.383609  8
  358.630719  8
  518.054299  8
  709.542576  8
  933.034370  8
  0.009781  8.5
  84.365480  8.5
  135.775937  8.5
  231.477427  8.5
  358.629189  8.5
  518.054311  8.5
  709.542576  8.5
  933.034370  8.5
  41.869642  7
  58.863225  7
  128.671500  7
  222.894182  7
  350.297301  7
  509.814740  7
  701.356655  7
  0.023893  7.5
  72.604002  7.5
  127.397127  7.5
  222.928577  7.5
  350.296917  7.5
  509.814742  7.5
  701.356655  7.5
  33.710992  6
  53.364424  6
  120.670578  6
  215.589354  6
  343.114793  6
  502.700165  6
  0.057000  6.5
  62.432784  6.5
  120.092757  6.5
  215.599736  6.5
  343.114723  6.5
  502.700165  6.5
  26.323060  5
  48.475954  5
  114.112419  5
  209.449585  5
  337.065842  5
  0.131852  5.5
  53.923707  5.5
  113.892614  5.5
  209.451903  5.5
  337.065835  5.5
  19.844488  4
  44.268567  4
  108.879222  4
  204.455718  4
  0.293069  4.5
  47.114372  4.5
  108.815784  4.5
  204.456009  4.5
  14.365144  3
  40.817550  3
  104.882097  3
  0.619559  3.5
  41.997212  3.5
  104.871451  3.5
  9.920717  2
  38.207618  2
  1.233626  2.5
  38.510328  2.5
  6.489710  1
  2.297519  1.5
