  49.141826  10
  49.294512  10
  115.625984  10
  130.007570  10
  172.540956  10
  221.817651  10
  282.836493  10
  354.527566  10
  436.752801  10
  529.428526  10
  0.000000  10.5
  88.947864  10.5
  91.598625  10.5
  138.067558  10.5
  171.471063  10.5
  221.880800  10.5
  282.834476  10.5
  354.527602  10.5
  436.752801  10.5
  529.428526  10.5
  43.730701  9
  44.049598  9
  99.004143  9
  117.368267  9
  158.667911  9
  208.912107  9
  270.231795  9
  342.121526  9
  424.477604  9
  0.000001  9.5
  77.282544  9.5
  81.702586  9.5
  121.739479  9.5
  158.260939  9.5
  208.929446  9.5
  270.231410  9.5
  342.121530  9.5
  424.477604  9.5
  38.230064  8
  38.871337  8
  83.767578  8
  105.889047  8
  146.721889  8
  197.538818  8
  259.084236  8
  331.117662  8
  0.000004  8.5
  65.494250  8.5
  72.279855  8.5
  107.939348  8.5
  146.591060  8.5
  197.542613  8.5
  259.084184  8.5
  331.117662  8.5
  32.590426  7
  33.814947  7
  70.349046  7
  95.707370  7
  136.483820  7
  187.642750  7
  249.348998  7
  0.000023  7.5
  53.951374  7.5
  63.503078  7.5
  96.515236  7.5
  136.450111  7.5
  187.643343  7.5
  249.348994  7.5
  26.786468  6
  28.963843  6
  59.065415  6
  86.912876  6
  127.805645  6
  179.172115  6
  0.000138  6.5
  43.137237  6.5
  55.550606  6.5
  87.168085  6.5
  127.799390  6.5
  179.172164  6.5
  20.903117  5
  24.430687  5
  50.053743  5
  79.544154  5
  120.588475  5
  0.000818  5.5
  33.506665  5.5
  48.589836  5.5
  79.602731  5.5
  120.587841  5.5
  15.214798  4
  20.350916  4
  43.209811  4
  73.595805  4
  0.004612  4.5
  25.414871  4.5
  42.762747  4.5
  73.603273  4.5
  10.128847  3
  16.871137  3
  38.252375  3
  0.024126  3.5
  19.113876  3.5
  38.174986  3.5
  6.014678  2
  14.141114  2
  0.111610  2.5
  14.751269  2.5
  3.074162  1
  0.427705  1.5
