  107.271030  10
  215.953628  10
  520.862998  10
  967.430953  10
  1564.616818  10
  2311.506234  10
  3207.948098  10
  4253.883359  10
  5449.285590  10
  6794.141517  10
  0.928085  10.5
  235.701857  10.5
  520.134345  10.5
  967.439813  10.5
  1564.616767  10.5
  2311.506235  10.5
  3207.948098  10.5
  4253.883359  10.5
  5449.285590  10.5
  6794.141517  10.5
  94.121323  9
  207.507506  9
  510.441622  9
  957.471806  9
  1554.780680  9
  2301.733499  9
  3198.211820  9
  4244.169959  9
  5439.587483  9
  1.322814  9.5
  222.145669  9.5
  510.014787  9.5
  957.475901  9.5
  1554.780662  9.5
  2301.733499  9.5
  3198.211820  9.5
  4244.169959  9.5
  5439.587483  9.5
  81.912721  8
  199.769419  8
  501.197048  8
  948.580923  8
  1545.992649  8
  2292.998034  8
  3189.506566  8
  4235.483655  8
  1.866642  8.5
  210.195793  8.5
  500.963402  8.5
  948.582631  8.5
  1545.992644  8.5
  2292.998034  8.5
  3189.506566  8.5
  4235.483655  8.5
  70.669094  7
  192.773855  7
  493.099024  7
  940.751819  7
  1538.248467  7
  2285.296982  7
  3181.830285  7
  2.605336  7.5
  199.833971  7.5
  492.981853  7.5
  940.752440  7.5
  1538.248466  7.5
  2285.296982  7.5
  3181.830285  7.5
  60.403533  6
  186.557574  6
  486.122601  6
  933.978662  6
  1531.544388  6
  2278.627823  6
  3.593523  6.5
  191.030865  6.5
  486.070397  6.5
  933.978848  6.5
  1531.544387  6.5
  2278.627823  6.5
  51.118096  5
  181.160194  5
  480.247744  5
  928.256326  5
  1525.877172  5
  4.894275  5.5
  183.746309  5.5
  480.228128  5.5
  928.256368  5.5
  1525.877172  5.5
  42.803627  4
  176.624797  4
  475.458873  4
  923.580433  4
  6.577926  4.5
  177.930282  4.5
  475.453260  4.5
  923.580438  4.5
  35.439654  3
  172.998485  3
  471.744385  3
  8.720125  3.5
  173.524583  3.5
  471.743449  3.5
  28.994447  2
  170.332820  2
  11.399310  2.5
  170.465046  2.5
  23.425309  1
  14.693853  1.5
