  114144.132613  10
  997059.485912  10
  2769505.903004  10
  5428180.527946  10
  8973081.000135  10
  13404206.902888  10
  18721558.117151  10
  24925134.598279  10
  32014936.326429  10
  39990963.291681  10
  107487.172074  10.5
  997059.764764  10.5
  2769505.903003  10.5
  5428180.527946  10.5
  8973081.000135  10.5
  13404206.902888  10.5
  18721558.117151  10.5
  24925134.598279  10.5
  32014936.326429  10.5
  39990963.291681  10.5
  113804.135668  9
  997048.836342  9
  2769496.007111  9
  5428170.829986  9
  8973071.381349  9
  13404197.323689  9
  18721548.560574  9
  24925125.055840  9
  32014926.793415  9
  107812.919347  9.5
  997049.039144  9.5
  2769496.007110  9.5
  5428170.829986  9.5
  8973071.381349  9.5
  13404197.323689  9.5
  18721548.560574  9.5
  24925125.055840  9.5
  32014926.793415  9.5
  113464.896278  8
  997039.304189  8
  2769487.152896  8
  5428162.152867  8
  8973062.775069  8
  13404188.752829  8
  18721540.009952  8
  24925116.517868  8
  108139.408965  8.5
  997039.446150  8.5
  2769487.152896  8.5
  5428162.152867  8.5
  8973062.775069  8.5
  13404188.752829  8.5
  18721540.009952  8.5
  24925116.517868  8.5
  113126.413609  7
  997030.890294  7
  2769479.340359  7
  5428154.496588  7
  8973055.181294  7
  13404181.190305  7
  18721532.465288  7
  108466.641785  7.5
  997030.984935  7.5
  2769479.340359  7.5
  5428154.496588  7.5
  8973055.181294  7.5
  13404181.190305  7.5
  18721532.465288  7.5
  112788.686825  6
  997023.595499  6
  2769472.569497  6
  5428147.861148  6
  8973048.600024  6
  13404174.636120  6
  108794.618661  6.5
  997023.654650  6.5
  2769472.569497  6.5
  5428147.861148  6.5
  8973048.600024  6.5
  13404174.636120  6.5
  112451.715091  5
  997017.420645  5
  2769466.840309  5
  5428142.246547  5
  8973043.031257  5
  109123.340446  5.5
  997017.454445  5.5
  2769466.840309  5.5
  5428142.246547  5.5
  8973043.031257  5.5
  112115.497567  4
  997012.366575  4
  2769462.152793  4
  5428137.652784  4
  109452.807991  4.5
  997012.383475  4.5
  2769462.152793  4.5
  5428137.652784  4.5
  111780.033415  3
  997008.434131  3
  2769458.506949  3
  109783.022148  3.5
  997008.440892  3.5
  2769458.506949  3.5
  111445.321794  2
  997005.624158  2
  110113.983766  2.5
  997005.625848  2.5
  111111.361863  1
  110445.693694  1.5
