  43.706077  10
  43.715474  10
  111.207450  10
  114.366181  10
  149.438757  10
  177.104691  10
  216.059471  10
  262.127385  10
  315.316914  10
  375.456040  10
  0.000000  10.5
  81.452462  10.5
  81.729734  10.5
  130.981988  10.5
  144.449979  10.5
  177.711553  10.5
  216.024524  10.5
  262.128469  10.5
  315.316897  10.5
  375.456040  10.5
  39.035397  9
  39.062349  9
  95.745706  9
  101.348710  9
  131.725104  9
  162.081919  9
  201.433539  9
  247.878105  9
  301.302049  9
  0.000000  9.5
  71.844597  9.5
  72.507020  9.5
  111.928861  9.5
  129.545083  9.5
  162.258233  9.5
  201.426683  9.5
  247.878236  9.5
  301.302048  9.5
  34.344871  8
  34.419594  8
  80.379573  8
  89.108304  8
  116.945532  8
  148.893132  8
  188.603235  8
  235.307508  8
  0.000000  8.5
  61.991602  8.5
  63.453690  8.5
  94.938354  8.5
  116.177657  8.5
  148.933201  8.5
  188.602290  8.5
  235.307517  8.5
  29.608915  7
  29.806856  7
  65.848948  7
  77.927714  7
  104.701215  7
  137.490341  7
  177.472800  7
  0.000000  7.5
  51.836621  7.5
  54.723355  7.5
  80.562620  7.5
  104.491946  7.5
  137.496758  7.5
  177.472731  7.5
  24.776843  6
  25.268247  6
  52.888492  6
  68.061382  6
  94.576628  6
  127.798132  6
  0.000003  6.5
  41.579655  6.5
  46.530581  6.5
  68.976270  6.5
  94.536458  6.5
  127.798681  6.5
  19.782782  5
  20.889472  5
  42.077035  5
  59.695277  5
  86.287720  5
  0.000033  5.5
  31.779915  5.5
  39.128335  5.5
  59.917039  5.5
  86.283566  5.5
  14.651931  4
  16.810669  4
  33.750818  4
  52.922787  4
  0.000348  4.5
  23.115193  4.5
  32.770062  4.5
  52.951882  4.5
  9.702044  3
  13.220911  3
  27.850250  3
  0.003388  3.5
  16.123846  3.5
  27.671932  3.5
  5.502240  2
  10.332778  2
  0.028722  2.5
  11.156937  2.5
  2.513374  1
  0.188694  1.5
