  88.334409  10
  136.962369  10
  308.863317  10
  549.268668  10
  872.640386  10
  1277.332818  10
  1763.177634  10
  2330.102533  10
  2978.075198  10
  3707.079367  10
  0.127683  10.5
  162.122404  10.5
  307.027310  10.5
  549.310970  10.5
  872.639931  10.5
  1277.332820  10.5
  1763.177634  10.5
  2330.102533  10.5
  2978.075198  10.5
  3707.079367  10.5
  76.401552  9
  129.048301  9
  297.874706  9
  539.087042  9
  862.615156  9
  1267.392470  9
  1753.286065  9
  2320.241606  9
  2968.234771  9
  0.215254  9.5
  147.940124  9.5
  296.792994  9.5
  539.106626  9.5
  862.614993  9.5
  1267.392470  9.5
  1753.286065  9.5
  2320.241606  9.5
  2968.234771  9.5
  65.270335  8
  121.746989  8
  288.218195  8
  530.012729  8
  853.669403  8
  1258.514660  8
  1744.447335  8
  2311.427419  8
  0.358165  8.5
  135.373146  8.5
  287.623399  8.5
  530.020910  8.5
  853.669353  8.5
  1258.514660  8.5
  1744.447335  8.5
  2311.427419  8.5
  55.016541  7
  115.100684  7
  279.827725  7
  522.034697  7
  845.794987  7
  1250.693981  7
  1736.657566  7
  0.586897  7.5
  124.438096  7.5
  279.528394  7.5
  522.037678  7.5
  845.794975  7.5
  1250.693981  7.5
  1736.657566  7.5
  45.697858  6
  109.153353  6
  272.647990  6
  515.142650  6
  838.984779  6
  1243.925666  6
  0.944826  6.5
  115.134707  6.5
  272.514265  6.5
  515.143545  6.5
  838.984777  6.5
  1243.925666  6.5
  37.352614  5
  103.951730  5
  266.634421  5
  509.327301  5
  833.232631  5
  1.490731  5.5
  107.443341  5.5
  266.584070  5.5
  509.327500  5.5
  833.232631  5.5
  29.998904  4
  99.546635  4
  261.752563  4
  504.580569  4
  2.299960  4.5
  101.323645  4.5
  261.738132  4.5
  504.580594  4.5
  23.633948  3
  95.994480  3
  257.977075  3
  3.463365  3.5
  96.715219  3.5
  257.974665  3.5
  18.233698  2
  93.358780  2
  5.083545  2.5
  93.540763  2.5
  13.752882  1
  7.268797  1.5
