  48.620841  10
  48.746401  10
  115.195306  10
  128.294073  10
  169.701613  10
  217.009171  10
  275.834339  10
  344.983522  10
  424.317086  10
  513.747219  10
  0.000000  10.5
  88.312056  10.5
  90.592258  10.5
  136.956976  10.5
  168.475210  10.5
  217.085324  10.5
  275.831795  10.5
  344.983570  10.5
  424.317085  10.5
  513.747219  10.5
  43.287467  9
  43.555711  9
  98.576885  9
  115.604450  9
  155.604017  9
  203.964277  9
  263.101648  9
  332.459084  9
  411.929557  9
  0.000000  9.5
  76.839253  9.5
  80.742076  9.5
  120.358774  9.5
  155.134674  9.5
  203.985239  9.5
  263.101163  9.5
  332.459089  9.5
  411.929557  9.5
  37.872517  8
  38.424512  8
  83.264469  8
  104.054717  8
  143.496206  8
  192.473680  8
  251.846361  8
  321.354109  8
  0.000003  8.5
  65.198405  8.5
  71.338966  8.5
  106.307321  8.5
  143.344734  8.5
  192.478276  8.5
  251.846295  8.5
  321.354109  8.5
  32.325925  7
  33.405108  7
  69.719662  7
  93.793763  7
  133.139242  7
  182.480686  7
  242.021177  7
  0.000017  7.5
  53.733639  7.5
  62.557838  7.5
  94.687722  7.5
  133.100116  7.5
  182.481404  7.5
  242.021172  7.5
  26.613689  6
  28.578624  6
  58.288900  6
  84.921724  6
  124.371431  6
  173.931260  6
  0.000105  6.5
  42.933365  6.5
  54.582445  6.5
  85.205386  6.5
  124.364159  6.5
  173.931321  6.5
  20.802259  5
  24.057210  5
  49.141987  5
  77.484975  5
  117.085899  5
  0.000651  5.5
  33.274785  5.5
  47.587445  5.5
  77.550249  5.5
  117.085161  5.5
  15.151347  4
  19.978173  4
  42.199472  4
  71.482236  4
  0.003837  4.5
  25.135125  4.5
  41.722465  4.5
  71.490570  4.5
  10.073321  3
  16.491821  3
  37.182742  3
  0.020961  3.5
  18.782540  3.5
  37.099959  3.5
  5.955837  2
  13.752020  2
  0.101113  2.5
  14.377128  2.5
  3.016709  1
  0.401901  1.5
