  42.274931  10
  42.277662  10
  109.572598  10
  110.997612  10
  146.727121  10
  167.557510  10
  200.802972  10
  240.035104  10
  285.584491  10
  337.200084  10
  0.000000  10.5
  79.186255  10.5
  79.283464  10.5
  130.723041  10.5
  139.026716  10.5
  168.856766  10.5
  200.707313  10.5
  240.038768  10.5
  285.584419  10.5
  337.200085  10.5
  37.778617  9
  37.787614  9
  94.997467  9
  98.006653  9
  127.242963  9
  151.574818  9
  185.145606  9
  224.877134  9
  270.718757  9
  0.000000  9.5
  70.053466  9.5
  70.322831  9.5
  111.319744  9.5
  123.559683  9.5
  151.970195  9.5
  185.126439  9.5
  224.877582  9.5
  270.718753  9.5
  33.272466  8
  33.301142  8
  80.116254  8
  85.598980  8
  110.909346  8
  137.517499  8
  171.478274  8
  211.539666  8
  0.000000  8.5
  60.760545  8.5
  61.454736  8.5
  93.437195  8.5
  109.517289  8.5
  137.609964  8.5
  171.475596  8.5
  211.539695  8.5
  28.741540  7
  28.828995  7
  65.541281  7
  74.089862  7
  97.542085  7
  125.378958  7
  159.663312  7
  0.000000  7.5
  51.190598  7.5
  52.799998  7.5
  77.896421  7.5
  97.145588  7.5
  125.394033  7.5
  159.663114  7.5
  24.149578  6
  24.400232  6
  52.139531  6
  63.800018  6
  86.652100  6
  115.089337  6
  0.000001  6.5
  41.347071  6.5
  44.558380  6.5
  65.206696  6.5
  86.574051  6.5
  115.090642  6.5
  19.428073  5
  20.082006  5
  40.681511  5
  54.994875  5
  77.825399  5
  0.000008  5.5
  31.633940  5.5
  36.999443  5.5
  55.349629  5.5
  77.817214  5.5
  14.530917  4
  16.002894  4
  31.702894  4
  47.836481  4
  0.000113  4.5
  22.799041  4.5
  30.420752  4.5
  47.883977  4.5
  9.664639  3
  12.360096  3
  25.333977  3
  0.001447  3.5
  15.536766  3.5
  25.093521  3.5
  5.418604  2
  9.393786  2
  0.016106  2.5
  10.311632  2.5
  2.378169  1
  0.135843  1.5
