  79.229787  10
  105.233113  10
  226.925266  10
  385.381310  10
  600.937063  10
  870.917872  10
  1195.154694  10
  1573.559254  10
  2006.092468  10
  2492.734659  10
  0.024305  10.5
  134.202016  10.5
  223.564953  10.5
  385.501393  10.5
  600.935093  10.5
  870.917889  10.5
  1195.154694  10.5
  1573.559254  10.5
  2006.092468  10.5
  2492.734659  10.5
  68.230072  9
  97.715812  9
  215.245956  9
  374.959104  9
  590.700143  9
  860.790923  9
  1185.090613  9
  1563.534669  9
  1996.094312  9
  0.047562  9.5
  119.710254  9.5
  213.248100  9.5
  375.014844  9.5
  590.699438  9.5
  860.790928  9.5
  1185.090613  9.5
  1563.534669  9.5
  1996.094312  9.5
  57.835304  8
  90.734009  8
  205.084623  8
  365.684040  8
  581.578365  8
  851.754875  8
  1176.103769  8
  1554.578739  8
  0.091762  8.5
  106.777562  8.5
  203.978489  8.5
  365.707371  8.5
  581.578147  8.5
  851.754876  8.5
  1176.103769  8.5
  1554.578739  8.5
  48.175956  7
  84.338635  7
  196.337368  7
  357.541778  7
  573.558961  7
  843.801393  7
  1168.188195  7
  0.173994  7.5
  95.456519  7.5
  195.777853  7.5
  357.550293  7.5
  573.558907  7.5
  843.801393  7.5
  1168.188195  7.5
  39.361355  6
  78.581484  6
  188.912815  6
  350.518099  6
  566.630842  6
  836.923142  6
  0.323012  6.5
  85.780919  6.5
  188.661916  6.5
  350.520661  6.5
  566.630832  6.5
  836.923142  6.5
  31.474776  5
  73.516243  5
  182.735384  5
  344.599621  5
  560.784498  5
  0.584582  5.5
  77.761215  5.5
  182.640657  5.5
  344.600192  5.5
  560.784497  5.5
  24.570465  4
  69.200182  4
  177.746068  4
  339.774370  4
  1.026699  4.5
  71.379575  4.5
  177.718866  4.5
  339.774441  4.5
  18.671798  3
  65.696524  3
  173.901547  3
  1.742508  3.5
  66.586737  3.5
  173.896996  3.5
  13.770067  2
  63.077254  2
  2.848383  2.5
  63.303186  2.5
  9.823882  1
  4.476006  1.5
