  54.505513  10
  55.250296  10
  121.499798  10
  150.722907  10
  207.785385  10
  278.311471  10
  363.897011  10
  464.106020  10
  578.830617  10
  708.014694  10
  0.000003  10.5
  94.739590  10.5
  103.135695  10.5
  154.509361  10.5
  207.491365  10.5
  278.322726  10.5
  363.896770  10.5
  464.106022  10.5
  578.830617  10.5
  708.014694  10.5
  48.193118  9
  49.482300  9
  105.395515  9
  138.623306  9
  195.443888  9
  266.454324  9
  352.248878  9
  452.590028  9
  567.402506  9
  0.000015  9.5
  81.478978  9.5
  92.919901  9.5
  140.511219  9.5
  195.335836  9.5
  266.457368  9.5
  352.248833  9.5
  452.590029  9.5
  567.402506  9.5
  41.726795  8
  43.867382  8
  91.179561  8
  127.789747  8
  184.633943  8
  255.960953  8
  341.910136  8
  442.348386  8
  0.000068  8.5
  68.677113  8.5
  83.397709  8.5
  128.620395  8.5
  184.599997  8.5
  255.961613  8.5
  341.910130  8.5
  442.348386  8.5
  35.112268  7
  38.480693  7
  79.049709  7
  118.274910  7
  175.257259  7
  246.792833  7
  332.852616  7
  0.000300  7.5
  56.717895  7.5
  74.705628  7.5
  118.588463  7.5
  175.248645  7.5
  246.792935  7.5
  332.852615  7.5
  28.451293  6
  33.415313  6
  69.066790  6
  110.099352  6
  167.243030  6
  238.915695  6
  0.001286  6.5
  45.941507  6.5
  66.969591  6.5
  110.195819  6.5
  167.241447  6.5
  238.915703  6.5
  21.974878  5
  28.777745  5
  61.129850  5
  103.256719  5
  160.538724  5
  0.005330  5.5
  36.619408  5.5
  60.297663  5.5
  103.278518  5.5
  160.538565  5.5
  16.002260  4
  24.681574  4
  55.020822  4
  97.722419  4
  0.021069  4.5
  28.955687  4.5
  54.774400  4.5
  97.725174  4.5
  10.844536  3
  21.242719  3
  50.499150  3
  0.077543  3.5
  23.088615  3.5
  50.457187  3.5
  6.722359  2
  18.581006  2
  0.256835  2.5
  19.071157  2.5
  3.725411  1
  0.737725  1.5
