  45.077575  10
  45.100918  10
  112.444899  10
  117.866605  10
  153.665498  10
  187.215692  10
  231.630739  10
  284.077883  10
  344.460934  10
  412.645738  10
  0.000000  10.5
  83.521390  10.5
  84.112998  10.5
  131.818946  10.5
  150.356482  10.5
  187.532572  10.5
  231.615546  10.5
  284.078282  10.5
  344.460929  10.5
  412.645738  10.5
  40.233230  9
  40.293654  9
  96.388415  9
  104.896474  9
  137.316835  9
  172.905662  9
  217.710535  9
  270.464768  9
  331.044316  9
  0.000000  9.5
  73.412867  9.5
  74.674945  9.5
  113.362431  9.5
  135.952164  9.5
  172.995520  9.5
  217.707589  9.5
  270.464816  9.5
  331.044315  9.5
  35.355572  8
  35.506633  8
  80.849877  8
  92.844892  8
  123.586785  8
  160.338783  8
  205.462641  8
  258.433147  8
  0.000000  8.5
  63.011278  8.5
  65.486163  8.5
  97.267040  8.5
  123.124695  8.5
  160.358886  8.5
  205.462239  8.5
  258.433150  8.5
  30.408691  7
  30.768950  7
  66.522742  7
  81.954651  7
  112.075421  7
  149.454889  7
  194.812569  7
  0.000001  7.5
  52.373766  7.5
  56.717613  7.5
  83.852941  7.5
  111.952458  7.5
  149.458075  7.5
  194.812540  7.5
  25.334608  6
  26.137817  6
  54.005950  6
  72.425439  6
  102.463959  6
  140.182975  6
  0.000010  6.5
  41.858260  6.5
  48.582726  6.5
  73.059663  6.5
  102.440684  6.5
  140.183246  6.5
  20.089266  5
  21.711368  5
  43.739157  5
  64.387986  5
  94.547162  5
  0.000094  5.5
  32.057681  5.5
  41.312311  5.5
  64.538280  5.5
  94.544775  5.5
  14.775102  4
  17.633396  4
  35.905991  4
  57.894105  4
  0.000803  4.5
  23.552899  4.5
  35.123857  4.5
  57.913596  4.5
  9.773401  3
  14.082218  3
  30.334202  3
  0.006378  3.5
  16.775663  3.5
  30.194700  3.5
  5.607375  2
  11.249351  2
  0.044294  2.5
  12.003712  2.5
  2.647417  1
  0.243057  1.5
