  87.917640  10
  135.393664  10
  304.737920  10
  541.077817  10
  859.073613  10
  1257.048477  10
  1734.833709  10
  2292.356498  10
  2929.584304  10
  3646.500750  10
  0.119964  10.5
  160.708975  10.5
  302.855132  10.5
  541.121975  10.5
  859.073129  10.5
  1257.048479  10.5
  1734.833709  10.5
  2292.356498  10.5
  2929.584304  10.5
  3646.500750  10.5
  76.019791  9
  127.495195  9
  293.726951  9
  530.888007  9
  849.041320  9
  1247.101885  9
  1724.936362  9
  2282.490086  9
  2919.738587  9
  0.203357  9.5
  146.511586  9.5
  292.617391  9.5
  530.908453  9.5
  849.041148  9.5
  1247.101885  9.5
  1724.936362  9.5
  2282.490086  9.5
  2919.738587  9.5
  64.917408  8
  120.206570  8
  284.054209  8
  521.806912  8
  840.089686  8
  1238.218777  8
  1716.092668  8
  2273.671146  8
  0.340214  8.5
  133.928325  8.5
  283.443980  8.5
  521.815453  8.5
  840.089633  8.5
  1238.218777  8.5
  1716.092668  8.5
  2273.671146  8.5
  54.688221  7
  113.570330  7
  275.652272  7
  513.823354  7
  832.210419  7
  1230.393648  7
  1708.298681  7
  0.560464  7.5
  122.977098  7.5
  275.345129  7.5
  513.826466  7.5
  832.210406  7.5
  1230.393648  7.5
  1708.298681  7.5
  45.391652  6
  107.630702  6
  268.464633  6
  506.926889  6
  825.396262  6
  1223.621647  6
  0.906956  6.5
  113.658810  6.5
  268.327402  6.5
  506.927824  6.5
  825.396259  6.5
  1223.621647  6.5
  37.067489  5
  102.434655  5
  262.445731  5
  501.108081  5
  819.640956  5
  1.438086  5.5
  105.954788  5.5
  262.394055  5.5
  501.108290  5.5
  819.640956  5.5
  29.734964  4
  98.033243  4
  257.560339  4
  496.358717  4
  2.229098  4.5
  99.825304  4.5
  257.545527  4.5
  496.358743  4.5
  23.392091  3
  94.483141  3
  253.782560  3
  3.371106  3.5
  95.210158  3.5
  253.780085  3.5
  18.015248  2
  91.848205  2
  4.967353  2.5
  92.031805  2.5
  13.559204  1
  7.127057  1.5
