  52.816513  10
  53.299973  10
  119.310174  10
  143.551545  10
  195.510020  10
  259.045323  10
  336.431006  10
  427.111599  10
  530.969291  10
  647.941364  10
  0.000001  10.5
  93.027841  10.5
  99.236857  10.5
  148.361249  10.5
  195.076789  10.5
  259.064089  10.5
  336.430555  10.5
  427.111605  10.5
  530.969291  10.5
  647.941364  10.5
  46.808140  9
  47.689804  9
  102.964956  9
  131.282707  9
  182.798007  9
  246.917487  9
  324.536428  9
  415.365477  9
  519.321710  9
  0.000006  9.5
  80.184871  9.5
  89.096683  9.5
  133.728957  9.5
  182.637641  9.5
  246.922579  9.5
  324.536343  9.5
  415.365478  9.5
  519.321710  9.5
  40.659869  8
  42.203640  8
  88.397429  8
  120.261849  8
  171.706595  8
  236.197103  8
  313.988719  8
  404.926394  8
  0.000030  8.5
  67.615026  8.5
  79.590067  8.5
  121.353469  8.5
  171.655964  8.5
  236.198208  8.5
  313.988708  8.5
  404.926394  8.5
  34.350963  7
  36.912326  7
  75.871860  7
  110.562615  7
  162.112061  7
  226.840926  7
  304.755702  7
  0.000147  7.5
  55.728791  7.5
  70.866033  7.5
  110.978497  7.5
  162.099170  7.5
  226.841098  7.5
  304.755701  7.5
  27.940203  6
  31.908170  6
  65.520964  6
  102.221172  6
  153.927641  6
  218.810137  6
  0.000695  6.5
  44.916168  6.5
  63.065847  6.5
  102.349858  6.5
  153.925268  6.5
  218.810152  6.5
  21.624784  5
  27.301164  5
  57.299089  5
  95.240201  5
  147.090864  5
  0.003177  5.5
  35.495802  5.5
  56.313534  5.5
  95.269381  5.5
  147.090625  5.5
  15.726780  4
  23.211827  4
  51.002259  4
  89.598034  4
  0.013841  4.5
  27.708119  4.5
  50.708345  4.5
  89.601729  4.5
  10.591512  3
  19.764381  3
  46.369793  3
  0.056059  3.5
  21.719925  3.5
  46.319552  3.5
  6.479278  2
  17.086184  2
  0.203191  2.5
  17.608838  2.5
  3.507233  1
  0.630516  1.5
