  96.961576  10
  171.301502  10
  400.235647  10
  729.955314  10
  1171.752203  10
  1724.436313  10
  2387.847858  10
  3161.922416  10
  4046.631152  10
  5041.959564  10
  0.374729  10.5
  193.633061  10.5
  399.087672  10.5
  729.974376  10.5
  1171.752054  10.5
  1724.436314  10.5
  2387.847858  10.5
  3161.922416  10.5
  4046.631152  10.5
  5041.959564  10.5
  84.404628  9
  163.107798  9
  389.588743  9
  719.903697  9
  1161.838084  9
  1714.594361  9
  2378.047413  9
  3152.148034  9
  4036.874199  9
  0.575564  9.5
  179.756074  9.5
  388.914853  9.5
  719.912512  9.5
  1161.838031  9.5
  1714.594361  9.5
  2378.047413  9.5
  3152.148034  9.5
  4036.874199  9.5
  72.738919  8
  155.577708  8
  380.180138  8
  710.936781  8
  1152.984961  8
  1705.800090  8
  2369.286990  8
  3143.408856  8
  0.873767  8.5
  167.501218  8.5
  379.810635  8.5
  710.940460  8.5
  1152.984944  8.5
  1705.800090  8.5
  2369.286990  8.5
  3143.408856  8.5
  62.009415  7
  148.748946  7
  371.965201  7
  703.046049  7
  1145.186996  7
  1698.049598  7
  2361.563787  7
  1.309099  7.5
  156.864429  7.5
  371.779653  7.5
  703.047389  7.5
  1145.186992  7.5
  1698.049598  7.5
  2361.563787  7.5
  52.246958  6
  142.661376  6
  364.907020  6
  696.223735  6
  1138.439065  6
  1691.339446  6
  1.932727  6.5
  147.827351  6.5
  364.824265  6.5
  696.224138  6.5
  1138.439064  6.5
  1691.339446  6.5
  43.467744  5
  137.357841  5
  358.975984  5
  690.462951  5
  1132.736738  5
  2.807858  5.5
  140.356583  5.5
  358.944863  5.5
  690.463040  5.5
  1132.736738  5.5
  35.672927  4
  132.885090  4
  354.149171  4
  685.757770  4
  4.009160  4.5
  134.404015  4.5
  354.140259  4.5
  685.757781  4.5
  28.848330  3
  129.294734  3
  350.409624  3
  5.620768  3.5
  129.908478  3.5
  350.408137  3.5
  22.964356  2
  126.644090  2
  7.732937  2.5
  126.798638  2.5
  17.976219  1
  10.437783  1.5
