  38.108511  10
  38.108511  10
  102.226185  10
  102.226191  10
  150.083069  10
  150.097851  10
  179.789212  10
  182.226999  10
  196.070048  10
  209.210280  10
  -0.000000  10.5
  72.187026  10.5
  72.187026  10.5
  128.207439  10.5
  128.207848  10.5
  167.618501  10.5
  167.905957  10.5
  187.384518  10.5
  195.131861  10.5
  209.255749  10.5
  34.096161  9
  34.096161  9
  90.183562  9
  90.183654  9
  129.889499  9
  130.010839  9
  150.398596  9
  156.185415  9
  168.896903  9
  -0.000000  9.5
  64.161334  9.5
  64.161335  9.5
  112.134397  9.5
  112.139034  9.5
  142.723068  9.5
  144.138095  9.5
  157.616576  9.5
  168.812113  9.5
  30.083755  8
  30.083755  8
  78.137342  8
  78.138546  8
  109.368699  8
  110.101759  8
  123.521756  8
  132.738494  8
  -0.000000  8.5
  56.135105  8.5
  56.135121  8.5
  96.027579  8.5
  96.072199  8.5
  117.397863  8.5
  121.464772  8.5
  132.892722  8.5
  26.071260  7
  26.071262  7
  66.079122  7
  66.092816  7
  88.296009  7
  90.935857  7
  101.251661  7
  0.000000  7.5
  48.107841  7.5
  48.108079  7.5
  79.758651  7.5
  80.089420  7.5
  93.711074  7.5
  100.980269  7.5
  22.058598  6
  22.058628  6
  53.955393  6
  54.080543  6
  68.086426  6
  73.524021  6
  0.000000  6.5
  40.077305  6.5
  40.080540  6.5
  63.025375  6.5
  64.563246  6.5
  73.980583  6.5
  18.045413  5
  18.045898  5
  41.543674  5
  42.312545  5
  51.074624  5
  0.000000  5.5
  32.026658  5.5
  32.063540  5.5
  46.549851  5.5
  50.351639  5.5
  14.028391  4
  14.035438  4
  29.020125  4
  31.440847  4
  0.000000  4.5
  23.846813  4.5
  24.152447  4.5
  32.501168  4.5
  9.975166  3
  10.056189  3
  18.191374  3
  0.000000  3.5
  15.437519  3.5
  16.766931  3.5
  5.762055  2
  6.305064  2
  0.000010  2.5
  8.054922  2.5
  2.009149  1
  0.003056  1.5
