  60.715435  10
  63.370494  10
  133.263718  10
  183.619643  10
  263.847274  10
  364.383591  10
  485.606904  10
  627.292324  10
  789.361183  10
  971.773748  10
  0.000069  10.5
  101.022154  10.5
  120.468539  10.5
  185.191483  10.5
  263.770075  10.5
  364.385560  10.5
  485.606875  10.5
  627.292324  10.5
  789.361183  10.5
  971.773748  10.5
  53.149204  9
  57.071001  9
  118.335767  9
  172.092958  9
  252.431272  9
  353.251430  9
  474.619731  9
  616.396122  9
  778.525710  9
  0.000235  9.5
  86.805549  9.5
  110.099983  9.5
  172.844524  9.5
  252.403316  9.5
  353.251959  9.5
  474.619725  9.5
  616.396122  9.5
  778.525710  9.5
  45.475989  8
  51.035954  8
  105.457077  8
  161.837266  8
  242.346370  8
  343.366874  8
  464.843280  8
  606.687487  8
  0.000783  8.5
  73.576732  8.5
  100.588952  8.5
  162.158554  8.5
  242.337678  8.5
  343.366988  8.5
  464.843279  8.5
  606.687487  8.5
  37.822743  7
  45.344132  7
  94.617467  7
  152.858744  7
  233.543370  7
  334.704453  7
  456.259347  7
  0.002570  7.5
  61.582292  7.5
  92.029036  7.5
  152.977746  7.5
  233.541180  7.5
  334.704471  7.5
  456.259347  7.5
  30.399918  6
  40.081580  6
  85.703049  6
  145.147869  6
  225.983523  6
  327.241777  6
  0.008235  6.5
  51.022491  6.5
  84.500669  6.5
  145.184039  6.5
  225.983122  6.5
  327.241779  6.5
  23.465879  5
  35.338173  5
  78.533044  5
  138.684456  5
  219.635769  5
  0.025530  5.5
  42.053998  5.5
  78.068346  5.5
  138.692567  5.5
  219.635729  5.5
  17.271231  4
  31.205254  4
  72.914222  4
  133.443006  4
  0.075614  4.5
  34.790365  4.5
  72.778786  4.5
  133.444026  4.5
  12.012127  3
  27.776153  3
  68.683254  3
  0.210117  3.5
  29.292334  3.5
  68.660392  3.5
  7.804074  2
  25.151353  2
  0.536291  2.5
  25.546675  2.5
  4.670035  1
  1.233805  1.5
