  384.664328  10
  1870.578125  10
  5100.520101  10
  9945.806632  10
  16407.198893  10
  24484.260595  10
  34176.869503  10
  45484.979690  10
  58408.570722  10
  72947.632378  10
  93.734601  10.5
  1877.058462  10.5
  5100.499854  10.5
  9945.806654  10.5
  16407.198893  10.5
  24484.260595  10.5
  34176.869503  10.5
  45484.979690  10.5
  58408.570722  10.5
  72947.632378  10.5
  362.527954  9
  1860.720525  9
  5090.586868  9
  9936.084793  9
  16397.560319  9
  24474.663741  9
  34167.296515  9
  45475.421628  9
  58399.022615  9
  101.795430  9.5
  1865.442200  9.5
  5090.575054  9.5
  9936.084804  9.5
  16397.560319  9.5
  24474.663741  9.5
  34167.296515  9.5
  45475.421628  9.5
  58399.022615  9.5
  341.287786  8
  1851.825050  8
  5081.703791  8
  9927.388157  8
  16388.937473  8
  24466.077854  8
  34158.731766  8
  45466.870096  8
  110.407905  8.5
  1855.135681  8.5
  5081.697345  8.5
  9927.388162  8.5
  16388.937473  8.5
  24466.077854  8.5
  34158.731766  8.5
  45466.870096  8.5
  320.931318  7
  1843.908391  7
  5073.869251  7
  9919.716107  7
  16381.329976  7
  24458.502676  7
  34151.175069  7
  119.595509  7.5
  1846.118693  7.5
  5073.866027  7.5
  9919.716109  7.5
  16381.329976  7.5
  24458.502676  7.5
  34151.175069  7.5
  301.445078  6
  1836.987660  6
  5067.081870  6
  9913.068099  6
  16374.737491  6
  24451.937981  6
  129.381560  6.5
  1838.370842  6.5
  5067.080437  6.5
  9913.068099  6.5
  16374.737491  6.5
  24451.937981  6.5
  282.814645  5
  1831.080390  5
  5061.340499  5
  9907.443659  5
  16369.159726  5
  139.789143  5.5
  1831.871623  5.5
  5061.339962  5.5
  9907.443659  5.5
  16369.159726  5.5
  265.024678  4
  1826.204517  4
  5056.644200  4
  9902.842390  4
  150.841025  4.5
  1826.600479  4.5
  5056.644047  4.5
  9902.842390  4.5
  248.058938  3
  1822.378375  3
  5052.992239  3
  162.559587  3.5
  1822.536868  3.5
  5052.992213  3.5
  231.900318  2
  1819.620675  2
  174.966753  2.5
  1819.660317  2.5
  216.530884  1
  188.083922  1.5
