  38.542779  10
  38.542780  10
  103.123330  10
  103.125027  10
  150.009994  10
  150.689904  10
  174.751804  10
  186.609923  10
  206.379277  10
  229.261351  10
  -0.000000  10.5
  72.933841  10.5
  72.933874  10.5
  128.989487  10.5
  129.036060  10.5
  164.624164  10.5
  169.009239  10.5
  187.629189  10.5
  206.312337  10.5
  229.262909  10.5
  34.480918  9
  34.480921  9
  90.903598  9
  90.914490  9
  128.541522  9
  130.770261  9
  148.877914  9
  164.306285  9
  184.648020  9
  0.000000  9.5
  64.804842  9.5
  64.805101  9.5
  112.527842  9.5
  112.758415  9.5
  138.694236  9.5
  146.946398  9.5
  164.468946  9.5
  184.643587  9.5
  30.418763  8
  30.418787  8
  78.644843  8
  78.707864  8
  106.680214  8
  111.829054  8
  127.465935  8
  144.859477  8
  0.000000  8.5
  56.672313  8.5
  56.674213  8.5
  95.721052  8.5
  96.657218  8.5
  115.092725  8.5
  127.091547  8.5
  144.871814  8.5
  26.356070  7
  26.356273  7
  66.251212  7
  66.563838  7
  86.006767  7
  94.620116  7
  109.939004  7
  0.000000  7.5
  48.530053  7.5
  48.542927  7.5
  78.359330  7.5
  81.123858  7.5
  95.417909  7.5
  109.905656  7.5
  22.291943  6
  22.293569  6
  53.491487  6
  54.692635  6
  68.339717  6
  79.773688  6
  0.000000  6.5
  40.350389  6.5
  40.428009  6.5
  61.246166  6.5
  66.815120  6.5
  79.860314  6.5
  18.221687  5
  18.233669  5
  40.464303  5
  43.571621  5
  54.657017  5
  0.000000  5.5
  32.026216  5.5
  32.413215  5.5
  46.111642  5.5
  54.444690  5.5
  14.119802  4
  14.197291  4
  28.444338  4
  33.881708  4
  0.000000  4.5
  23.396024  4.5
  24.767906  4.5
  34.357180  4.5
  9.890078  3
  10.282950  3
  18.948618  3
  0.000003  3.5
  15.006618  3.5
  18.023503  3.5
  5.551559  2
  6.786344  2
  0.000261  2.5
  8.276628  2.5
  2.045993  1
  0.015486  1.5
