  121.029796  10
  279.934776  10
  695.398077  10
  1310.272459  10
  2131.589508  10
  3158.617783  10
  4391.214090  10
  5829.323428  10
  7472.921208  10
  9321.995088  10
  2.155372  10.5
  297.155704  10.5
  694.947512  10.5
  1310.276413  10.5
  2131.589492  10.5
  3158.617783  10.5
  4391.214090  10.5
  5829.323428  10.5
  7472.921208  10.5
  9321.995088  10.5
  107.210073  9
  271.239496  9
  685.139678  9
  1300.384967  9
  2121.813327  9
  3148.898348  9
  4381.527260  9
  5819.657045  9
  7463.268487  9
  2.878550  9.5
  283.942657  9.5
  684.876110  9.5
  1300.386793  9.5
  2121.813321  9.5
  3148.898348  9.5
  4381.527260  9.5
  5819.657045  9.5
  7463.268487  9.5
  94.357033  8
  263.295604  8
  676.014324  8
  1291.552838  8
  2113.075386  8
  3140.208190  8
  4372.864538  8
  5811.011521  8
  3.813114  8.5
  272.302777  8.5
  675.870213  8.5
  1291.553600  8.5
  2113.075384  8.5
  3140.208190  8.5
  4372.864538  8.5
  5811.011521  8.5
  82.479361  7
  256.134855  7
  668.001971  7
  1283.771282  7
  2105.372623  7
  3132.545246  7
  4365.224442  7
  5.007346  7.5
  262.208710  7.5
  667.929768  7.5
  1283.771559  7.5
  2105.372622  7.5
  3132.545246  7.5
  4365.224442  7.5
  71.577745  6
  249.791146  6
  661.086063  6
  1277.036024  6
  2098.702337  6
  3125.907700  6
  6.515529  6.5
  253.625350  6.5
  661.053918  6.5
  1277.036107  6.5
  2098.702337  6.5
  3125.907700  6.5
  61.644769  5
  244.300897  5
  655.253253  5
  1271.343329  5
  2093.062193  5
  8.397159  5.5
  246.510499  5.5
  655.241181  5.5
  1271.343347  5.5
  2093.062193  5.5
  52.664850  4
  239.703393  4
  650.493098  4
  1266.690020  4
  10.715761  4.5
  240.815883  4.5
  650.489646  4.5
  1266.690022  4.5
  44.614244  3
  236.041072  3
  646.797759  3
  13.537381  3.5
  236.488475  3.5
  646.797183  3.5
  37.461172  2
  233.359713  2
  16.928866  2.5
  233.471995  2.5
  31.166093  1
  20.956081  1.5
