  38.447040  10
  38.447040  10
  102.926783  10
  102.927654  10
  150.087203  10
  150.525572  10
  175.319855  10
  185.475494  10
  204.073930  10
  225.515491  10
  -0.000000  10.5
  72.769432  10.5
  72.769447  10.5
  128.825718  10.5
  128.852288  10.5
  165.308427  10.5
  168.625624  10.5
  186.853698  10.5
  203.972148  10.5
  225.518076  10.5
  34.396106  9
  34.396107  9
  90.747358  9
  90.753520  9
  128.903631  9
  130.527664  9
  148.622335  9
  162.579039  9
  181.682191  9
  0.000000  9.5
  64.663291  9.5
  64.663423  9.5
  112.464383  9.5
  112.610224  9.5
  139.293008  9.5
  146.201383  9.5
  162.810877  9.5
  181.675274  9.5
  30.344934  8
  30.344946  8
  78.539913  8
  78.579300  8
  107.161771  8
  111.365189  8
  126.375844  8
  142.577995  8
  0.000000  8.5
  56.554448  8.5
  56.555517  8.5
  95.832598  8.5
  96.494294  8.5
  115.179256  8.5
  125.876718  8.5
  142.596095  8.5
  26.293342  7
  26.293456  7
  66.231152  7
  66.447726  7
  86.243689  7
  93.814858  7
  108.265437  7
  0.000000  7.5
  48.438520  7.5
  48.446506  7.5
  78.653445  7.5
  80.848504  7.5
  94.807402  7.5
  108.219438  7.5
  22.240694  6
  22.241698  6
  53.606746  6
  54.535437  6
  68.090556  6
  78.589893  6
  0.000000  6.5
  40.294985  6.5
  40.348135  6.5
  61.490232  6.5
  66.318788  6.5
  78.702160  6.5
  18.183569  5
  18.191722  5
  40.638039  5
  43.292895  5
  53.927537  5
  0.000000  5.5
  32.034704  5.5
  32.328174  5.5
  46.076032  5.5
  53.669247  5.5
  14.101678  4
  14.159821  4
  28.491224  4
  33.420916  4
  0.000000  4.5
  23.478129  4.5
  24.631483  4.5
  33.963544  4.5
  9.907048  3
  10.232698  3
  18.782684  3
  0.000002  3.5
  15.058949  3.5
  17.788117  3.5
  5.580690  2
  6.697216  2
  0.000177  2.5
  8.227488  2.5
  2.037839  1
  0.012718  1.5
