  48.365941  10
  48.479614  10
  114.990302  10
  127.473240  10
  168.352463  10
  214.696754  10
  272.457609  10
  340.373771  10
  418.305137  10
  506.161714  10
  0.000000  10.5
  87.994833  10.5
  90.105695  10.5
  136.446035  10.5
  167.040217  10.5
  214.780357  10.5
  272.454752  10.5
  340.373825  10.5
  418.305136  10.5
  506.161714  10.5
  43.070017  9
  43.315668  9
  98.379005  9
  114.759467  9
  154.137496  9
  201.580264  9
  259.659020  9
  327.788444  9
  405.859871  9
  0.000000  9.5
  76.617847  9.5
  80.279162  9.5
  119.713899  9.5
  153.633657  9.5
  201.603307  9.5
  259.658474  9.5
  327.788451  9.5
  405.859871  9.5
  37.696378  8
  38.207822  8
  83.032098  8
  103.174788  8
  141.945398  8
  190.029336  8
  248.348317  8
  316.631498  8
  0.000002  8.5
  65.052681  8.5
  70.886551  8.5
  105.534632  8.5
  141.782450  8.5
  190.034393  8.5
  248.348243  8.5
  316.631498  8.5
  32.194974  7
  33.206893  7
  69.425943  7
  92.873917  7
  131.526837  7
  179.986492  7
  238.476896  7
  0.000014  7.5
  53.629570  7.5
  62.103707  7.5
  93.814011  7.5
  131.484690  7.5
  179.987283  7.5
  238.476891  7.5
  26.527985  6
  28.392779  6
  57.921887  6
  83.962457  6
  122.712789  6
  171.396563  6
  0.000092  6.5
  42.837935  6.5
  54.117000  6.5
  84.261465  6.5
  122.704948  6.5
  171.396630  6.5
  20.752795  5
  23.877269  5
  48.706352  5
  76.490918  5
  115.392083  5
  0.000580  5.5
  33.165996  5.5
  47.104747  5.5
  76.559817  5.5
  115.391287  5.5
  15.121095  4
  19.798533  4
  41.713178  4
  70.460278  4
  0.003495  4.5
  25.002417  4.5
  41.220500  4.5
  70.469081  4.5
  10.047125  3
  16.308741  3
  36.665852  3
  0.019519  3.5
  18.623769  3.5
  36.580235  3.5
  5.927704  2
  13.563871  2
  0.096187  2.5
  14.196592  2.5
  2.988917  1
  0.389519  1.5
