  127.416897  10
  310.990772  10
  780.516917  10
  1477.328941  10
  2407.817356  10
  3571.301829  10
  4967.641809  10
  6596.783542  10
  8458.703007  10
  10553.388151  10
  2.916191  10.5
  327.285866  10.5
  780.143633  10.5
  1477.331826  10.5
  2407.817346  10.5
  3571.301829  10.5
  4967.641809  10.5
  6596.783542  10.5
  8458.703007  10.5
  10553.388151  10.5
  113.312403  9
  302.202879  9
  770.307017  9
  1467.463813  9
  2398.059820  9
  3561.598984  9
  4957.970376  9
  6587.131803  9
  8449.064424  9
  3.809716  9.5
  314.204094  9.5
  770.088742  9.5
  1467.465146  9.5
  2398.059817  9.5
  3561.598984  9.5
  4957.970376  9.5
  6587.131803  9.5
  8449.064424  9.5
  100.179109  8
  294.182512  8
  761.217323  8
  1458.650000  8
  2389.337465  8
  3552.922931  8
  4949.320900  8
  6578.498983  8
  4.940016  8.5
  302.679542  8.5
  761.098016  8.5
  1458.650555  8.5
  2389.337463  8.5
  3552.922931  8.5
  4949.320900  8.5
  6578.498983  8.5
  88.021299  7
  286.960449  7
  753.230757  7
  1450.883255  7
  2381.647593  7
  3545.271855  7
  4941.692077  7
  6.355364  7.5
  292.682728  7.5
  753.170997  7.5
  1450.883457  7.5
  2381.647592  7.5
  3545.271855  7.5
  4941.692077  7.5
  76.836162  6
  280.569519  6
  746.333196  6
  1444.159798  6
  2374.987829  6
  3538.644155  6
  8.109030  6.5
  284.177577  6.5
  746.306597  6.5
  1444.159859  6.5
  2374.987829  6.5
  3538.644155  6.5
  66.613718  5
  275.044904  5
  740.513231  5
  1438.476334  5
  2369.356118  5
  10.258477  5.5
  277.122109  5.5
  740.503244  5.5
  1438.476348  5.5
  2369.356118  5.5
  57.336787  4
  270.424413  4
  735.761915  4
  1433.830060  4
  12.864260  4.5
  271.469387  4.5
  735.759059  4.5
  1433.830062  4.5
  48.981022  3
  266.748697  3
  732.072506  3
  15.988711  3.5
  267.168678  3.5
  732.072029  3.5
  41.515040  2
  264.061368  2
  19.694483  2.5
  264.166721  2.5
  34.900682  1
  24.043080  1.5
