  40.428103  10
  40.428336  10
  106.746852  10
  107.000750  10
  146.613393  10
  157.253018  10
  183.260330  10
  212.633600  10
  247.519527  10
  287.301913  10
  0.000000  10.5
  76.138292  10.5
  76.149886  10.5
  130.710397  10.5
  133.299583  10.5
  161.268900  10.5
  182.766119  10.5
  212.661632  10.5
  247.518742  10.5
  287.301922  10.5
  36.149361  9
  36.150371  9
  93.490052  9
  94.235576  9
  124.697621  9
  139.558534  9
  165.258103  9
  195.551295  9
  230.861931  9
  0.000000  9.5
  67.537895  9.5
  67.580614  9.5
  111.903674  9.5
  117.146500  9.5
  140.981834  9.5
  165.152273  9.5
  195.554854  9.5
  230.861885  9.5
  31.867887  8
  31.872130  8
  79.831094  8
  81.737275  8
  105.443037  8
  123.797027  8
  149.777415  8
  180.598547  8
  0.000000  8.5
  58.883873  8.5
  59.031428  8.5
  93.340191  8.5
  102.049255  8.5
  124.162619  8.5
  149.761982  8.5
  180.598782  8.5
  27.579128  7
  27.596204  7
  65.791803  7
  69.799329  7
  89.544916  7
  110.142131  7
  136.513175  7
  0.000000  7.5
  50.094744  7.5
  50.559434  7.5
  76.195474  7.5
  88.440693  7.5
  110.205092  7.5
  136.512005  7.5
  23.268406  6
  23.333204  6
  52.034376  6
  58.816556  6
  76.891681  6
  98.601609  6
  0.000000  6.5
  41.032077  6.5
  42.301393  6.5
  61.526266  6.5
  76.656647  6.5
  98.607239  6.5
  18.892972  5
  19.118187  5
  39.627703  5
  49.200607  5
  66.888538  5
  0.000001  5.5
  31.707684  5.5
  34.510247  5.5
  49.962053  5.5
  66.862847  5.5
  14.366767  4
  15.044550  4
  29.492348  4
  41.275710  4
  0.000012  4.5
  22.706685  4.5
  27.540689  4.5
  41.383848  4.5
  9.696417  3
  11.302975  3
  22.166704  3
  0.000271  3.5
  14.982784  3.5
  21.771936  3.5
  5.376008  2
  8.178325  2
  0.005201  2.5
  9.275062  2.5
  2.210247  1
  0.073212  1.5
