  60.138765  10
  62.535938  10
  131.879464  10
  180.054728  10
  257.800912  10
  355.184004  10
  472.646057  10
  609.950755  10
  767.017200  10
  943.804494  10
  0.000054  10.5
  100.404538  10.5
  118.615828  10.5
  181.760282  10.5
  257.713831  10.5
  355.186306  10.5
  472.646023  10.5
  609.950756  10.5
  767.017200  10.5
  943.804494  10.5
  52.695725  9
  56.282883  9
  116.830906  9
  168.478752  9
  246.318447  9
  343.997588  9
  461.609321  9
  599.007951  9
  756.137087  9
  0.000188  9.5
  86.245816  9.5
  108.255212  9.5
  169.296296  9.5
  246.286884  9.5
  343.998206  9.5
  461.609315  9.5
  599.007951  9.5
  756.137087  9.5
  45.133766  8
  50.283939  8
  103.830310  8
  158.175907  8
  236.180445  8
  334.067402  8
  451.790615  8
  589.259174  8
  0.000641  8.5
  73.036562  8.5
  98.740002  8.5
  158.526000  8.5
  236.170626  8.5
  334.067535  8.5
  451.790614  8.5
  589.259174  8.5
  37.569477  7
  44.618179  7
  92.883467  7
  149.155150  7
  227.334875  7
  325.367000  7
  443.171025  7
  0.002155  7.5
  61.035095  7.5
  90.167401  7.5
  149.284972  7.5
  227.332400  7.5
  325.367020  7.5
  443.171025  7.5
  30.207927  6
  39.372705  6
  83.886354  6
  141.408512  6
  219.741037  6
  317.873127  6
  0.007068  6.5
  50.451667  6.5
  82.621411  6.5
  141.448001  6.5
  219.740584  6.5
  317.873129  6.5
  23.309931  5
  34.638998  5
  76.659493  5
  134.916290  5
  213.366479  5
  0.022437  5.5
  41.450888  5.5
  76.169779  5.5
  134.925150  5.5
  213.366434  5.5
  17.134184  4
  30.510207  4
  71.004810  4
  129.652715  4
  0.068024  4.5
  34.152924  4.5
  70.861936  4.5
  129.653829  4.5
  11.886252  3
  27.081343  3
  66.752404  3
  0.193338  3.5
  28.624487  3.5
  66.728272  3.5
  7.689304  2
  24.454296  2
  0.503784  2.5
  24.857215  2.5
  4.570880  1
  1.179580  1.5
