  99.069286  10
  180.151645  10
  424.023616  10
  776.848346  10
  1249.344882  10
  1840.396013  10
  2549.843936  10
  3377.625591  10
  4323.712747  10
  5388.091212  10
  0.463487  10.5
  201.892983  10.5
  422.986220  10.5
  776.864411  10.5
  1249.344765  10.5
  1840.396013  10.5
  2549.843936  10.5
  3377.625591  10.5
  4323.712747  10.5
  5388.091212  10.5
  86.381258  9
  171.900232  9
  413.434511  9
  766.819821  9
  1239.450311  9
  1830.571398  9
  2540.059559  9
  3367.866476  9
  4313.970524  9
  0.699276  9.5
  188.086144  9.5
  412.825877  9.5
  766.827249  9.5
  1239.450269  9.5
  1830.571399  9.5
  2540.059559  9.5
  3367.866476  9.5
  4313.970524  9.5
  74.598272  8
  164.322677  8
  404.067879  8
  757.871918  8
  1230.613497  8
  1821.791855  8
  2531.312949  8
  3359.140534  8
  1.043133  8.5
  175.899575  8.5
  403.734305  8.5
  757.875018  8.5
  1230.613484  8.5
  1821.791855  8.5
  2531.312949  8.5
  3359.140534  8.5
  63.759919  7
  157.455898  7
  395.882778  7
  749.996608  7
  1222.829004  7
  1814.053742  7
  2523.601492  7
  1.536450  7.5
  165.325553  7.5
  395.715330  7.5
  749.997737  7.5
  1222.829001  7.5
  1814.053742  7.5
  2523.601492  7.5
  53.892473  6
  151.339011  6
  388.845388  6
  743.186601  6
  1216.092053  6
  1807.353851  6
  2.231519  6.5
  156.342744  6.5
  388.770726  6.5
  743.186940  6.5
  1216.092053  6.5
  1807.353851  6.5
  45.008446  5
  146.014111  5
  382.928579  5
  737.435442  5
  1210.398517  5
  3.191857  5.5
  148.915742  5.5
  382.900508  5.5
  737.435518  5.5
  1210.398517  5.5
  37.106252  4
  141.527116  4
  378.111334  4
  732.737594  4
  4.491423  4.5
  142.995609  4.5
  378.103298  4.5
  732.737603  4.5
  30.169974  3
  137.928627  3
  374.378084  3
  6.212572  3.5
  138.521597  3.5
  374.376742  3.5
  24.169310  2
  135.274652  2
  8.442882  2.5
  135.423898  2.5
  19.059833  1
  11.271242  1.5
