  130.997720  10
  328.727205  10
  829.208601  10
  1572.868286  10
  2565.784368  10
  3807.299615  10
  5297.274751  10
  7035.656608  10
  9022.421432  10
  11257.557308  10
  3.394271  10.5
  344.555388  10.5
  828.870123  10.5
  1572.870735  10.5
  2565.784360  10.5
  3807.299615  10.5
  5297.274751  10.5
  7035.656608  10.5
  9022.421432  10.5
  11257.557308  10.5
  116.738660  9
  319.892241  9
  819.021201  9
  1563.013729  9
  2556.035636  9
  3797.604605  9
  5287.610590  9
  7026.011786  9
  9012.789529  9
  4.386748  9.5
  331.540739  9.5
  818.823313  9.5
  1563.014860  9.5
  2556.035633  9.5
  3797.604605  9.5
  5287.610590  9.5
  7026.011786  9.5
  9012.789529  9.5
  103.452185  8
  311.833027  8
  809.948086  8
  1554.208569  8
  2547.320639  8
  3788.935214  8
  5278.967372  8
  7017.384968  8
  5.629270  8.5
  320.074575  8.5
  809.839939  8.5
  1554.209040  8.5
  2547.320638  8.5
  3788.935214  8.5
  5278.967372  8.5
  7017.384968  8.5
  91.140572  7
  304.579843  7
  801.973542  7
  1546.448820  7
  2539.636856  7
  3781.289744  7
  5271.343874  7
  7.169913  7.5
  310.126581  7.5
  801.919379  7.5
  1546.448992  7.5
  2539.636856  7.5
  3781.289744  7.5
  5271.343874  7.5
  79.799439  6
  298.164966  6
  795.084558  6
  1539.730939  6
  2532.982063  6
  3774.666697  6
  9.061268  6.5
  301.660409  6.5
  795.060452  6.5
  1539.730990  6.5
  2532.982063  6.5
  3774.666697  6.5
  69.417681  5
  292.622938  5
  789.270617  5
  1534.051835  5
  2527.354335  5
  11.359646  5.5
  294.634359  5.5
  789.261567  5.5
  1534.051846  5.5
  2527.354335  5.5
  59.977451  4
  287.990801  4
  784.523456  4
  1529.408884  4
  14.124028  4.5
  289.002289  4.5
  784.520868  4.5
  1529.408885  4.5
  51.454205  3
  284.308286  3
  780.836842  3
  17.414845  3.5
  284.714687  3.5
  780.836411  3.5
  43.816837  2
  281.617904  2
  21.292653  2.5
  281.719827  2.5
  37.027926  1
  25.816796  1.5
