  49.542393  10
  49.718709  10
  115.969317  10
  131.358245  10
  174.796941  10
  225.590564  10
  288.314054  10
  361.980877  10
  446.454588  10
  541.654439  10
  0.000000  10.5
  89.425618  10.5
  92.383786  10.5
  138.981474  10.5
  173.832161  10.5
  225.645411  10.5
  288.312360  10.5
  361.980906  10.5
  446.454588  10.5
  541.654439  10.5
  44.070363  9
  44.432509  9
  99.354043  9
  118.758338  9
  161.083788  9
  212.786250  9
  275.802139  9
  349.660774  9
  434.260977  9
  0.000001  9.5
  77.615764  9.5
  82.454648  9.5
  122.857147  9.5
  160.718323  9.5
  212.801283  9.5
  275.801817  9.5
  349.660777  9.5
  434.260977  9.5
  38.502722  8
  39.218665  8
  84.180120  8
  107.332455  8
  149.253490  8
  201.498092  8
  264.732752  8
  338.730341  8
  0.000005  8.5
  65.720687  8.5
  73.018394  8.5
  109.241295  8.5
  149.136321  8.5
  201.501378  8.5
  264.732709  8.5
  338.730341  8.5
  32.791002  7
  34.134523  7
  70.859233  7
  97.209701  7
  139.101011  7
  191.672370  7
  255.062830  7
  0.000029  7.5
  54.123753  7.5
  64.245654  7.5
  97.958082  7.5
  139.070875  7.5
  191.672883  7.5
  255.062827  7.5
  26.917301  6
  29.265063  6
  59.686248  6
  88.472219  6
  130.487679  6
  183.258947  6
  0.000169  6.5
  43.302061  6.5
  56.310603  6.5
  88.707911  6.5
  130.482093  6.5
  183.258990  6.5
  20.980582  5
  24.723149  5
  50.774162  5
  81.153181  5
  123.320103  5
  0.000967  5.5
  33.693543  5.5
  49.375256  5.5
  81.207182  5.5
  123.319538  5.5
  15.265081  4
  20.642706  4
  44.001802  4
  75.244420  4
  0.005283  4.5
  25.637653  4.5
  43.576022  4.5
  75.251298  4.5
  10.173310  3
  17.167587  3
  39.087232  3
  0.026766  3.5
  19.374889  3.5
  39.013659  3.5
  6.061125  2
  14.444591  2
  0.120077  2.5
  15.043763  2.5
  3.118947  1
  0.448009  1.5
