  55.429719  10
  56.355394  10
  122.857619  10
  154.931219  10
  214.987540  10
  289.508606  10
  379.806998  10
  485.495793  10
  606.472223  10
  742.683289  10
  0.000006  10.5
  95.656244  10.5
  105.394533  10.5
  158.252945  10.5
  214.748380  10.5
  289.517190  10.5
  379.806825  10.5
  485.495795  10.5
  606.472223  10.5
  742.683289  10.5
  48.943343  9
  50.503601  9
  106.904417  9
  142.922305  9
  202.820799  9
  277.783095  9
  368.278723  9
  474.091917  9
  595.151147  9
  0.000024  9.5
  82.199475  9.5
  95.144820  9.5
  144.563803  9.5
  202.733184  9.5
  277.785413  9.5
  368.278690  9.5
  474.091918  9.5
  595.151147  9.5
  42.299365  8
  44.821204  8
  92.886251  8
  132.185328  8
  192.145339  8
  267.400150  8
  358.041747  8
  463.946556  8
  0.000103  8.5
  69.296762  8.5
  85.618383  8.5
  132.903092  8.5
  192.117873  8.5
  267.400651  8.5
  358.041743  8.5
  463.946556  8.5
  35.520502  7
  39.385015  7
  80.966048  7
  122.763294  7
  182.873748  7
  258.323594  7
  349.069794  7
  0.000431  7.5
  57.312591  7.5
  76.944897  7.5
  123.033142  7.5
  182.866789  7.5
  258.323672  7.5
  349.069794  7.5
  28.730770  6
  34.287893  6
  71.169261  6
  114.669929  6
  174.942118  6
  250.521360  6
  0.001756  6.5
  46.561586  6.5
  69.242461  6.5
  114.752739  6.5
  174.940840  6.5
  250.521366  6.5
  22.174312  5
  29.634119  5
  63.371794  5
  107.895212  5
  168.302328  5
  0.006932  5.5
  37.292974  5.5
  62.611280  5.5
  107.913896  5.5
  168.302200  5.5
  16.164549  4
  25.533604  4
  57.353316  4
  102.413646  4
  0.026087  4.5
  29.693795  4.5
  57.128841  4.5
  102.416004  4.5
  10.993929  3
  22.098178  3
  52.885089  3
  0.091501  3.5
  23.888475  3.5
  52.846930  3.5
  6.863762  2
  19.444064  2
  0.289711  2.5
  19.917921  2.5
  3.850821  1
  0.800724  1.5
