  38.224037  10
  38.224037  10
  102.466173  10
  102.466253  10
  150.132586  10
  150.218809  10
  177.721805  10
  183.127065  10
  198.631937  10
  215.638868  10
  0.000000  10.5
  72.385959  10.5
  72.385960  10.5
  128.424210  10.5
  128.427718  10.5
  166.932184  10.5
  168.012428  10.5
  186.231631  10.5
  198.274424  10.5
  215.651222  10.5
  34.198528  9
  34.198528  9
  90.377676  9
  90.378475  9
  129.637331  9
  130.116529  9
  149.056309  9
  158.428140  9
  173.896844  9
  0.000000  9.5
  64.332870  9.5
  64.332882  9.5
  112.264194  9.5
  112.291748  9.5
  141.301516  9.5
  144.694425  9.5
  159.087886  9.5
  173.869586  9.5
  30.172904  8
  30.172905  8
  78.279727  8
  78.286976  8
  108.548186  8
  110.439764  8
  124.137154  8
  136.596390  8
  0.000000  8.5
  56.278611  8.5
  56.278748  8.5
  96.003847  8.5
  96.185879  8.5
  116.136994  8.5
  122.994115  8.5
  136.655145  8.5
  26.147091  7
  26.147105  7
  66.146411  7
  66.203433  7
  87.284079  7
  91.924628  7
  103.934783  7
  0.000000  7.5
  48.221794  7.5
  48.223239  7.5
  79.392013  7.5
  80.297550  7.5
  93.752843  7.5
  103.812005  7.5
  22.120878  6
  22.121058  6
  53.856058  6
  54.212741  6
  67.833843  6
  75.503363  6
  0.000000  6.5
  40.155519  6.5
  40.169157  6.5
  62.336094  6.5
  65.162536  6.5
  75.749135  6.5
  18.093155  5
  18.095217  5
  41.168089  5
  42.646190  5
  52.111609  5
  0.000000  5.5
  32.038302  5.5
  32.145917  5.5
  46.218019  5.5
  51.649106  5.5
  14.055349  4
  14.076160  4
  28.735939  4
  32.218055  4
  0.000000  4.5
  23.704859  4.5
  24.315335  4.5
  33.014976  4.5
  9.950404  3
  10.116218  3
  18.394060  3
  0.000000  3.5
  15.252642  3.5
  17.170290  3.5
  5.677554  2
  6.461260  2
  0.000044  2.5
  8.113603  2.5
  2.018915  1
  0.006331  1.5
