  40.213884  10
  40.214039  10
  106.366551  10
  106.555508  10
  146.887021  10
  156.255678  10
  181.494550  10
  209.537426  10
  243.055533  10
  281.327069  10
  0.000000  10.5
  75.777975  10.5
  75.786115  10.5
  130.652454  10.5
  132.736638  10.5
  160.875495  10.5
  180.873240  10.5
  209.574988  10.5
  243.054423  10.5
  281.327082  10.5
  35.959989  9
  35.960693  9
  93.251736  9
  93.835590  9
  124.741708  9
  138.320487  9
  163.061589  9
  192.128124  9
  226.093846  9
  0.000000  9.5
  67.234040  9.5
  67.265449  9.5
  112.045000  9.5
  116.520912  9.5
  140.011184  9.5
  162.926502  9.5
  192.132929  9.5
  226.093781  9.5
  31.703827  8
  31.706923  8
  79.767169  8
  81.343990  8
  105.092193  8
  122.293907  8
  147.263284  8
  176.901425  8
  0.000000  8.5
  58.645746  8.5
  58.759460  8.5
  93.494516  8.5
  101.291158  8.5
  122.737614  8.5
  147.243401  8.5
  176.901743  8.5
  27.441674  7
  27.454712  7
  65.861783  7
  69.361348  7
  88.773154  7
  108.389626  7
  133.751560  7
  0.000000  7.5
  49.941208  7.5
  50.317171  7.5
  76.181213  7.5
  87.503052  7.5
  108.466975  7.5
  133.750043  7.5
  23.161080  6
  23.212877  6
  52.106456  6
  58.285232  6
  75.802515  6
  96.638744  6
  0.000000  6.5
  40.982971  6.5
  42.063764  6.5
  61.237658  6.5
  75.527494  6.5
  96.645708  6.5
  18.823766  5
  19.012382  5
  39.585797  5
  48.547048  5
  65.592593  5
  0.000000  5.5
  31.736821  5.5
  34.244116  5.5
  49.393962  5.5
  65.562263  5.5
  14.345057  4
  14.940428  4
  29.283240  4
  40.498908  4
  0.000008  4.5
  22.730137  4.5
  27.217266  4.5
  40.620682  4.5
  9.708141  3
  11.184121  3
  21.802509  3
  0.000206  3.5
  14.941041  3.5
  21.378868  3.5
  5.378945  2
  8.033781  2
  0.004325  2.5
  9.158631  2.5
  2.191227  1
  0.066342  1.5
