  39.146605  10
  39.146614  10
  104.341823  10
  104.363432  10
  148.966523  10
  152.163897  10
  174.787581  10
  194.491728  10
  220.222301  10
  249.899485  10
  0.000000  10.5
  73.967478  10.5
  73.968111  10.5
  129.864656  10.5
  130.246876  10.5
  161.548584  10.5
  172.457694  10.5
  194.719114  10.5
  220.212547  10.5
  249.899646  10.5
  35.015667  9
  35.015720  9
  91.843651  9
  91.938281  9
  126.433075  9
  132.925548  9
  152.888573  9
  174.722680  9
  201.043963  9
  0.000000  9.5
  65.692665  9.5
  65.696059  9.5
  112.625359  9.5
  113.867625  9.5
  137.273295  9.5
  152.294009  9.5
  174.754026  9.5
  201.043365  9.5
  30.883983  8
  30.884305  8
  79.201648  8
  79.571570  8
  104.915780  8
  115.243749  8
  134.637086  8
  157.507208  8
  0.000000  8.5
  57.405833  8.5
  57.422960  8.5
  94.807199  8.5
  98.003770  8.5
  116.638864  8.5
  134.541087  8.5
  157.509390  8.5
  26.750625  7
  26.752504  7
  66.213294  7
  67.425382  7
  85.981492  7
  99.638796  7
  119.297849  7
  0.000000  7.5
  49.082685  7.5
  49.162192  7.5
  76.988683  7.5
  83.170890  7.5
  99.913685  7.5
  119.290109  7.5
  22.611963  6
  22.622311  6
  52.818026  6
  55.844994  6
  70.660713  6
  86.388436  6
  0.000000  6.5
  40.644086  6.5
  40.969769  6.5
  60.581740  6.5
  69.948802  6.5
  86.414875  6.5
  18.452692  5
  18.505130  5
  39.801583  5
  45.344943  5
  58.875930  5
  0.000000  5.5
  31.928009  5.5
  33.012664  5.5
  46.926541  5.5
  58.790421  5.5
  14.217042  4
  14.449110  4
  28.506926  4
  36.463811  4
  0.000001  4.5
  23.023149  4.5
  25.638012  4.5
  36.717614  4.5
  9.802210  3
  10.603305  3
  19.986207  3
  0.000029  3.5
  14.862183  3.5
  19.335926  3.5
  5.442036  2
  7.278187  2
  0.001162  2.5
  8.590004  2.5
  2.097834  1
  0.033305  1.5
