  49.677794  10
  49.862675  10
  116.088017  10
  131.821430  10
  175.573580  10
  226.880964  10
  290.184420  10
  364.523554  10
  449.762533  10
  545.821554  10
  0.000000  10.5
  89.585001  10.5
  92.651524  10.5
  139.302114  10.5
  174.641665  10.5
  226.933289  10.5
  290.182823  10.5
  364.523581  10.5
  449.762533  10.5
  545.821554  10.5
  44.184951  9
  44.562601  9
  99.476615  9
  119.234952  9
  161.912170  9
  214.109781  9
  277.702841  9
  352.231567  9
  437.595624  9
  0.000001  9.5
  77.727050  9.5
  82.711605  9.5
  123.245788  9.5
  161.559619  9.5
  214.124115  9.5
  277.702537  9.5
  352.231570  9.5
  437.595624  9.5
  38.594445  8
  39.336846  8
  84.324625  8
  107.826919  8
  150.119426  8
  202.849471  8
  266.659026  8
  341.325167  8
  0.000005  8.5
  65.797159  8.5
  73.271068  8.5
  109.690493  8.5
  150.006496  8.5
  202.852604  8.5
  266.658985  8.5
  341.325167  8.5
  32.858267  7
  34.243454  7
  71.036815  7
  97.723695  7
  139.994826  7
  193.046763  7
  257.010479  7
  0.000031  7.5
  54.183058  7.5
  64.499815  7.5
  98.453165  7.5
  139.965796  7.5
  193.047252  7.5
  257.010476  7.5
  26.961160  6
  29.367896  6
  59.900737  6
  89.004999  6
  131.402671  6
  184.652063  6
  0.000180  6.5
  43.359366  6.5
  56.570611  6.5
  89.234509  6.5
  131.397292  6.5
  184.652104  6.5
  21.006775  5
  24.823070  5
  51.021481  5
  81.702271  5
  124.251316  5
  0.001023  5.5
  33.758386  5.5
  49.643688  5.5
  81.754826  5.5
  124.250771  5.5
  15.282376  4
  20.742380  4
  44.272533  4
  75.806481  4
  0.005525  4.5
  25.714462  4.5
  43.853634  4.5
  75.813173  4.5
  10.188681  3
  17.268763  3
  39.371956  3
  0.027701  3.5
  19.464355  3.5
  39.299613  3.5
  6.077059  2
  14.548052  2
  0.123018  2.5
  15.143605  2.5
  3.134209  1
  0.454965  1.5
