  38.370993  10
  38.370993  10
  102.770129  10
  102.770586  10
  150.124231  10
  150.409200  10
  175.946954  10
  184.618048  10
  202.220755  10
  222.369386  10
  0.000000  10.5
  72.638743  10.5
  72.638751  10.5
  128.691711  10.5
  128.707148  10.5
  165.871058  10.5
  168.367428  10.5
  186.401760  10.5
  202.072768  10.5
  222.373469  10.5
  34.328733  9
  34.328734  9
  90.622135  9
  90.625692  9
  129.177899  9
  130.361149  9
  148.571436  9
  161.185660  9
  179.195503  9
  0.000000  9.5
  64.550721  9.5
  64.550791  9.5
  112.404161  9.5
  112.497612  9.5
  139.872964  9.5
  145.644710  9.5
  161.503214  9.5
  179.185169  9.5
  30.286279  8
  30.286285  8
  78.453567  8
  78.478574  8
  107.593197  8
  111.021192  8
  125.545411  8
  140.666690  8
  0.000000  8.5
  56.460576  8.5
  56.461190  8.5
  95.906770  8.5
  96.377255  8.5
  115.363673  8.5
  124.902716  8.5
  140.692261  8.5
  26.243489  7
  26.243554  7
  66.208525  7
  66.360145  7
  86.507688  7
  93.172713  7
  106.870307  7
  0.000000  7.5
  48.365142  7.5
  48.370182  7.5
  78.899711  7.5
  80.644357  7.5
  94.372239  7.5
  106.808881  7.5
  22.199902  6
  22.200533  6
  53.696336  6
  54.417713  6
  67.939610  6
  77.600903  6
  0.000000  6.5
  40.249091  6.5
  40.285967  6.5
  61.727821  6.5
  65.924539  6.5
  77.742515  6.5
  18.152994  5
  18.158622  5
  40.796436  5
  43.071964  5
  53.329285  5
  0.000000  5.5
  32.038866  5.5
  32.263273  5.5
  46.081129  5.5
  53.021813  5.5
  14.086583  4
  14.130674  4
  28.548529  4
  33.035928  4
  0.000000  4.5
  23.549396  4.5
  24.523418  4.5
  33.645522  4.5
  9.921211  3
  10.192887  3
  18.650512  3
  0.000001  3.5
  15.111089  3.5
  17.590987  3.5
  5.608092  2
  6.622279  2
  0.000122  2.5
  8.188561  2.5
  2.031375  1
  0.010531  1.5
