  180.893649  10
  594.697779  10
  1562.861049  10
  3011.533672  10
  4944.236681  10
  7360.457664  10
  10260.066971  10
  13643.015629  10
  17509.281804  10
  21858.854559  10
  13.453132  10.5
  606.328788  10.5
  1562.736884  10.5
  3011.534130  10.5
  4944.236680  10.5
  7360.457664  10.5
  10260.066971  10.5
  13643.015629  10.5
  17509.281804  10.5
  21858.854559  10.5
  164.710983  9
  585.425196  9
  1552.827277  9
  3001.755536  9
  4934.551441  9
  7350.819203  9
  10250.455323  9
  13633.420770  9
  17499.698151  9
  15.932136  9.5
  593.936444  9.5
  1552.754772  9.5
  3001.755747  9.5
  4934.551441  9.5
  7350.819203  9.5
  10250.455323  9.5
  13633.420770  9.5
  17499.698151  9.5
  149.489302  8
  577.006038  8
  1543.868224  8
  2993.012885  8
  4925.889545  8
  7342.197912  8
  10241.857294  8
  13624.837302  8
  18.791321  8.5
  582.996943  8.5
  1543.828640  8.5
  2993.012973  8.5
  4925.889545  8.5
  7342.197912  8.5
  10241.857294  8.5
  13624.837302  8.5
  135.218700  7
  569.465639  7
  1535.977077  7
  2985.303657  7
  4918.249709  7
  7334.592925  7
  10234.272262  7
  22.071737  7.5
  573.479128  7.5
  1535.957269  7.5
  2985.303689  7.5
  4918.249709  7.5
  7334.592925  7.5
  10234.272262  7.5
  121.885837  6
  562.830640  6
  1529.148141  6
  2978.626025  6
  4911.630803  6
  7328.003478  6
  25.815634  6.5
  565.349713  6.5
  1529.139331  6.5
  2978.626034  6.5
  4911.630803  6.5
  7328.003478  6.5
  109.473951  5
  557.129052  5
  1523.376755  5
  2972.978406  5
  4906.031847  5
  30.066011  5.5
  558.573687  5.5
  1523.373450  5.5
  2972.978408  5.5
  4906.031847  5.5
  97.962909  4
  552.390300  4
  1518.659209  4
  2968.359457  4
  34.866131  4.5
  553.114736  4.5
  1518.658264  4.5
  2968.359458  4.5
  87.329270  3
  548.645237  3
  1514.992655  3
  40.259028  3.5
  548.935672  3.5
  1514.992498  3.5
  77.546393  2
  545.926123  2
  46.287023  2.5
  545.998850  2.5
  68.584580  1
  52.991259  1.5
