  44.779469  10
  44.798950  10
  112.195125  10
  117.081720  10
  152.631608  10
  184.945645  10
  228.172587  10
  279.237416  10
  338.058427  10
  404.494889  10
  0.000000  10.5
  83.081175  10.5
  83.590650  10.5
  131.582971  10.5
  149.017083  10.5
  185.308503  10.5
  228.154536  10.5
  279.237907  10.5
  338.058420  10.5
  404.494890  10.5
  39.973500  9
  40.024966  9
  96.246024  9
  104.096868  9
  136.014634  9
  170.494614  9
  214.115622  9
  265.500279  9
  324.525003  9
  0.000000  9.5
  73.084512  9.5
  74.196490  9.5
  112.984313  9.5
  134.508056  9.5
  170.597952  9.5
  214.112115  9.5
  265.500338  9.5
  324.525003  9.5
  35.137454  8
  35.268805  8
  80.726557  8
  92.003103  8
  122.084880  8
  157.805876  8
  201.754358  8
  253.363442  8
  0.000000  8.5
  62.801124  8.5
  65.034082  8.5
  96.695967  8.5
  121.571155  8.5
  157.829060  8.5
  201.753878  8.5
  253.363446  8.5
  30.237578  7
  30.557476  7
  66.346979  7
  81.052032  7
  110.434190  7
  146.820663  7
  191.010550  7
  0.000001  7.5
  52.260666  7.5
  56.271633  7.5
  83.086612  7.5
  110.296907  7.5
  146.824345  7.5
  191.010515  7.5
  25.216781  6
  25.945504  6
  53.733855  6
  71.454403  6
  100.724008  6
  137.466693  6
  0.000008  6.5
  41.791791  6.5
  48.123674  6.5
  72.138985  6.5
  100.697956  6.5
  137.467006  6.5
  20.024822  5
  21.528729  5
  43.354560  5
  63.351534  5
  92.734896  5
  0.000076  5.5
  31.986968  5.5
  40.826001  5.5
  63.514424  5.5
  92.732220  5.5
  14.747451  4
  17.450597  4
  35.423239  4
  56.802821  4
  0.000680  4.5
  23.448173  4.5
  34.603384  4.5
  56.823990  4.5
  9.755372  3
  13.891856  3
  29.787464  3
  0.005622  3.5
  16.627448  3.5
  29.640712  3.5
  5.582822  2
  11.048216  2
  0.040615  2.5
  11.816483  2.5
  2.617892  1
  0.230922  1.5
