  67.147829  10
  74.277307  10
  154.053709  10
  232.793909  10
  346.699772  10
  489.617898  10
  661.524932  10
  862.276511  10
  1091.813684  10
  1350.106789  10
  0.000806  10.5
  109.130833  10.5
  145.773619  10.5
  233.424076  10.5
  346.679207  10.5
  489.618255  10.5
  661.524929  10.5
  862.276511  10.5
  1091.813684  10.5
  1350.106789  10.5
  58.198578  9
  67.494527  9
  140.485050  9
  221.757743  9
  335.865168  9
  478.972538  9
  650.983557  9
  851.800384  9
  1081.381187  9
  0.002164  9.5
  94.547591  9.5
  135.372507  9.5
  222.053670  9.5
  335.857770  9.5
  478.972634  9.5
  650.983557  9.5
  851.800384  9.5
  1081.381187  9.5
  49.364475  8
  61.086468  8
  128.847184  8
  211.952813  8
  326.250732  8
  469.498113  8
  641.587820  8
  842.454055  8
  0.005727  8.5
  81.266424  8.5
  125.932413  8.5
  212.077739  8.5
  326.248444  8.5
  469.498134  8.5
  641.587820  8.5
  842.454055  8.5
  40.837780  7
  55.123772  7
  119.018884  7
  203.367402  7
  317.828090  7
  461.177708  7
  633.325658  7
  0.014884  7.5
  69.433172  7.5
  117.512534  7.5
  203.413276  7.5
  317.827515  7.5
  461.177711  7.5
  633.325658  7.5
  32.830248  6
  49.678929  6
  110.846630  6
  195.983937  6
  310.573576  6
  453.996469  6
  0.037771  6.5
  59.165152  6.5
  110.160947  6.5
  195.997800  6.5
  310.573471  6.5
  453.996469  6.5
  25.541401  5
  44.825284  5
  104.175263  5
  189.781925  5
  304.467439  5
  0.092872  5.5
  50.550421  5.5
  103.913753  5.5
  189.785021  5.5
  304.467428  5.5
  19.133491  4
  40.637516  4
  98.870459  4
  184.740557  4
  0.219057  4.5
  43.641706  4.5
  98.794861  4.5
  184.740946  4.5
  13.716473  3
  37.194266  3
  94.829346  3
  0.489775  3.5
  38.444575  3.5
  94.816646  3.5
  9.340308  2
  34.583352  2
  1.025750  2.5
  34.905184  2.5
  5.990911  1
  1.994548  1.5
