  211.539751  10
  771.059405  10
  2050.956621  10
  3968.368915  10
  6526.008333  10
  9723.392563  10
  13560.394523  10
  18036.966308  10
  23153.086573  10
  28908.744633  10
  22.205744  10.5
  781.235752  10.5
  2050.875148  10.5
  3968.369142  10.5
  6526.008333  10.5
  9723.392563  10.5
  13560.394523  10.5
  18036.966308  10.5
  23153.086573  10.5
  28908.744633  10.5
  194.310350  9
  761.627648  9
  2040.959425  9
  3958.610439  9
  6516.339395  9
  9713.768633  9
  13550.796375  9
  18027.384296  9
  23143.515330  9
  25.607196  9.5
  769.063243  9.5
  2040.911862  9.5
  3958.610544  9.5
  6516.339395  9.5
  9713.768633  9.5
  13550.796375  9.5
  18027.384296  9.5
  23143.515330  9.5
  178.028842  8
  753.078299  8
  2032.027834  8
  3949.883859  8
  6507.691139  8
  9705.159705  8
  13542.209965  8
  18018.811978  8
  29.436923  8.5
  758.305008  8.5
  2032.001873  8.5
  3949.883903  8.5
  6507.691139  8.5
  9705.159705  8.5
  13542.209965  8.5
  18018.811978  8.5
  162.683310  7
  745.434612  7
  2024.157011  7
  3942.187616  7
  6500.062597  7
  9697.565126  7
  13534.634826  7
  33.731701  7.5
  748.931959  7.5
  2024.144023  7.5
  3942.187631  7.5
  6500.062597  7.5
  9697.565126  7.5
  13534.634826  7.5
  148.259261  6
  738.720881  6
  2017.342894  6
  3935.520329  6
  6493.452917  6
  9690.984321  6
  38.528849  6.5
  740.913719  6.5
  2017.337118  6.5
  3935.520334  6.5
  6493.452917  6.5
  9690.984321  6.5
  134.739649  5
  732.962462  5
  2011.582142  5
  3929.880804  5
  6487.861360  5
  43.865920  5.5
  734.218904  5.5
  2011.579975  5.5
  3929.880805  5.5
  6487.861360  5.5
  122.104925  4
  728.185791  4
  2006.872080  4
  3925.268028  4
  49.780370  4.5
  728.815401  4.5
  2006.871461  4.5
  3925.268029  4.5
  110.333092  3
  724.418370  3
  2003.210642  3
  56.309245  3.5
  724.670647  3.5
  2003.210539  3.5
  99.399791  2
  721.688748  2
  63.488863  2.5
  721.751894  2.5
  89.278410  1
  71.354519  1.5
