  38.493729  10
  38.493729  10
  103.022730  10
  103.023955  10
  150.053689  10
  150.603224  10
  175.014608  10
  186.022091  10
  205.202375  10
  227.368308  10
  -0.000000  10.5
  72.849626  10.5
  72.849649  10.5
  128.906303  10.5
  128.941736  10.5
  164.970096  10.5
  168.805136  10.5
  187.208185  10.5
  205.119926  10.5
  227.370310  10.5
  34.437467  9
  34.437469  9
  90.823756  9
  90.832007  9
  128.728547  9
  130.641640  9
  148.724030  9
  163.424861  9
  183.148583  9
  0.000000  9.5
  64.732345  9.5
  64.732532  9.5
  112.497063  9.5
  112.681579  9.5
  138.983898  9.5
  146.559247  9.5
  163.618916  9.5
  183.143055  9.5
  30.380940  8
  30.380957  8
  78.591621  8
  78.641742  8
  106.918560  8
  111.587534  8
  126.902824  8
  143.705755  8
  0.000000  8.5
  56.611973  8.5
  56.613407  8.5
  95.780467  8.5
  96.571667  8.5
  115.119117  8.5
  126.470650  8.5
  143.720677  8.5
  26.323937  7
  26.324091  7
  66.242064  7
  66.503556  7
  86.116264  7
  94.207976  7
  109.091756  7
  0.000000  7.5
  48.483279  7.5
  48.493478  7.5
  78.507575  7.5
  80.980449  7.5
  95.098001  7.5
  109.052634  7.5
  22.265702  6
  22.266987  6
  53.550712  6
  54.610938  6
  68.205010  6
  79.174625  6
  0.000000  6.5
  40.322330  6.5
  40.386866  6.5
  61.364300  6.5
  66.560831  6.5
  79.273164  6.5
  18.202210  5
  18.212140  5
  40.550035  5
  43.428739  5
  54.286283  5
  0.000000  5.5
  32.030970  5.5
  32.369211  5.5
  46.088289  5.5
  54.052200  5.5
  14.110632  4
  14.177992  4
  28.465290  4
  33.648509  4
  0.000000  4.5
  23.437087  4.5
  24.697960  4.5
  34.156387  4.5
  9.898655  3
  10.257186  3
  18.863666  3
  0.000002  3.5
  15.031817  3.5
  17.904446  3.5
  5.565835  2
  6.741308  2
  0.000216  2.5
  8.251433  2.5
  2.041813  1
  0.014066  1.5
