  58.264346  10
  59.950828  10
  127.828652  10
  169.251618  10
  239.434944  10
  327.148025  10
  433.092392  10
  556.986284  10
  698.740916  10
  858.311189  10
  0.000023  10.5
  98.469614  10.5
  112.972723  10.5
  171.475267  10.5
  239.305617  10.5
  327.151873  10.5
  433.092327  10.5
  556.986284  10.5
  698.740916  10.5
  858.311189  10.5
  51.214243  9
  53.852617  9
  112.399325  9
  157.509636  9
  227.713840  9
  315.769465  9
  421.880287  9
  545.878748  9
  687.703111  9
  0.000087  9.5
  84.537278  9.5
  102.645537  9.5
  158.585907  9.5
  227.666804  9.5
  315.770500  9.5
  421.880275  9.5
  545.878748  9.5
  687.703111  9.5
  44.017436  8
  47.974731  8
  98.996020  8
  147.044887  8
  217.386461  8
  305.677783  8
  411.912186  8
  535.988163  8
  0.000324  8.5
  71.415266  8.5
  93.120404  8.5
  147.508839  8.5
  217.371791  8.5
  305.678007  8.5
  411.912185  8.5
  535.988163  8.5
  36.753844  7
  42.396433  7
  87.682072  7
  137.877240  7
  208.389736  7
  296.843068  7
  403.166617  7
  0.001181  7.5
  59.402820  7.5
  84.506862  7.5
  138.050043  7.5
  208.386033  7.5
  296.843102  7.5
  403.166617  7.5
  29.603932  6
  37.207842  6
  78.394462  6
  130.005195  6
  200.675536  6
  289.238965  6
  0.004200  6.5
  48.746603  6.5
  76.901379  6.5
  130.057908  6.5
  200.674858  6.5
  289.238968  6.5
  22.830645  5
  32.505671  5
  70.965027  5
  123.411494  5
  194.206228  5
  0.014457  5.5
  39.640155  5.5
  70.383271  5.5
  123.423342  5.5
  194.206160  5.5
  16.717734  4
  28.389322  4
  65.182146  4
  118.069839  4
  0.047490  4.5
  32.227113  4.5
  65.011763  4.5
  118.071331  4.5
  11.503315  3
  24.959784  3
  60.853393  3
  0.145877  3.5
  26.595054  3.5
  60.824552  3.5
  7.338066  2
  22.323981  2
  0.408313  2.5
  22.753062  2.5
  4.266339  1
  1.016003  1.5
