  56.031561  10
  57.091350  10
  123.807633  10
  157.787369  10
  219.871956  10
  297.068723  10
  390.531619  10
  499.901040  10
  625.077403  10
  766.009574  10
  0.000008  10.5
  96.250216  10.5
  106.917924  10.5
  160.837643  10.5
  219.662512  10.5
  297.075938  10.5
  390.531480  10.5
  499.901041  10.5
  625.077403  10.5
  766.009574  10.5
  49.429137  9
  51.185930  9
  107.958766  9
  145.836614  9
  207.810267  9
  285.423557  9
  379.076520  9
  488.565675  9
  613.821770  9
  0.000032  9.5
  82.677240  9.5
  96.648613  9.5
  147.336192  9.5
  207.733677  9.5
  285.425504  9.5
  379.076493  9.5
  488.565675  9.5
  613.821770  9.5
  42.668496  8
  45.460637  8
  94.070601  8
  135.160387  8
  197.216198  8
  275.108029  8
  368.901720  8
  478.479178  8
  0.000133  8.5
  69.717417  8.5
  87.120783  8.5
  135.813759  8.5
  197.192219  8.5
  275.108450  8.5
  368.901716  8.5
  478.479178  8.5
  35.784083  7
  39.993120  7
  82.283934  7
  125.796005  7
  188.008517  7
  266.087409  7
  359.982076  7
  0.000540  7.5
  57.721680  7.5
  78.459714  7.5
  126.041072  7.5
  188.002447  7.5
  266.087474  7.5
  359.982076  7.5
  28.913570  6
  34.875896  6
  72.602836  6
  117.753292  6
  180.127265  6
  258.330961  6
  0.002135  6.5
  46.988874  6.5
  70.778614  6.5
  117.828387  6.5
  180.126152  6.5
  258.330967  6.5
  22.307687  5
  30.211711  5
  64.890636  5
  111.020236  5
  173.526894  5
  0.008170  5.5
  37.754938  5.5
  64.172867  5.5
  111.037163  5.5
  173.526782  5.5
  16.274835  4
  26.108146  4
  58.927135  4
  105.570949  4
  0.029822  4.5
  30.196685  4.5
  58.715678  4.5
  105.573085  4.5
  11.095498  3
  22.674523  3
  54.491388  3
  0.101516  3.5
  24.430069  3.5
  54.455478  3.5
  6.959200  2
  20.024888  2
  0.312565  2.5
  20.488625  2.5
  3.934988  1
  0.843540  1.5
