  44.927571  10
  44.948905  10
  112.320265  10
  117.469952  10
  153.137853  10
  186.068578  10
  229.885596  10
  281.637223  10
  341.234142  10
  408.538976  10
  0.000000  10.5
  83.300561  10.5
  83.849820  10.5
  131.696389  10.5
  149.678744  10.5
  186.407690  10.5
  229.869035  10.5
  281.637666  10.5
  341.234136  10.5
  408.538976  10.5
  40.102582  9
  40.158370  9
  96.316353  9
  104.492150  9
  136.656075  9
  171.688471  9
  215.897573  9
  267.962566  9
  327.759551  9
  0.000000  9.5
  73.248503  9.5
  74.433656  9.5
  113.167693  9.5
  135.222035  9.5
  171.784836  9.5
  215.894359  9.5
  267.962619  9.5
  327.759551  9.5
  35.245930  8
  35.386842  8
  80.786311  8
  92.419292  8
  122.827266  8
  159.061092  8
  203.593431  8
  255.878725  8
  0.000000  8.5
  62.906256  8.5
  65.257947  8.5
  96.975433  8.5
  122.340018  8.5
  159.082681  8.5
  203.592992  8.5
  255.878728  8.5
  30.322780  7
  30.662366  7
  66.432334  7
  81.498602  7
  111.246979  7
  148.126913  7
  192.896840  7
  0.000001  7.5
  52.317019  7.5
  56.492331  7.5
  83.464035  7.5
  111.117052  7.5
  148.130338  7.5
  192.896808  7.5
  25.275546  6
  26.040812  6
  53.867112  6
  71.935275  6
  101.586605  6
  138.814273  6
  0.000009  6.5
  41.824378  6.5
  48.350843  6.5
  72.594222  6.5
  101.561981  6.5
  138.814565  6.5
  20.056971  5
  21.619187  5
  43.544103  5
  63.865281  5
  93.633936  5
  0.000085  5.5
  32.021413  5.5
  41.066804  5.5
  64.021746  5.5
  93.631408  5.5
  14.761121  4
  17.541138  4
  35.662118  4
  57.344160  4
  0.000739  4.5
  23.499576  4.5
  34.861331  4.5
  57.364473  4.5
  9.764165  3
  13.986206  3
  30.058588  3
  0.005990  3.5
  16.700649  3.5
  29.915508  3.5
  5.594911  2
  11.147994  2
  0.042422  2.5
  11.909275  2.5
  2.632532  1
  0.236928  1.5
