  463.472450  10
  2406.912139  10
  6589.338907  10
  12863.932435  10
  21231.057381  10
  31690.282915  10
  44241.487529  10
  58884.625588  10
  75619.676794  10
  94446.630993  10
  134.138589  10.5
  2412.617111  10.5
  6589.325172  10.5
  12863.932446  10.5
  21231.057381  10.5
  31690.282915  10.5
  44241.487529  10.5
  58884.625588  10.5
  75619.676794  10.5
  94446.630993  10.5
  439.460994  9
  2396.960967  9
  6579.414614  9
  12854.216051  9
  21221.423327  9
  31680.690094  9
  44231.918289  9
  58875.071093  9
  75610.132133  9
  144.035670  9.5
  2401.115950  9.5
  6579.406600  9.5
  12854.216056  9.5
  21221.423327  9.5
  31680.690094  9.5
  44231.918289  9.5
  58875.071093  9.5
  75610.132133  9.5
  416.331772  8
  2387.989849  8
  6570.538390  8
  12845.523873  8
  21212.804265  8
  31672.107638  8
  44223.356765  8
  58866.522658  8
  154.509858  8.5
  2390.902043  8.5
  6570.534018  8.5
  12845.523875  8.5
  21212.804265  8.5
  31672.107638  8.5
  44223.356765  8.5
  58866.522658  8.5
  394.072922  7
  2380.013827  7
  6562.709032  7
  12837.855426  7
  21205.199902  7
  31664.535351  7
  44215.802816  7
  165.581635  7.5
  2381.957472  7.5
  6562.706846  7.5
  12837.855426  7.5
  21205.199902  7.5
  31664.535351  7.5
  44215.802816  7.5
  372.671854  6
  2373.048269  6
  6555.925511  6
  12831.210288  6
  21198.609977  6
  31657.973055  6
  177.271298  6.5
  2374.264229  6.5
  6555.924539  6.5
  12831.210288  6.5
  21198.609977  6.5
  31657.973055  6.5
  352.115259  5
  2367.108856  5
  6550.186965  5
  12825.588095  5
  21193.034268  5
  189.598911  5.5
  2367.804263  5.5
  6550.186601  5.5
  12825.588095  5.5
  21193.034268  5.5
  332.389133  4
  2362.211579  4
  6545.492691  4
  12820.988539  4
  202.584255  4.5
  2362.559517  4.5
  6545.492587  4.5
  12820.988539  4.5
  313.478793  3
  2358.372726  3
  6541.842132  3
  216.246779  3.5
  2358.511974  3.5
  6541.842115  3.5
  295.368898  2
  2355.608865  2
  230.605551  2.5
  2355.643690  2.5
  278.043481  1
  245.679220  1.5
