  76.409929  10
  96.718482  10
  205.776732  10
  342.329160  10
  529.414950  10
  763.826250  10
  1045.401889  10
  1374.045613  10
  1749.715132  10
  2172.389155  10
  0.012537  10.5
  127.025924  10.5
  201.641099  10.5
  342.502402  10.5
  529.411650  10.5
  763.826283  10.5
  1045.401889  10.5
  1374.045613  10.5
  1749.715132  10.5
  2172.389155  10.5
  65.794681  9
  89.350814  9
  193.769193  9
  331.798636  9
  519.079452  9
  753.612854  9
  1035.258018  9
  1363.945415  9
  1739.644158  9
  0.026067  9.5
  112.461566  9.5
  191.297648  9.5
  331.879169  9.5
  519.078270  9.5
  753.612863  9.5
  1035.258018  9.5
  1363.945415  9.5
  1739.644158  9.5
  55.690757  8
  82.487616  8
  183.363835  8
  322.432135  8
  509.875935  8
  744.503581  8
  1026.202727  8
  1354.924042  8
  0.053429  8.5
  99.420797  8.5
  181.990113  8.5
  322.465881  8.5
  509.875571  8.5
  744.503582  8.5
  1026.202727  8.5
  1354.924042  8.5
  46.249816  7
  76.183717  7
  174.443065  7
  314.214515  7
  501.789351  7
  736.488707  7
  1018.229063  7
  0.107579  7.5
  87.971633  7.5
  173.746226  7.5
  314.226841  7.5
  501.789259  7.5
  736.488708  7.5
  1018.229063  7.5
  37.603864  6
  70.494576  6
  166.899771  6
  307.130183  6
  494.806689  6
  729.559685  6
  0.211882  6.5
  78.162610  6.5
  166.586660  6.5
  307.133893  6.5
  494.806672  6.5
  729.559685  6.5
  29.857303  5
  65.477131  5
  160.643583  5
  301.164102  5
  488.916832  5
  0.406127  5.5
  70.018061  5.5
  160.525200  5.5
  301.164929  5.5
  488.916830  5.5
  23.082125  4
  61.191507  4
  155.603277  4
  296.302601  4
  0.753355  4.5
  63.531959  4.5
  155.569248  4.5
  296.302705  4.5
  17.315099  3
  57.703638  3
  151.726432  3
  1.345024  3.5
  58.662727  3.5
  151.720736  3.5
  12.556012  2
  55.088643  2
  2.300899  2.5
  55.332634  2.5
  8.766690  1
  3.761129  1.5
