  74.199133  10
  90.571596  10
  190.895368  10
  311.642668  10
  478.364588  10
  687.331893  10
  938.396104  10
  1231.453115  10
  1566.457603  10
  1943.386753  10
  0.007055  10.5
  121.961888  10.5
  186.009887  10.5
  311.876276  10.5
  478.359558  10.5
  687.331951  10.5
  938.396104  10.5
  1231.453115  10.5
  1566.457603  10.5
  1943.386753  10.5
  63.925739  9
  83.330765  9
  178.582195  9
  301.013085  9
  467.936781  9
  677.037845  9
  928.177864  9
  1221.282487  9
  1556.318833  9
  0.015469  9.5
  107.356522  9.5
  175.646966  9.5
  301.121847  9.5
  467.934978  9.5
  677.037860  9.5
  928.177864  9.5
  1221.282487  9.5
  1556.318833  9.5
  54.078489  8
  76.567295  8
  167.946024  8
  291.562293  8
  458.656876  8
  667.860299  8
  919.058810  8
  1212.200182  8
  0.033432  8.5
  94.238381  8.5
  166.308015  8.5
  291.607921  8.5
  458.656320  8.5
  667.860302  8.5
  919.058810  8.5
  1212.200182  8.5
  44.825344  7
  70.339491  7
  158.859847  7
  283.274842  7
  450.507599  7
  659.788224  7
  911.031057  7
  0.070961  7.5
  82.689620  7.5
  158.026519  7.5
  283.291522  7.5
  450.507460  7.5
  659.788225  7.5
  911.031057  7.5
  36.318013  6
  64.706203  6
  151.203203  6
  276.134136  6
  443.474095  6
  652.811924  6
  0.147239  6.5
  72.772008  6.5
  150.827995  6.5
  276.139160  6.5
  443.474069  6.5
  652.811924  6.5
  28.680353  5
  59.727436  5
  144.872089  5
  270.123751  5
  437.543711  5
  0.296947  5.5
  64.522471  5.5
  144.730028  5.5
  270.124871  5.5
  437.543709  5.5
  22.001207  4
  55.465980  4
  139.783581  4
  265.228506  4
  0.578283  4.5
  57.946185  4.5
  139.742708  4.5
  265.228646  4.5
  16.330340  3
  51.990196  3
  135.876403  3
  1.080210  3.5
  53.009583  3.5
  135.869557  3.5
  11.676044  2
  49.377861  2
  1.924414  2.5
  49.637764  2.5
  8.003736  1
  3.257873  1.5
