  87.711773  10
  134.622322  10
  302.711507  10
  537.052915  10
  852.406703  10
  1247.080226  10
  1720.904606  10
  2273.806771  10
  2905.754070  10
  3616.730071  10
  0.116277  10.5
  160.015009  10.5
  300.805003  10.5
  537.098027  10.5
  852.406205  10.5
  1247.080229  10.5
  1720.904606  10.5
  2273.806771  10.5
  2905.754070  10.5
  3616.730071  10.5
  75.831429  9
  126.731639  9
  291.689239  9
  526.858982  9
  842.370849  9
  1237.130486  9
  1711.004345  9
  2263.937593  9
  2895.905687  9
  0.197651  9.5
  145.810162  9.5
  290.565555  9.5
  526.879870  9.5
  842.370671  9.5
  1237.130487  9.5
  1711.004345  9.5
  2263.937593  9.5
  2895.905687  9.5
  64.743421  8
  119.449344  8
  282.008292  8
  517.774468  8
  833.416249  8
  1228.244706  8
  1702.158148  8
  2255.116256  8
  0.331571  8.5
  133.218824  8.5
  281.390234  8.5
  517.783194  8.5
  833.416194  8.5
  1228.244707  8.5
  1702.158148  8.5
  2255.116256  8.5
  54.526459  7
  112.818122  7
  273.600560  7
  509.788125  7
  825.534537  7
  1220.417333  7
  1694.362034  7
  0.547690  7.5
  122.259546  7.5
  273.289452  7.5
  509.791305  7.5
  825.534523  7.5
  1220.417334  7.5
  1694.362034  7.5
  45.240841  6
  106.882334  6
  266.408927  6
  502.889432  6
  818.718388  6
  1213.643474  6
  0.888590  6.5
  112.933825  6.5
  266.269917  6.5
  502.890388  6.5
  818.718385  6.5
  1213.643474  6.5
  36.927091  5
  101.689066  5
  260.387331  5
  497.068882  5
  812.961490  5
  1.412471  5.5
  105.223473  5.5
  260.334983  5.5
  497.069094  5.5
  812.961490  5.5
  29.605019  4
  97.289487  4
  255.500157  4
  492.318190  4
  2.194520  4.5
  99.089086  4.5
  255.485152  4.5
  492.318216  4.5
  23.273041  3
  93.740406  3
  251.721221  3
  3.325976  3.5
  94.470569  3.5
  251.718714  3.5
  17.907753  2
  91.105849  2
  4.910404  2.5
  91.290259  2.5
  13.463948  1
  7.057478  1.5
