  49.609976  10
  49.790529  10
  116.028390  10
  131.589014  10
  175.183704  10
  226.233687  10
  289.246413  10
  363.248519  10
  448.103861  10
  543.732167  10
  0.000000  10.5
  89.505302  10.5
  92.517272  10.5
  139.140778  10.5
  174.235488  10.5
  226.287259  10.5
  289.244768  10.5
  363.248547  10.5
  448.103861  10.5
  543.732167  10.5
  44.127572  9
  44.497399  9
  99.414949  9
  118.995804  9
  161.496518  9
  213.445976  9
  276.749703  9
  350.942507  9
  435.923632  9
  0.000001  9.5
  77.671391  9.5
  82.582728  9.5
  123.050450  9.5
  161.137566  9.5
  213.460656  9.5
  276.749389  9.5
  350.942510  9.5
  435.923632  9.5
  38.548532  8
  39.277603  8
  84.251928  8
  107.578842  8
  149.685060  8
  202.171775  8
  265.693132  8
  340.024118  8
  0.000005  8.5
  65.758857  8.5
  73.144319  8.5
  109.464933  8.5
  149.570029  8.5
  202.174983  8.5
  265.693090  8.5
  340.024118  8.5
  32.824609  7
  34.188836  7
  70.947547  7
  97.465860  7
  139.546560  7
  192.357587  7
  256.033921  7
  0.000030  7.5
  54.153287  7.5
  64.372314  7.5
  98.204729  7.5
  139.516982  7.5
  192.358087  7.5
  256.033918  7.5
  26.939214  6
  29.316326  6
  59.793014  6
  88.737784  6
  130.943844  6
  183.953547  6
  0.000175  6.5
  43.330564  6.5
  56.440183  6.5
  88.970366  6.5
  130.938362  6.5
  183.953589  6.5
  20.993655  5
  24.772955  5
  50.897367  5
  81.426917  5
  123.784397  5
  0.000995  5.5
  33.725803  5.5
  49.509052  5.5
  81.480191  5.5
  123.783842  5.5
  15.273695  4
  20.692390  4
  44.136741  4
  75.524655  4
  0.005403  4.5
  25.675896  4.5
  43.714414  4.5
  75.531440  4.5
  10.180961  3
  17.218026  3
  39.229185  3
  0.027230  3.5
  19.419466  3.5
  39.156230  3.5
  6.069063  2
  14.496175  2
  0.121540  2.5
  15.093535  2.5
  3.126557  1
  0.451475  1.5
