  40.400741  10
  40.400963  10
  106.698830  10
  106.943729  10
  146.644964  10
  157.122855  10
  183.030096  10
  212.237066  10
  246.950627  10
  286.542536  10
  0.000000  10.5
  76.092334  10.5
  76.103436  10.5
  130.704393  10.5
  133.226471  10.5
  161.210941  10.5
  182.521514  10.5
  212.266138  10.5
  246.949808  10.5
  286.542545  10.5
  36.125176  9
  36.126143  9
  93.460446  9
  94.184084  9
  124.698465  9
  139.398128  9
  164.975807  9
  195.114776  9
  230.255855  9
  0.000000  9.5
  67.499202  9.5
  67.540342  9.5
  111.921363  9.5
  117.065031  9.5
  140.852617  9.5
  164.866704  9.5
  195.118470  9.5
  230.255808  9.5
  31.846943  8
  31.851025  8
  79.823608  8
  81.686366  8
  105.393769  8
  123.603777  8
  149.456479  8
  180.128531  8
  0.000000  8.5
  58.853678  8.5
  58.996603  8.5
  93.357792  8.5
  101.950910  8.5
  123.978328  8.5
  149.440552  8.5
  180.128775  8.5
  27.561597  7
  27.578118  7
  65.800421  7
  69.742586  7
  89.443716  7
  109.918233  7
  136.162014  7
  0.000000  7.5
  50.075475  7.5
  50.528288  7.5
  76.190994  7.5
  88.319917  7.5
  109.982829  7.5
  136.160805  7.5
  23.254754  6
  23.317798  6
  52.042418  6
  58.748050  6
  76.751901  6
  98.351953  6
  0.000000  6.5
  41.026058  6.5
  42.270732  6.5
  61.487243  6.5
  76.512213  6.5
  98.357734  6.5
  18.884224  5
  19.104601  5
  39.621145  5
  49.116922  5
  66.723599  5
  0.000000  5.5
  31.711178  5.5
  34.475953  5.5
  49.888576  5.5
  66.697372  5.5
  14.364045  4
  15.031160  4
  29.464913  4
  41.176846  4
  0.000012  4.5
  22.709170  4.5
  27.499257  4.5
  41.286596  4.5
  9.697802  3
  11.287751  3
  22.120171  3
  0.000262  3.5
  14.977104  3.5
  21.721910  3.5
  5.376257  2
  8.159940  2
  0.005085  2.5
  9.260147  2.5
  2.207813  1
  0.072330  1.5
