  41.908847  10
  41.910703  10
  109.079704  10
  110.177723  10
  146.371802  10
  165.309360  10
  197.092029  10
  234.506686  10
  278.046088  10
  327.424543  10
  0.000000  10.5
  78.591717  10.5
  78.661537  10.5
  130.728842  10.5
  137.771723  10.5
  166.913103  10.5
  196.964416  10.5
  234.511893  10.5
  278.045980  10.5
  327.424544  10.5
  37.456227  9
  37.462611  9
  94.763717  9
  97.211219  9
  126.393285  9
  149.035309  9
  181.093888  9
  219.055486  9
  262.906603  9
  0.000000  9.5
  69.571551  9.5
  69.774013  9.5
  111.318008  9.5
  122.159177  9.5
  149.532403  9.5
  181.068112  9.5
  219.056126  9.5
  262.906596  9.5
  32.995670  8
  33.016920  8
  80.071450  8
  84.770342  8
  109.565214  8
  134.704738  8
  167.154601  8
  205.471234  8
  0.000000  8.5
  60.414642  8.5
  60.961605  8.5
  93.234658  8.5
  107.923737  8.5
  134.822288  8.5
  167.150980  8.5
  205.471275  8.5
  28.514692  7
  28.582398  7
  65.533069  7
  73.174490  7
  95.819500  7
  122.330816  7
  155.119001  7
  0.000000  7.5
  51.001758  7.5
  52.334140  7.5
  77.375642  7.5
  95.343970  7.5
  122.350110  7.5
  155.118733  7.5
  23.981339  6
  24.184211  6
  52.030561  6
  62.761899  6
  84.673474  6
  111.849251  6
  0.000000  6.5
  41.291517  6.5
  44.083592  6.5
  64.347490  6.5
  84.578968  6.5
  111.850928  6.5
  19.329856  5
  19.883811  5
  40.393756  5
  53.822828  5
  75.671228  5
  0.000005  5.5
  31.623587  5.5
  36.481189  5.5
  54.228569  5.5
  75.661265  5.5
  14.500095  4
  15.804981  4
  31.219026  4
  46.543104  4
  0.000080  4.5
  22.747233  4.5
  29.836566  4.5
  46.597836  4.5
  9.662644  3
  12.145845  3
  24.700429  3
  0.001110  3.5
  15.405340  3.5
  24.438349  3.5
  5.402932  2
  9.154686  2
  0.013466  2.5
  10.101406  2.5
  2.344311  1
  0.122938  1.5
