  38.292859  10
  38.292859  10
  102.608714  10
  102.608916  10
  150.139030  10
  150.302473  10
  176.786506  10
  183.791745  10
  200.305779  10
  218.923708  10
  0.000000  10.5
  72.504380  10.5
  72.504383  10.5
  128.550776  10.5
  128.558498  10.5
  166.447645  10.5
  168.152422  10.5
  186.162460  10.5
  200.076787  10.5
  218.930725  10.5
  34.259507  9
  34.259507  9
  90.492538  9
  90.494306  9
  129.437101  9
  130.217361  9
  148.711171  9
  159.731223  9
  176.478274  9
  0.000000  9.5
  64.434944  9.5
  64.434974  9.5
  112.333489  9.5
  112.386339  9.5
  140.578536  9.5
  145.114769  9.5
  160.188217  9.5
  176.461657  9.5
  30.226003  8
  30.226006  8
  78.362234  8
  78.376247  8
  108.082229  8
  110.696015  8
  124.750614  8
  138.579408  8
  0.000000  8.5
  56.363916  8.5
  56.364219  8.5
  95.966781  8.5
  96.269460  8.5
  115.692302  8.5
  123.892606  8.5
  138.617862  8.5
  26.192245  7
  26.192277  7
  66.178638  7
  66.274692  7
  86.868363  7
  92.510378  7
  105.357151  7
  0.000000  7.5
  48.289168  7.5
  48.291976  7.5
  79.160668  7.5
  80.450961  7.5
  93.994997  7.5
  105.270817  7.5
  22.157917  6
  22.158267  6
  53.784324  6
  54.304558  6
  67.844915  6
  76.523820  6
  0.000000  6.5
  40.200153  6.5
  40.223305  6.5
  62.022522  6.5
  65.519427  6.5
  76.709686  6.5
  18.121303  5
  18.124818  5
  40.981830  5
  42.845397  5
  52.693422  5
  0.000000  5.5
  32.040186  5.5
  32.199408  5.5
  46.127968  5.5
  52.316951  5.5
  14.070346  4
  14.101365  4
  28.632467  4
  32.616325  4
  0.000000  4.5
  23.628906  4.5
  24.412661  4.5
  33.313130  4.5
  9.936423  3
  10.152080  3
  18.514341  3
  0.000000  3.5
  15.177961  3.5
  17.375528  3.5
  5.641624  2
  6.540018  2
  0.000076  2.5
  8.148663  2.5
  2.024745  1
  0.008293  1.5
