  47.744891  10
  47.833096  10
  114.503476  10
  125.520686  10
  165.179582  10
  209.172300  10
  264.362491  10
  329.300983  10
  403.847656  10
  487.906697  10
  0.000000  10.5
  87.204516  10.5
  88.935283  10.5
  135.291267  10.5
  163.628426  10.5
  209.277787  10.5
  264.358675  10.5
  329.301060  10.5
  403.847655  10.5
  487.906697  10.5
  42.538632  9
  42.734890  9
  97.926463  9
  112.749708  9
  150.655546  9
  195.871067  9
  251.393353  9
  316.558307  9
  391.253285  9
  0.000000  9.5
  76.064550  9.5
  79.169894  9.5
  118.229266  9.5
  150.054628  9.5
  195.900248  9.5
  251.392623  9.5
  316.558316  9.5
  391.253285  9.5
  37.263936  8
  37.684850  8
  82.503911  8
  101.078759  8
  138.242140  8
  184.164235  8
  239.939396  8
  305.267132  8
  0.000001  8.5
  64.693436  8.5
  69.805552  8.5
  103.725213  8.5
  138.046678  8.5
  184.170656  8.5
  239.939298  8.5
  305.267132  8.5
  31.871559  7
  32.730020  7
  68.750000  7
  90.677397  7
  127.662904  7
  173.992562  7
  229.948544  7
  0.000009  7.5
  53.382041  7.5
  61.019818  7.5
  91.742506  7.5
  127.612163  7.5
  173.993568  7.5
  229.948537  7.5
  26.315651  6
  27.947002  6
  57.063865  6
  81.665508  6
  118.728906  6
  165.298012  6
  0.000065  6.5
  42.617278  6.5
  53.005309  6.5
  82.006457  6.5
  118.719445  6.5
  165.298097  6.5
  20.631695  5
  23.446356  5
  47.674059  5
  74.104690  5
  111.317244  5
  0.000432  5.5
  32.913998  5.5
  45.949547  5.5
  74.183540  5.5
  111.316282  5.5
  15.049542  4
  19.368199  4
  40.550186  4
  68.002167  4
  0.002756  4.5
  24.690702  4.5
  40.016179  4.5
  68.012262  4.5
  9.986055  3
  15.869356  3
  35.423494  3
  0.016284  3.5
  18.246111  3.5
  35.330363  3.5
  5.861006  2
  13.111281  2
  0.084746  2.5
  13.763443  2.5
  2.922048  1
  0.359999  1.5
