  45.280560  10
  45.306843  10
  112.610524  10
  118.408896  10
  154.402655  10
  188.783396  10
  234.008417  10
  287.396831  10
  348.844349  10
  418.220911  10
  0.000000  10.5
  83.817978  10.5
  84.470260  10.5
  131.997137  10.5
  151.285623  10.5
  189.072830  10.5
  233.994873  10.5
  287.397179  10.5
  348.844344  10.5
  418.220911  10.5
  40.409868  9
  40.476995  9
  96.487502  9
  105.449944  9
  138.228148  9
  174.565487  9
  220.176937  9
  273.864347  9
  335.503715  9
  0.000000  9.5
  73.632524  9.5
  75.003218  9.5
  113.640184  9.5
  136.951231  9.5
  174.647344  9.5
  220.174315  9.5
  273.864388  9.5
  335.503715  9.5
  35.503568  8
  35.669125  8
  80.940810  8
  93.427283  8
  124.626439  8
  162.077959  8
  208.002710  8
  261.901168  8
  0.000000  8.5
  63.151149  8.5
  65.797370  8.5
  97.675030  8.5
  124.195949  8.5
  162.096240  8.5
  208.002353  8.5
  261.901170  8.5
  30.524327  7
  30.913749  7
  66.651335  7
  82.577729  7
  113.204744  7
  151.259967  7
  197.413604  7
  0.000001  7.5
  52.450134  7.5
  57.025265  7.5
  84.389549  7.5
  113.090493  7.5
  151.262861  7.5
  197.413578  7.5
  25.413806  6
  26.269849  6
  54.199905  6
  73.093703  6
  103.657144  6
  142.041430  6
  0.000012  6.5
  41.905535  6.5
  48.899377  6.5
  73.696336  6.5
  103.635552  6.5
  142.041676  6.5
  20.132566  5
  21.837004  5
  44.007924  5
  65.099123  5
  95.787309  5
  0.000107  5.5
  32.108928  5.5
  41.647106  5.5
  65.241563  5.5
  95.785096  5.5
  14.794244  4
  17.759128  4
  36.239043  4
  58.641020  4
  0.000896  4.5
  23.627027  4.5
  35.481145  4.5
  58.659467  4.5
  9.786412  3
  14.212867  3
  30.708802  3
  0.006930  3.5
  16.878547  3.5
  30.573930  3.5
  5.624583  2
  11.386997  2
  0.046893  2.5
  12.132237  2.5
  2.667648  1
  0.251423  1.5
