  110.696383  10
  231.466141  10
  563.044329  10
  1050.341749  10
  1701.745066  10
  2516.398725  10
  3494.153939  10
  4634.952903  10
  5938.769755  10
  7405.591504  10
  1.180588  10.5
  250.502878  10.5
  562.405205  10.5
  1050.348858  10.5
  1701.745028  10.5
  2516.398725  10.5
  3494.153939  10.5
  4634.952903  10.5
  5938.769755  10.5
  7405.591504  10.5
  97.370421  9
  222.950280  9
  552.673860  9
  1040.404472  9
  1691.927265  9
  2506.642284  9
  3484.432774  9
  4625.253871  9
  5929.085515  9
  1.650915  9.5
  237.040738  9.5
  552.299636  9.5
  1040.407756  9.5
  1691.927252  9.5
  2506.642284  9.5
  3484.432774  9.5
  4625.253871  9.5
  5929.085515  9.5
  84.994870  8
  215.154603  8
  543.466441  8
  1031.531533  8
  1683.154550  8
  2497.920667  8
  3475.740518  8
  4616.580028  8
  2.286766  8.5
  225.177225  8.5
  543.261668  8.5
  1031.532903  8.5
  1683.154546  8.5
  2497.920667  8.5
  3475.740518  8.5
  4616.580028  8.5
  73.588824  7
  208.112806  7
  535.395039  7
  1023.716957  7
  1675.423029  7
  2490.231261  7
  3468.075294  7
  3.134984  7.5
  214.891032  7.5
  535.292378  7.5
  1023.717456  7.5
  1675.423028  7.5
  2490.231261  7.5
  3468.075294  7.5
  63.161430  6
  201.860839  6
  528.437357  6
  1016.955383  6
  1668.729278  6
  2483.571762  6
  4.250466  6.5
  206.150716  6.5
  528.391629  6.5
  1016.955532  6.5
  1668.729278  6.5
  2483.571762  6.5
  53.711686  5
  196.437438  5
  522.575473  5
  1011.242105  5
  1663.070335  5
  5.695599  5.5
  198.915116  5.5
  522.558293  5.5
  1011.242139  5.5
  1663.070335  5.5
  45.228294  4
  191.884644  4
  517.795431  4
  1006.573113  4
  7.539019  4.5
  193.134386  4.5
  517.790515  4.5
  1006.573117  4.5
  37.689604  3
  188.248276  3
  514.086811  3
  9.853773  3.5
  188.751594  3.5
  514.085991  3.5
  31.063689  2
  185.578286  2
  12.715024  2.5
  185.704729  2.5
  25.308642  1
  16.197531  1.5
