  44.299402  10
  44.313693  10
  111.772814  10
  115.846126  10
  151.096041  10
  181.372850  10
  222.688736  10
  271.524637  10
  327.830378  10
  391.452955  10
  0.000000  10.5
  82.360963  10.5
  82.754813  10.5
  131.266718  10.5
  146.924189  10.5
  181.827110  10.5
  222.664679  10.5
  271.525330  10.5
  327.830368  10.5
  391.452955  10.5
  39.554477  9
  39.593576  9
  96.021833  9
  102.842360  9
  134.014326  9
  166.679299  9
  208.393500  9
  257.572238  9
  314.094422  9
  0.000000  9.5
  72.541149  9.5
  73.434705  9.5
  112.451849  9.5
  132.241626  9.5
  166.809696  9.5
  208.388808  9.5
  257.572322  9.5
  314.094422  9.5
  34.784333  8
  34.887700  8
  80.553049  8
  90.681740  8
  119.731855  8
  153.779696  8
  195.835275  8
  245.252943  8
  0.000000  8.5
  62.449864  8.5
  64.318233  8.5
  95.849897  8.5
  119.119510  8.5
  153.809103  8.5
  195.834631  8.5
  245.252948  8.5
  29.958818  7
  30.219744  7
  66.097564  7
  79.630022  7
  107.835256  7
  142.618790  7
  184.928875  7
  0.000001  7.5
  52.075034  7.5
  55.568032  7.5
  81.910013  7.5
  107.670333  7.5
  142.623475  7.5
  184.928829  7.5
  25.023121  6
  25.639709  6
  53.328860  6
  69.916754  6
  97.952256  6
  133.122529  6
  0.000005  6.5
  41.691881  6.5
  47.399505  6.5
  70.693790  6.5
  97.920814  6.5
  133.122928  6.5
  19.918661  5
  21.239275  5
  42.761632  5
  61.701879  5
  89.837377  5
  0.000054  5.5
  31.884884  5.5
  40.056344  5.5
  61.888152  5.5
  89.834138  5.5
  14.704005  4
  17.160848  4
  34.662185  4
  55.058581  4
  0.000512  4.5
  23.290364  4.5
  33.775659  4.5
  55.082883  4.5
  9.729180  3
  13.589013  3
  28.915182  3
  0.004531  3.5
  16.396213  3.5
  28.755479  3.5
  5.545188  2
  10.726663  2
  0.035035  2.5
  11.518714  2.5
  2.570805  1
  0.211755  1.5
