  99.383379  10
  181.483843  10
  427.610580  10
  783.915897  10
  1261.038529  10
  1857.871218  10
  2574.256449  10
  3410.131349  10
  4365.467773  10
  5440.251570  10
  0.477750  10.5
  203.140221  10.5
  426.588315  10.5
  783.931568  10.5
  1261.038416  10.5
  1857.871218  10.5
  2574.256449  10.5
  3410.131349  10.5
  4365.467773  10.5
  5440.251570  10.5
  86.676341  9
  173.224131  9
  417.029465  9
  773.890594  9
  1251.146681  9
  1848.049020  9
  2564.474312  9
  3400.374363  9
  4355.727604  9
  0.718972  9.5
  189.343644  9.5
  416.429754  9.5
  773.897840  9.5
  1251.146641  9.5
  1848.049020  9.5
  2564.474312  9.5
  3400.374363  9.5
  4355.727604  9.5
  74.876206  8
  165.639744  8
  407.668637  8
  764.945343  8
  1242.312140  8
  1839.271529  8
  2555.729627  8
  3391.650265  8
  1.069857  8.5
  177.166980  8.5
  407.339974  8.5
  764.948366  8.5
  1242.312128  8.5
  1839.271529  8.5
  2555.729627  8.5
  3391.650265  8.5
  64.021823  7
  158.767489  7
  399.487667  7
  757.072183  7
  1234.529525  7
  1831.535141  7
  2548.019807  7
  1.572021  7.5
  166.601999  7.5
  399.322692  7.5
  757.073284  7.5
  1234.529521  7.5
  1831.535141  7.5
  2548.019807  7.5
  54.138832  6
  152.646379  6
  392.453159  6
  750.263891  6
  1227.794105  6
  1824.836682  6
  2.277901  6.5
  157.626963  6.5
  392.379601  6.5
  750.264222  6.5
  1227.794104  6.5
  1824.836682  6.5
  45.239238  5
  147.318400  5
  386.538325  5
  744.514075  5
  1222.101794  5
  3.251043  5.5
  150.206199  5.5
  386.510669  5.5
  744.514148  5.5
  1222.101794  5.5
  37.321083  4
  142.829353  4
  381.722410  4
  739.817248  4
  4.565289  4.5
  144.290672  4.5
  381.714492  4.5
  739.817257  4.5
  30.368212  3
  139.229688  3
  377.990036  3
  6.302728  3.5
  139.819707  3.5
  377.988714  3.5
  24.350236  2
  136.575229  2
  8.550552  2.5
  136.723722  2.5
  19.222785  1
  11.397189  1.5
