  44.067125  10
  44.079316  10
  111.557837  10
  115.260635  10
  150.414121  10
  179.682022  10
  220.073669  10
  267.828325  10
  322.915711  10
  385.175965  10
  0.000000  10.5
  82.007655  10.5
  82.352546  10.5
  131.141520  10.5
  145.940533  10.5
  180.189988  10.5
  220.045897  10.5
  267.829148  10.5
  322.915698  10.5
  385.175965  10.5
  39.351418  9
  39.385373  9
  95.914200  9
  102.250120  9
  133.092655  9
  164.863700  9
  205.654165  9
  253.764097  9
  309.074639  9
  0.000000  9.5
  72.271751  9.5
  73.069785  9.5
  112.228991  9.5
  131.171917  9.5
  165.010153  9.5
  205.648737  9.5
  253.764196  9.5
  309.074638  9.5
  34.612680  8
  34.704083  8
  80.479900  8
  90.057812  8
  118.624225  8
  151.854925  8
  192.993516  8
  241.350096  8
  0.000000  8.5
  62.273788  8.5
  63.977162  8.5
  95.474746  8.5
  117.956001  8.5
  151.888045  8.5
  192.992771  8.5
  241.350102  8.5
  29.822539  7
  30.057530  7
  65.992217  7
  78.956223  7
  106.597813  7
  140.602840  7
  182.002700  7
  0.000000  7.5
  51.983105  7.5
  55.234071  7.5
  81.367806  7.5
  106.417063  7.5
  140.608127  7.5
  182.002646  7.5
  24.927636  6
  25.493447  6
  53.148270  6
  69.184428  6
  96.624265  6
  131.032728  6
  0.000004  6.5
  41.646539  6.5
  47.055869  6.5
  70.011997  6.5
  96.589720  6.5
  131.033180  6.5
  19.866126  5
  21.101288  5
  42.487034  5
  60.912144  5
  88.443915  5
  0.000045  5.5
  31.840919  5.5
  39.689965  5.5
  61.111338  5.5
  88.440352  5.5
  14.683422  4
  17.022712  4
  34.301445  4
  54.220008  4
  0.000442  4.5
  23.219066  4.5
  33.379719  4.5
  54.246049  4.5
  9.717838  3
  13.444102  3
  28.496607  3
  0.004058  3.5
  16.287763  3.5
  28.329993  3.5
  5.527881  2
  10.572034  2
  0.032487  2.5
  11.376272  2.5
  2.548223  1
  0.202645  1.5
