  295.128810  10
  1284.698000  10
  3474.807049  10
  6759.321024  10
  11139.705772  10
  16615.512309  10
  23186.616886  10
  30852.972964  10
  39614.559826  10
  49471.367104  10
  52.994054  10.5
  1292.539026  10.5
  3474.770752  10.5
  6759.321082  10.5
  11139.705772  10.5
  16615.512309  10.5
  23186.616886  10.5
  30852.972964  10.5
  39614.559826  10.5
  49471.367104  10.5
  275.360306  9
  1275.000964  9
  3464.854606  9
  6749.587796  9
  11130.057760  9
  16605.907038  9
  23177.036076  9
  30843.407455  9
  39605.004524  9
  58.766372  9.5
  1280.719082  9.5
  3464.833423  9.5
  6749.587823  9.5
  11130.057760  9.5
  16605.907038  9.5
  23177.036076  9.5
  30843.407455  9.5
  39605.004524  9.5
  256.509976  8
  1266.235625  8
  3455.956874  8
  6740.881852  8
  11121.427016  8
  16597.313988  8
  23168.464592  8
  30834.849460  8
  65.045101  8.5
  1270.248073  8.5
  3455.945316  8.5
  6740.881864  8.5
  11121.427016  8.5
  16597.313988  8.5
  23168.464592  8.5
  30834.849460  8.5
  238.564807  7
  1258.421330  7
  3448.111310  7
  6733.202282  7
  11113.812976  7
  16589.732778  7
  23160.902161  7
  71.858886  7.5
  1261.102051  7.5
  3448.105529  7.5
  6733.202286  7.5
  11113.812976  7.5
  16589.732778  7.5
  23160.902161  7.5
  221.510324  6
  1251.578049  6
  3441.315759  6
  6726.548280  6
  11107.215145  6
  16583.163073  6
  79.236339  6.5
  1253.256623  6.5
  3441.313189  6.5
  6726.548281  6.5
  11107.215145  6.5
  16583.163073  6.5
  205.330610  5
  1245.726384  5
  3435.568433  5
  6720.919150  5
  11101.633092  5
  87.205893  5.5
  1246.687080  5.5
  3435.567469  5.5
  6720.919151  5.5
  11101.633092  5.5
  190.008345  4
  1240.887551  4
  3430.867885  4
  6716.314303  4
  95.795665  4.5
  1241.368518  4.5
  3430.867609  4.5
  6716.314303  4.5
  175.524840  3
  1237.083373  3
  3427.212987  3
  105.033316  3.5
  1237.275952  3.5
  3427.212941  3.5
  161.860091  2
  1234.336250  2
  114.945918  2.5
  1234.384429  2.5
  148.992833  1
  125.559836  1.5
