  40.511198  10
  40.511468  10
  106.891670  10
  107.174209  10
  146.523652  10
  157.653109  10
  183.967216  10
  213.839662  10
  249.245171  10
  289.601900  10
  0.000000  10.5
  76.277738  10.5
  76.290922  10.5
  130.726353  10.5
  133.523781  10.5
  161.458003  10.5
  183.513762  10.5
  213.864792  10.5
  249.244482  10.5
  289.601907  10.5
  36.222799  9
  36.223951  9
  93.578476  9
  94.392685  9
  124.703365  9
  140.049559  9
  166.118288  9
  196.875829  9
  232.697721  9
  0.000000  9.5
  67.655181  9.5
  67.702945  9.5
  111.850835  9.5
  117.396653  9.5
  141.382919  9.5
  166.021686  9.5
  196.879010  9.5
  232.697681  9.5
  31.931472  8
  31.936230  8
  79.852712  8
  81.893080  8
  105.600208  8
  124.386057  8
  150.751784  8
  182.022334  8
  0.000000  8.5
  58.975171  8.5
  59.137347  8.5
  93.290491  8.5
  102.350534  8.5
  124.726037  8.5
  150.737742  8.5
  182.022544  8.5
  27.632317  7
  27.651153  7
  65.766285  7
  69.973046  7
  89.856606  7
  110.822213  7
  137.577050  7
  0.000000  7.5
  50.152657  7.5
  50.654381  7.5
  76.213650  7.5
  88.809217  7.5
  110.880519  7.5
  137.575987  7.5
  23.309761  6
  23.380055  6
  52.011982  6
  59.025706  6
  77.317277  6
  99.358070  6
  0.000000  6.5
  41.049937  6.5
  42.395047  6.5
  61.648429  6.5
  77.095658  6.5
  99.363271  6.5
  18.919374  5
  19.159575  5
  39.649671  5
  49.455122  5
  67.388481  5
  0.000001  5.5
  31.697493  5.5
  34.614920  5.5
  50.186722  5.5
  67.364330  5.5
  14.374947  4
  15.085374  4
  29.576891  4
  41.575375  4
  0.000014  4.5
  22.700011  4.5
  27.666729  4.5
  41.678827  4.5
  9.692408  3
  11.349285  3
  22.308053  3
  0.000299  3.5
  15.000620  3.5
  21.923572  3.5
  5.375465  2
  8.234034  2
  0.005563  2.5
  9.320434  2.5
  2.217651  1
  0.075899  1.5
