  39.056291  10
  39.056297  10
  104.162244  10
  104.178640  10
  149.160231  10
  151.898468  10
  174.503908  10
  193.264359  10
  218.214293  10
  247.024422  10
  0.000000  10.5
  73.813257  10.5
  73.813716  10.5
  129.753060  10.5
  130.058397  10.5
  161.863540  10.5
  171.856474  10.5
  193.539810  10.5
  218.201925  10.5
  247.024634  10.5
  34.935704  9
  34.935742  9
  91.708735  9
  91.783644  9
  126.702174  9
  132.548214  9
  152.140630  9
  173.203942  9
  198.756112  9
  0.000000  9.5
  65.560475  9.5
  65.563038  9.5
  112.640581  9.5
  113.682503  9.5
  137.289022  9.5
  151.446640  9.5
  173.242384  9.5
  198.755349  9.5
  30.814452  8
  30.814694  8
  79.130157  8
  79.436173  8
  105.065240  8
  114.694685  8
  133.558683  8
  155.739403  8
  0.000000  8.5
  57.297350  8.5
  57.310831  8.5
  94.949928  8.5
  97.772730  8.5
  116.260201  8.5
  133.444875  8.5
  155.742100  8.5
  26.691746  7
  26.693219  7
  66.232663  7
  67.283846  7
  85.872940  7
  98.893225  7
  117.984743  7
  0.000000  7.5
  49.002930  7.5
  49.068178  7.5
  77.142664  7.5
  82.839126  7.5
  99.207959  7.5
  117.975486  7.5
  22.564483  6
  22.572935  6
  52.907774  6
  55.658796  6
  70.265554  6
  85.459503  6
  0.000000  6.5
  40.605795  6.5
  40.884820  6.5
  60.612263  6.5
  69.479463  6.5
  85.490098  6.5
  18.419153  5
  18.463787  5
  39.865484  5
  45.077991  5
  58.274521  5
  0.000000  5.5
  31.945273  5.5
  32.917352  5.5
  46.762333  5.5
  58.178808  5.5
  14.204026  4
  14.409997  4
  28.471324  4
  36.100172  4
  0.000000  4.5
  23.066174  4.5
  25.506803  4.5
  36.374806  4.5
  9.813464  3
  10.555014  3
  19.831778  3
  0.000023  3.5
  14.870404  3.5
  19.151527  3.5
  5.453117  2
  7.209490  2
  0.000986  2.5
  8.542752  2.5
  2.090034  1
  0.030600  1.5
