  59.852862  10
  62.129354  10
  131.218130  10
  178.330974  10
  254.874838  10
  350.727157  10
  466.364114  10
  601.543329  10
  756.182768  10
  930.240932  10
  0.000048  10.5
  100.102755  10.5
  117.718484  10.5
  180.106963  10.5
  254.782380  10.5
  350.729645  10.5
  466.364076  10.5
  601.543329  10.5
  756.182768  10.5
  930.240932  10.5
  52.470552  9
  55.899528  9
  116.110281  9
  166.730247  9
  243.358291  9
  339.513042  9
  455.302082  9
  590.576748  9
  745.279884  9
  0.000168  9.5
  85.974671  9.5
  107.362191  9.5
  167.582675  9.5
  243.324764  9.5
  339.513711  9.5
  455.302075  9.5
  590.576748  9.5
  745.279884  9.5
  44.963992  8
  49.918674  8
  103.048836  8
  156.403572  8
  233.193120  8
  329.559565  8
  445.461816  8
  580.807494  8
  0.000580  8.5
  72.776300  8.5
  97.845091  8.5
  156.768933  8.5
  233.182686  8.5
  329.559710  8.5
  445.461815  8.5
  580.807494  8.5
  37.444440  7
  44.265973  7
  92.047822  7
  147.361381  7
  224.325799  7
  320.839782  7
  436.824036  7
  0.001971  7.5
  60.771941  7.5
  89.266212  7.5
  147.496946  7.5
  224.323168  7.5
  320.839805  7.5
  436.824036  7.5
  30.113915  6
  39.029034  6
  83.008582  6
  139.596544  6
  216.714609  6
  313.329996  6
  0.006544  6.5
  50.176999  6.5
  81.711369  6.5
  139.637795  6.5
  216.714127  6.5
  313.329998  6.5
  23.234162  5
  34.300132  5
  75.752627  5
  133.089639  5
  210.326375  5
  0.021024  5.5
  41.160176  5.5
  75.249973  5.5
  133.098897  5.5
  210.326327  5.5
  17.067842  4
  30.173337  4
  70.079576  4
  127.814782  4
  0.064498  4.5
  33.845013  4.5
  69.932848  4.5
  127.815947  4.5
  11.825292  3
  26.744516  3
  65.816204  3
  0.185418  3.5
  28.301257  3.5
  65.791414  3.5
  7.633613  2
  24.116281  2
  0.488238  2.5
  24.523040  2.5
  4.522712  1
  1.153405  1.5
