  75.876201  10
  95.190458  10
  202.042634  10
  334.666130  10
  516.673184  10
  744.739049  10
  1018.704977  10
  1338.472961  10
  1704.000023  10
  2115.264528  10
  0.010962  10.5
  125.757225  10.5
  197.738205  10.5
  334.852182  10.5
  516.669536  10.5
  744.739088  10.5
  1018.704977  10.5
  1338.472961  10.5
  1704.000023  10.5
  2115.264528  10.5
  65.340122  9
  87.852645  9
  189.965324  9
  324.112876  9
  506.316696  9
  734.507288  9
  1008.544165  9
  1328.356715  9
  1693.913600  9
  0.023077  9.5
  111.181488  9.5
  187.389892  9.5
  324.199393  9.5
  506.315389  9.5
  734.507299  9.5
  1008.544165  9.5
  1328.356715  9.5
  1693.913600  9.5
  55.295714  8
  81.012985  8
  179.507610  8
  314.727091  8
  497.095797  8
  725.382464  8
  999.474346  8
  1319.321457  8
  0.047886  8.5
  98.121309  8.5
  178.074884  8.5
  314.763354  8.5
  497.095393  8.5
  725.382467  8.5
  999.474346  8.5
  1319.321457  8.5
  45.898662  7
  74.727116  7
  170.549446  7
  306.493528  7
  488.994938  7
  717.354560  7
  991.488357  7
  0.097609  7.5
  86.647935  7.5
  169.822210  7.5
  306.506776  7.5
  488.994837  7.5
  717.354560  7.5
  991.488357  7.5
  37.285600  6
  69.051271  6
  162.980547  6
  299.396340  6
  482.000695  6
  710.414764  6
  0.194588  6.5
  76.812953  6.5
  162.653631  6.5
  299.400329  6.5
  482.000676  6.5
  710.414764  6.5
  29.565394  5
  64.043086  5
  156.707417  5
  293.420162  5
  476.101603  5
  0.377405  5.5
  68.643598  5.5
  156.583776  5.5
  293.421050  5.5
  476.101602  5.5
  22.813850  4
  59.763290  4
  151.656187  4
  288.550971  4
  0.708006  4.5
  62.136386  4.5
  151.620639  4.5
  288.551082  4.5
  17.070661  3
  56.278377  3
  147.772450  3
  1.277346  3.5
  57.251505  3.5
  147.766499  3.5
  12.337504  2
  53.664090  2
  2.205725  2.5
  53.911777  2.5
  8.576978  1
  3.634932  1.5
