  38.424579  10
  38.424579  10
  102.880561  10
  102.881290  10
  150.100434  10
  150.489900  10
  175.487478  10
  185.217652  10
  203.528364  10
  224.604112  10
  -0.000000  10.5
  72.730840  10.5
  72.730853  10.5
  128.786482  10.5
  128.809356  10.5
  165.473574  10.5
  168.544764  10.5
  186.702276  10.5
  203.415177  10.5
  224.607052  10.5
  34.376207  9
  34.376208  9
  90.710470  9
  90.715765  9
  128.986316  9
  130.475932  9
  148.591245  9
  162.169592  9
  180.961376  9
  0.000000  9.5
  64.630054  9.5
  64.630165  9.5
  112.447491  9.5
  112.576504  9.5
  139.454075  9.5
  146.033346  9.5
  162.423130  9.5
  180.953629  9.5
  30.327610  8
  30.327621  8
  78.514679  8
  78.549426  8
  107.284605  8
  111.261103  8
  126.126387  8
  142.023825  8
  0.000000  8.5
  56.526744  8.5
  56.527661  8.5
  95.855970  8.5
  96.458539  8.5
  115.221786  8.5
  125.589914  8.5
  142.043784  8.5
  26.278620  7
  26.278717  7
  66.225108  7
  66.421418  7
  86.313910  7
  93.625435  7
  107.860177  7
  0.000000  7.5
  48.416907  7.5
  48.423939  7.5
  78.725148  7.5
  80.786746  7.5
  94.673389  7.5
  107.810254  7.5
  22.228653  6
  22.229537  6
  53.633481  6
  54.499958  6
  68.040991  6
  78.302879  6
  0.000000  6.5
  40.281606  6.5
  40.329654  6.5
  61.555967  6.5
  66.202344  6.5
  78.422785  6.5
  18.174566  5
  18.181925  5
  40.682785  5
  43.227597  5
  53.752728  5
  0.000000  5.5
  32.036195  5.5
  32.308745  5.5
  46.074050  5.5
  53.481324  5.5
  14.097287  4
  14.151152  4
  28.506052  4
  33.309201  4
  0.000000  4.5
  23.498590  4.5
  24.599537  4.5
  33.870136  4.5
  9.911167  3
  10.220930  3
  18.743681  3
  0.000001  3.5
  15.073241  3.5
  17.730962  3.5
  5.588336  2
  6.675519  2
  0.000160  2.5
  8.215980  2.5
  2.035928  1
  0.012071  1.5
