  44.205875  10
  44.219291  10
  111.687167  10
  115.609421  10
  150.816502  10
  180.689012  10
  221.632746  10
  270.033578  10
  325.848924  10
  388.923103  10
  0.000000  10.5
  82.219075  10.5
  82.592682  10.5
  131.214151  10.5
  146.525818  10.5
  181.164061  10.5
  221.607268  10.5
  270.034320  10.5
  325.848913  10.5
  388.923103  10.5
  39.472739  9
  39.509705  9
  95.978499  9
  102.602736  9
  133.639432  9
  165.945833  9
  207.288228  9
  256.036792  9
  312.071238  9
  0.000000  9.5
  72.433185  9.5
  73.287491  9.5
  112.359347  9.5
  131.808765  9.5
  166.082431  9.5
  207.283254  9.5
  256.036881  9.5
  312.071238  9.5
  34.715278  8
  34.813709  8
  80.522765  8
  90.429295  8
  119.283356  8
  153.002865  8
  194.689358  8
  243.679899  8
  0.000000  8.5
  62.379466  8.5
  64.180491  8.5
  95.696082  8.5
  118.649218  8.5
  153.033704  8.5
  194.688675  8.5
  243.679905  8.5
  29.904055  7
  30.154338  7
  66.053923  7
  79.357588  7
  107.335400  7
  141.805760  7
  183.749448  7
  0.000000  7.5
  52.038211  7.5
  55.433054  7.5
  81.689490  7.5
  107.164319  7.5
  141.810677  7.5
  183.749398  7.5
  24.984816  6
  25.580685  6
  53.254908  6
  69.620963  6
  97.416525  6
  132.280180  6
  0.000005  6.5
  41.673398  6.5
  47.260607  6.5
  70.417853  6.5
  97.383877  6.5
  132.280600  6.5
  19.897605  5
  21.183553  5
  42.650073  5
  61.383238  5
  89.275671  5
  0.000050  5.5
  31.866746  5.5
  39.908347  5.5
  61.574575  5.5
  89.272306  5.5
  14.695685  4
  17.105066  4
  34.516333  4
  54.720531  4
  0.000483  4.5
  23.261247  4.5
  33.615880  4.5
  54.745513  4.5
  9.724505  3
  13.530539  3
  28.746377  3
  0.004336  3.5
  16.352270  3.5
  28.583946  3.5
  5.538146  2
  10.664331  2
  0.033997  2.5
  11.461233  2.5
  2.561697  1
  0.208074  1.5
