  310.678977  10
  1384.244980  10
  3750.956957  10
  7300.595544  10
  12034.474350  10
  17952.147479  10
  25053.491534  10
  33338.460116  10
  42807.032575  10
  53459.198578  10
  59.586264  10.5
  1391.794147  10.5
  3750.924653  10.5
  7300.595593  10.5
  12034.474350  10.5
  17952.147479  10.5
  25053.491534  10.5
  33338.460116  10.5
  42807.032575  10.5
  53459.198578  10.5
  290.477198  9
  1374.513889  9
  3741.009030  9
  7290.864958  9
  12024.828528  9
  17942.544161  9
  25043.912538  9
  33328.896334  9
  42797.478942  9
  65.773650  9.5
  1380.018044  9.5
  3740.990178  9.5
  7290.864981  9.5
  12024.828528  9.5
  17942.544161  9.5
  25043.912538  9.5
  33328.896334  9.5
  42797.478942  9.5
  271.189161  8
  1365.720912  8
  3732.114736  8
  7282.161174  8
  12016.199616  8
  17933.952772  8
  25035.342616  8
  33320.339838  8
  72.477193  8.5
  1369.582516  8.5
  3732.104450  8.5
  7282.161183  8.5
  12016.199616  8.5
  17933.952772  8.5
  25035.342616  8.5
  33320.339838  8.5
  252.801893  7
  1357.884850  7
  3724.271752  7
  7274.483347  7
  12008.587094  7
  17926.372961  7
  25027.781515  7
  79.724446  7.5
  1360.464377  7.5
  3724.266607  7.5
  7274.483351  7.5
  12008.587094  7.5
  17926.372961  7.5
  25027.781515  7.5
  235.301073  6
  1351.025084  6
  3717.478109  6
  7267.830736  6
  12001.990502  6
  17919.804419  6
  87.542894  6.5
  1352.640068  6.5
  3717.475822  6.5
  7267.830737  6.5
  12001.990502  6.5
  17919.804419  6.5
  218.671057  5
  1345.161575  5
  3711.732170  5
  7262.202694  5
  11996.409444  5
  95.959820  5.5
  1346.085768  5.5
  3711.731312  5.5
  7262.202695  5.5
  11996.409444  5.5
  202.894907  4
  1340.314851  4
  3707.032611  4
  7257.598677  4
  105.002184  4.5
  1340.777499  4.5
  3707.032365  4.5
  7257.598677  4.5
  187.954431  3
  1336.505998  3
  3703.378394  3
  114.696501  3.5
  1336.691228  3.5
  3703.378353  3.5
  173.830222  2
  1333.756630  2
  125.068724  2.5
  1333.802968  2.5
  160.501717  1
  136.144137  1.5
