  90.987386  10
  147.160985  10
  335.807472  10
  602.677018  10
  961.082747  10
  1409.553759  10
  1947.924282  10
  2576.124935  10
  3294.124681  10
  4101.907907  10
  0.185239  10.5
  171.374780  10.5
  334.234411  10.5
  602.709528  10.5
  961.082432  10.5
  1409.553761  10.5
  1947.924282  10.5
  2576.124935  10.5
  3294.124681  10.5
  4101.907907  10.5
  78.843974  9
  139.152542  9
  324.946375  9
  592.542755  9
  951.098220  9
  1399.649424  9
  1938.066052  9
  2566.295663  9
  3284.314781  9
  0.302267  9.5
  157.288498  9.5
  324.020899  9.5
  592.557800  9.5
  951.098107  9.5
  1399.649424  9.5
  1938.066052  9.5
  2566.295663  9.5
  3284.314781  9.5
  67.536840  8
  131.774285  8
  315.382383  8
  583.507644  8
  942.186383  8
  1390.802182  8
  1929.255966  8
  2557.508908  8
  0.487014  8.5
  144.822821  8.5
  314.874053  8.5
  583.513926  8.5
  942.186348  8.5
  1390.802182  8.5
  1929.255966  8.5
  2557.508908  8.5
  57.130488  7
  125.066797  7
  307.057318  7
  575.561515  7
  934.339948  7
  1383.007178  7
  1921.490542  7
  0.773267  7.5
  133.986890  7.5
  306.801715  7.5
  575.563804  7.5
  934.339939  7.5
  1383.007178  7.5
  1921.490542  7.5
  47.672646  6
  119.072555  6
  299.922744  6
  568.694969  6
  927.552525  6
  1376.260136  6
  1.207413  6.5
  124.773691  6.5
  299.808627  6.5
  568.695656  6.5
  927.552523  6.5
  1376.260136  6.5
  39.193344  5
  113.836914  5
  293.939722  5
  562.899576  5
  921.818599  5
  1.850250  5.5
  117.158195  5.5
  293.896774  5.5
  562.899729  5.5
  921.818599  5.5
  31.704236  4
  109.409302  4
  289.078151  4
  558.168041  4
  2.777438  4.5
  111.096701  4.5
  289.065846  4.5
  558.168061  4.5
  25.198117  3
  105.844527  3
  285.315859  3
  4.077956  3.5
  106.527978  3.5
  285.313803  3.5
  19.648637  2
  103.204033  2
  5.850397  2.5
  103.376430  2.5
  15.010436  1
  8.197514  1.5
