  105.296304  10
  207.152000  10
  496.981607  10
  920.467467  10
  1486.936623  10
  2195.435037  10
  3045.810148  10
  4038.002087  10
  5171.984060  10
  6447.742604  10
  0.798373  10.5
  227.340283  10.5
  496.192530  10.5
  920.477597  10.5
  1486.936562  10.5
  2195.435038  10.5
  3045.810148  10.5
  4038.002087  10.5
  5171.984060  10.5
  6447.742604  10.5
  92.252026  9
  198.748915  9
  486.526532  9
  910.494068  9
  1477.088515  9
  2185.651669  9
  3036.064009  9
  4028.279313  9
  5162.276906  9
  1.151800  9.5
  213.727061  9.5
  486.064162  9.5
  910.498751  9.5
  1477.088493  9.5
  2185.651669  9.5
  3036.064009  9.5
  4028.279313  9.5
  5162.276906  9.5
  80.142201  8
  191.046350  8
  477.257394  8
  901.591483  8
  1468.290487  8
  2176.907168  8
  3027.350275  8
  4019.584881  8
  1.644626  8.5
  201.724213  8.5
  477.004236  8.5
  901.593436  8.5
  1468.290481  8.5
  2176.907168  8.5
  3027.350275  8.5
  4019.584881  8.5
  68.993866  7
  184.079299  7
  469.141804  7
  893.752902  7
  1460.538043  7
  2169.198517  7
  3019.666780  7
  2.321820  7.5
  191.315557  7.5
  469.014823  7.5
  893.753613  7.5
  1460.538041  7.5
  2169.198517  7.5
  3019.666780  7.5
  58.822741  6
  177.885029  6
  462.153043  6
  886.972189  6
  1453.827225  6
  2162.523056  6
  3.237690  6.5
  182.473256  6.5
  462.096460  6.5
  886.972402  6.5
  1453.827224  6.5
  2162.523056  6.5
  49.632946  5
  172.503701  5
  456.269666  5
  881.243943  5
  1448.154611  5
  4.455600  5.5
  175.157936  5.5
  456.248402  5.5
  881.243991  5.5
  1448.154611  5.5
  41.416788  4
  167.979032  4
  451.475012  4
  876.563548  4
  6.046833  4.5
  169.319605  4.5
  451.468927  4.5
  876.563554  4.5
  34.154639  3
  164.358908  3
  447.756688  3
  8.088600  3.5
  164.899367  3.5
  447.755672  3.5
  27.814968  2
  161.695879  2
  10.661362  2.5
  161.831754  2.5
  22.354631  1
  13.845765  1.5
