  40.483331  10
  40.483588  10
  106.843276  10
  107.115988  10
  146.552717  10
  157.518137  10
  183.728896  10
  213.434891  10
  248.666787  10
  288.831578  10
  0.000000  10.5
  76.230994  10.5
  76.243628  10.5
  130.721372  10.5
  133.448231  10.5
  161.392424  10.5
  183.262238  10.5
  213.460953  10.5
  248.666067  10.5
  288.831585  10.5
  36.198172  9
  36.199275  9
  93.549070  9
  94.339873  9
  124.700058  9
  139.884245  9
  165.829341  9
  196.431812  9
  232.082850  9
  0.000000  9.5
  67.615885  9.5
  67.661914  9.5
  111.868397  9.5
  117.312305  9.5
  141.246989  9.5
  165.729758  9.5
  196.435115  9.5
  232.082808  9.5
  31.910152  8
  31.914733  8
  79.845644  8
  81.840629  8
  105.546252  8
  124.188162  8
  150.425061  8
  181.545438  8
  0.000000  8.5
  58.944621  8.5
  59.101799  8.5
  93.306531  8.5
  102.249063  8.5
  124.536474  8.5
  150.410570  8.5
  181.545655  8.5
  27.614488  7
  27.632721  7
  65.774730  7
  69.914556  7
  89.751362  7
  110.594116  7
  137.220685  7
  0.000000  7.5
  50.133336  7.5
  50.622478  7.5
  76.206797  7.5
  88.685339  7.5
  110.653933  7.5
  137.219587  7.5
  23.295910  6
  23.364332  6
  52.019155  6
  58.955381  6
  77.174367  6
  99.104662  6
  0.000000  6.5
  41.044016  6.5
  42.363548  6.5
  61.606857  6.5
  76.948366  6.5
  99.110002  6.5
  18.910547  5
  19.145674  5
  39.641964  5
  49.369705  5
  67.220975  5
  0.000001  5.5
  31.700840  5.5
  34.579729  5.5
  50.111125  5.5
  67.196322  5.5
  14.372218  4
  15.071657  4
  29.548335  4
  41.474972  4
  0.000013  4.5
  22.702105  4.5
  27.624423  4.5
  41.579962  4.5
  9.693720  3
  11.333741  3
  22.260644  3
  0.000289  3.5
  14.994541  3.5
  21.872766  3.5
  5.375612  2
  8.215372  2
  0.005440  2.5
  9.305205  2.5
  2.215166  1
  0.074997  1.5
