  134.877373  10
  348.189378  10
  882.692317  10
  1677.794825  10
  2739.267678  10
  4066.475208  10
  5659.279382  10
  7517.627594  10
  9641.496348  10
  12030.873858  10
  3.953015  10.5
  363.548186  10.5
  882.386239  10.5
  1677.796894  10.5
  2739.267672  10.5
  4066.475208  10.5
  5659.279382  10.5
  7517.627594  10.5
  9641.496348  10.5
  12030.873858  10.5
  120.454349  9
  339.306820  9
  872.526298  9
  1667.950439  9
  2729.527410  9
  4056.787733  9
  5649.622217  9
  7507.989427  9
  9631.870869  9
  5.054954  9.5
  350.601568  9.5
  872.347383  9.5
  1667.951395  9.5
  2729.527408  9.5
  4056.787733  9.5
  5649.622217  9.5
  7507.989427  9.5
  9631.870869  9.5
  107.004720  8
  331.208345  8
  863.468964  8
  1659.153603  8
  2720.819491  8
  4048.124750  8
  5640.985017  8
  7499.368381  8
  6.420568  8.5
  339.194212  8.5
  863.371200  8.5
  1659.154002  8.5
  2720.819490  8.5
  4048.124750  8.5
  5640.985017  8.5
  7499.368381  8.5
  94.528891  7
  323.923729  7
  855.505881  7
  1651.400584  7
  2713.141563  7
  4040.484672  7
  5633.366641  7
  8.097610  7.5
  329.295127  7.5
  855.456924  7.5
  1651.400729  7.5
  2713.141563  7.5
  4040.484672  7.5
  5633.366641  7.5
  83.021022  6
  317.484684  6
  848.625092  6
  1644.688065  6
  2706.491550  6
  4033.866099  6
  10.137882  6.5
  320.867828  6.5
  848.603305  6.5
  1644.688108  6.5
  2706.491550  6.5
  4033.866099  6.5
  72.468985  5
  311.925091  5
  842.816916  5
  1639.013154  5
  2700.867654  5
  12.596456  5.5
  313.871007  5.5
  842.808737  5.5
  1639.013164  5.5
  2700.867654  5.5
  62.854354  4
  307.281209  4
  838.073741  4
  1634.373400  4
  15.530683  4.5
  308.259391  4.5
  838.071403  4.5
  1634.373401  4.5
  54.152457  3
  303.591828  3
  834.389812  3
  18.999072  3.5
  303.984734  3.5
  834.389422  3.5
  46.332512  2
  300.898348  2
  23.060081  2.5
  300.996866  2.5
  39.357869  1
  27.770912  1.5
