  78.069078  10
  101.640789  10
  217.938440  10
  367.150474  10
  570.662125  10
  825.595508  10
  1131.783962  10
  1489.136166  10
  1897.611799  10
  2357.190559  10
  0.018684  10.5
  131.153500  10.5
  214.281541  10.5
  367.289800  10.5
  570.659697  10.5
  825.595531  10.5
  1131.783962  10.5
  1489.136166  10.5
  1897.611799  10.5
  2357.190559  10.5
  67.220932  9
  94.183437  9
  206.132012  9
  356.686008  9
  560.387018  9
  815.435035  9
  1121.688928  9
  1479.082243  9
  1887.585385  9
  0.037452  9.5
  116.629576  9.5
  203.953615  9.5
  356.750716  9.5
  560.386149  9.5
  815.435041  9.5
  1121.688928  9.5
  1479.082243  9.5
  1887.585385  9.5
  56.941294  8
  87.249280  8
  195.876587  8
  347.375355  8
  551.233557  8
  806.370584  8
  1112.675527  8
  1470.100917  8
  0.074008  8.5
  103.651455  8.5
  194.668739  8.5
  347.402451  8.5
  551.233289  8.5
  806.370585  8.5
  1112.675527  8.5
  1470.100917  8.5
  47.369260  7
  80.890776  7
  187.062562  7
  339.203810  7
  543.188102  7
  798.393284  7
  1104.737412  7
  0.143704  7.5
  92.277759  7.5
  186.450948  7.5
  339.213701  7.5
  543.188034  7.5
  798.393284  7.5
  1104.737412  7.5
  38.623111  6
  75.161144  6
  179.592321  6
  332.156582  6
  536.238825  6
  791.495331  6
  0.273089  6.5
  82.548076  6.5
  179.317850  6.5
  332.159559  6.5
  536.238812  6.5
  791.495331  6.5
  30.794328  5
  70.115323  5
  173.384546  5
  326.219630  5
  530.375597  5
  0.505558  5.5
  74.478283  5.5
  173.280864  5.5
  326.220293  5.5
  530.375595  5.5
  23.943989  4
  65.811696  4
  168.375541  4
  321.380311  4
  0.907240  4.5
  68.055082  4.5
  168.345756  4.5
  321.380394  4.5
  18.100589  3
  62.314553  3
  164.518509  3
  1.570772  3.5
  63.232056  3.5
  164.513525  3.5
  13.258629  2
  59.697137  2
  2.614025  2.5
  59.930210  2.5
  9.377883  1
  4.172117  1.5
