  38.073024  10
  38.073024  10
  102.152292  10
  102.152294  10
  150.059154  10
  150.064726  10
  180.547614  10
  182.041549  10
  195.520080  10
  206.795600  10
  -0.000000  10.5
  72.125878  10.5
  72.125878  10.5
  128.139943  10.5
  128.140068  10.5
  167.777739  10.5
  167.912670  10.5
  188.208560  10.5
  194.130109  10.5
  206.877507  10.5
  34.064713  9
  34.064713  9
  90.123647  9
  90.123675  9
  129.940636  9
  129.996818  9
  151.141786  9
  155.480133  9
  167.059496  9
  -0.000000  9.5
  64.108593  9.5
  64.108593  9.5
  112.091553  9.5
  112.093291  9.5
  143.188462  9.5
  144.026735  9.5
  157.422996  9.5
  166.918491  9.5
  30.056365  8
  30.056365  8
  78.092749  8
  78.093199  8
  109.610251  8
  110.032854  8
  123.567954  8
  131.297657  8
  -0.000000  8.5
  56.090951  8.5
  56.090956  8.5
  96.024168  8.5
  96.044640  8.5
  118.000660  8.5
  120.989002  8.5
  131.534216  8.5
  26.047958  7
  26.047959  7
  66.054986  7
  66.061231  7
  88.731628  7
  90.630598  7
  100.307493  7
  0.000000  7.5
  48.072646  7.5
  48.072734  7.5
  79.856281  7.5
  80.043334  7.5
  93.884265  7.5
  99.923892  7.5
  22.039443  6
  22.039454  6
  53.977595  6
  54.047515  6
  68.297279  6
  72.784874  6
  0.000000  6.5
  40.052437  6.5
  40.053907  6.5
  63.296467  6.5
  64.379083  6.5
  73.379665  6.5
  18.030621  5
  18.030842  5
  41.679456  5
  42.210240  5
  50.736318  5
  0.000000  5.5
  32.020238  5.5
  32.040701  5.5
  46.740756  5.5
  49.865280  5.5
  14.019544  4
  14.023439  4
  29.162414  4
  31.147573  4
  0.000000  4.5
  23.894578  4.5
  24.102531  4.5
  32.339460  4.5
  9.983114  3
  10.037792  3
  18.128898  3
  0.000000  3.5
  15.524119  3.5
  16.613385  3.5
  5.800149  2
  6.244995  2
  0.000005  2.5
  8.036939  2.5
  2.006155  1
  0.002054  1.5
