  39.793694  10
  39.793755  10
  105.593322  10
  105.688772  10
  147.590817  10
  154.455495  10
  178.332860  10
  203.525563  10
  234.213119  10
  269.362425  10
  0.000000  10.5
  75.068025  10.5
  75.071642  10.5
  130.452619  10.5
  131.695143  10.5
  160.554901  10.5
  177.327380  10.5
  203.596009  10.5
  234.210769  10.5
  269.362456  10.5
  35.588360  9
  35.588669  9
  92.740533  9
  93.071027  9
  125.095727  9
  136.023450  9
  158.862720  9
  185.363635  9
  216.550254  9
  0.000000  9.5
  66.632248  9.5
  66.647753  9.5
  112.323749  9.5
  115.379441  9.5
  138.433432  9.5
  158.635018  9.5
  185.372827  9.5
  216.550114  9.5
  31.381502  8
  31.383007  8
  79.599997  8
  80.608459  8
  104.666782  8
  119.418594  8
  142.316974  8
  169.505862  8
  0.000000  8.5
  58.167644  8.5
  58.230098  8.5
  93.908214  8.5
  99.889905  8.5
  120.087495  8.5
  142.282640  8.5
  169.506480  8.5
  27.170757  7
  27.177792  7
  66.009687  7
  68.546630  7
  87.422053  7
  104.952007  7
  128.232169  7
  0.000000  7.5
  49.621914  7.5
  49.852344  7.5
  76.305481  7.5
  85.721830  7.5
  105.072402  7.5
  128.229510  7.5
  22.947662  6
  22.978686  6
  52.312531  6
  57.279157  6
  73.707463  6
  92.719488  6
  0.000000  6.5
  40.871069  6.5
  41.614366  6.5
  60.799752  6.5
  73.322753  6.5
  92.730522  6.5
  18.683058  5
  18.808654  5
  39.574190  5
  47.275766  5
  63.012046  5
  0.000000  5.5
  31.804936  5.5
  33.738905  5.5
  48.335799  5.5
  62.968635  5.5
  14.299288  4
  14.741183  4
  28.916157  4
  38.951509  4
  0.000004  4.5
  22.805875  4.5
  26.589158  4.5
  39.108749  4.5
  9.737485  3
  10.953210  3
  21.088420  3
  0.000110  3.5
  14.879930  3.5
  20.595812  3.5
  5.392368  2
  7.745143  2
  0.002841  2.5
  8.932495  2.5
  2.154186  1
  0.053099  1.5
