  5778.452630  10
  45334.488586  10
  125826.769512  10
  246569.420370  10
  407560.594816  10
  608799.875730  10
  850287.143935  10
  1132022.354738  10
  1454005.488273  10
  1816236.534608  10
  4358.502763  10.5
  45335.796694  10.5
  125826.769349  10.5
  246569.420370  10.5
  407560.594816  10.5
  608799.875730  10.5
  850287.143935  10.5
  1132022.354738  10.5
  1454005.488273  10.5
  1816236.534608  10.5
  5700.220827  9
  45323.977334  9
  125816.872318  9
  246559.721494  9
  407550.975272  9
  608790.295854  9
  850277.586728  9
  1132012.811700  9
  1453995.954681  9
  4422.491771  9.5
  45324.928756  9.5
  125816.872223  9.5
  246559.721494  9.5
  407550.975272  9.5
  608790.295854  9.5
  850277.586728  9.5
  1132012.811700  9.5
  1453995.954681  9.5
  5622.773573  8
  45314.555917  8
  125808.017081  8
  246551.043628  8
  407542.368357  8
  608781.724417  8
  850269.035566  8
  1132004.273209  8
  4487.194049  8.5
  45315.221956  8.5
  125808.017029  8.5
  246551.043628  8.5
  407542.368357  8.5
  608781.724417  8.5
  850269.035566  8.5
  1132004.273209  8.5
  5546.107155  7
  45306.228200  7
  125800.203751  7
  246543.386744  7
  407534.774055  7
  608774.161409  7
  850261.490439  7
  4552.613784  7.5
  45306.672252  7.5
  125800.203725  7.5
  246543.386744  7.5
  407534.774055  7.5
  608774.161409  7.5
  850261.490439  7.5
  5470.217827  6
  45298.998062  6
  125793.432283  6
  246536.750823  6
  407528.192355  6
  608767.606820  6
  4618.755139  6.5
  45299.275609  6.5
  125793.432272  6.5
  246536.750823  6.5
  407528.192355  6.5
  608767.606820  6.5
  5395.101815  5
  45292.869394  5
  125787.702642  5
  246531.135844  5
  407522.623243  5
  4685.622253  5.5
  45293.027999  5.5
  125787.702638  5.5
  246531.135844  5.5
  407522.623243  5.5
  5320.755311  4
  45287.846100  4
  125783.014795  4
  246526.541793  4
  4753.219238  4.5
  45287.925405  4.5
  125783.014794  4.5
  246526.541793  4.5
  5247.174482  3
  45283.932095  3
  125779.368718  3
  4821.550182  3.5
  45283.963818  3.5
  125779.368718  3.5
  5174.355460  2
  45281.131305  2
  4890.619145  2.5
  45281.139236  2.5
  5102.294353  1
  4960.430161  1.5
