  112.545269  10
  239.961051  10
  586.186216  10
  1095.811240  10
  1776.943340  10
  2628.754307  10
  3651.096502  10
  4843.912712  10
  6207.177346  10
  7740.877551  10
  1.331484  10.5
  258.638741  10.5
  585.588703  10.5
  1095.817589  10.5
  1776.943308  10.5
  2628.754308  10.5
  3651.096502  10.5
  4843.912712  10.5
  6207.177346  10.5
  7740.877551  10.5
  99.127181  9
  231.409898  9
  575.839855  9
  1085.884472  9
  1767.134339  9
  2619.005688  9
  3641.382592  9
  4834.220578  9
  6197.499766  9
  1.844513  9.5
  245.224869  9.5
  575.490069  9.5
  1085.887406  9.5
  1767.134327  9.5
  2619.005688  9.5
  3641.382592  9.5
  4834.220578  9.5
  6197.499766  9.5
  86.663550  8
  223.585071  8
  566.650057  8
  1077.020153  8
  1758.368975  8
  2610.290719  8
  3632.696577  8
  4825.552719  8
  2.531697  8.5
  233.405240  8.5
  566.458689  8.5
  1077.021377  8.5
  1758.368971  8.5
  2610.290719  8.5
  3632.696577  8.5
  4825.552719  8.5
  75.171214  7
  216.519870  7
  558.591303  7
  1069.212554  7
  1750.643532  7
  2602.606905  7
  3625.036662  7
  3.440310  7.5
  223.157154  7.5
  558.495375  7.5
  1069.212999  7.5
  1750.643531  7.5
  2602.606905  7.5
  3625.036662  7.5
  64.657467  6
  210.249844  6
  551.642544  6
  1062.456540  6
  1743.954740  6
  2595.952045  6
  4.625280  6.5
  214.448248  6.5
  551.599819  6.5
  1062.456674  6.5
  1743.954739  6.5
  2595.952045  6.5
  55.119887  5
  204.813277  5
  545.786851  5
  1056.747612  5
  1738.299769  5
  6.148545  5.5
  207.236993  5.5
  545.770801  5.5
  1056.747642  5.5
  1738.299769  5.5
  46.546197  4
  200.251679  4
  541.011031  4
  1052.081933  4
  8.077817  4.5
  201.473731  4.5
  541.006439  4.5
  1052.081937  4.5
  38.914233  3
  196.610213  3
  537.305224  3
  10.484794  3.5
  197.102230  3.5
  537.304458  3.5
  32.192025  2
  193.938011  2
  13.442989  2.5
  194.061589  2.5
  26.338095  1
  17.025366  1.5
