  122.232054  10
  285.720913  10
  711.241566  10
  1341.372193  10
  2183.014356  10
  3235.447379  10
  4498.528608  10
  5972.203299  10
  7656.446980  10
  9551.247367  10
  2.289457  10.5
  302.757567  10.5
  710.807307  10.5
  1341.375910  10.5
  2183.014340  10.5
  3235.447379  10.5
  4498.528608  10.5
  5972.203299  10.5
  7656.446980  10.5
  9551.247367  10.5
  108.357735  9
  277.007270  9
  700.993250  9
  1331.489306  9
  2173.242016  9
  3225.731362  9
  4488.844950  9
  5962.539932  9
  7646.797170  9
  3.044012  9.5
  289.570441  9.5
  700.739242  9.5
  1331.491023  9.5
  2173.242010  9.5
  3225.731362  9.5
  4488.844950  9.5
  5962.539932  9.5
  7646.797170  9.5
  95.451193  8
  269.048213  8
  691.875302  8
  1322.660949  8
  2164.507286  8
  3217.044109  8
  4480.184956  8
  5953.897025  8
  4.014906  8.5
  277.953460  8.5
  691.736427  8.5
  1322.661665  8.5
  2164.507284  8.5
  3217.044109  8.5
  4480.184956  8.5
  5953.897025  8.5
  83.520187  7
  261.875299  7
  683.868297  7
  1314.882443  7
  2156.807178  7
  3209.383610  7
  4472.547183  7
  5.250458  7.5
  267.878794  7.5
  683.798721  7.5
  1314.882704  7.5
  2156.807178  7.5
  3209.383610  7.5
  4472.547183  7.5
  72.564669  6
  255.522218  6
  676.956189  6
  1308.149616  6
  2150.139060  6
  3202.748092  6
  6.804786  6.5
  259.311098  6.5
  676.925215  6.5
  1308.149694  6.5
  2150.139060  6.5
  3202.748092  6.5
  62.576678  5
  250.025145  5
  671.126035  5
  1302.458822  5
  2144.500653  5
  8.737008  5.5
  252.208180  5.5
  671.114403  5.5
  1302.458840  5.5
  2144.500653  5.5
  53.540280  4
  245.423077  4
  666.367705  4
  1297.806962  4
  11.110076  4.5
  246.522005  4.5
  666.364378  4.5
  1297.806965  4.5
  45.431589  3
  241.758099  3
  662.673589  3
  13.989304  3.5
  242.199989  3.5
  662.673034  3.5
  38.218889  2
  239.075561  2
  17.440701  2.5
  239.186449  2.5
  31.862905  1
  21.529255  1.5
