  197.945603  10
  691.842696  10
  1831.632018  10
  3538.429447  10
  5815.267513  10
  8661.652826  10
  12077.457320  10
  16062.632683  10
  20617.157387  10
  25741.020648  10
  18.118669  10.5
  702.601719  10.5
  1831.534976  10.5
  3538.429750  10.5
  5815.267513  10.5
  8661.652826  10.5
  12077.457320  10.5
  16062.632683  10.5
  20617.157387  10.5
  25741.020648  10.5
  181.170940  9
  682.475227  9
  1821.621042  9
  3528.663476  9
  5805.592362  9
  8652.023357  9
  12067.854025  9
  16053.045774  9
  20607.581413  9
  21.113420  9.5
  690.341080  9.5
  1821.564385  9.5
  3528.663616  9.5
  5805.592362  9.5
  8652.023357  9.5
  12067.854025  9.5
  16053.045774  9.5
  20607.581413  9.5
  165.349933  8
  673.978406  8
  1812.679087  8
  3519.930770  8
  5796.938906  8
  8643.409715  8
  12059.263186  8
  16044.469205  8
  24.517080  8.5
  679.510409  8.5
  1812.648159  8.5
  3519.930828  8.5
  5796.938906  8.5
  8643.409715  8.5
  12059.263186  8.5
  16044.469205  8.5
  150.471343  7
  666.376352  7
  1804.800579  7
  3512.229576  7
  5789.306059  7
  8635.811169  7
  12051.684275  7
  28.368226  7.5
  670.079669  7.5
  1804.785104  7.5
  3512.229598  7.5
  5789.306059  7.5
  8635.811169  7.5
  12051.684275  7.5
  136.521027  6
  659.694328  6
  1797.980847  6
  3505.558347  6
  5782.692862  6
  8629.227070  6
  32.706213  6.5
  662.017229  6.5
  1797.973965  6.5
  3505.558353  6.5
  5782.692862  6.5
  8629.227070  6.5
  123.481960  5
  653.958781  5
  1792.216058  5
  3499.915736  5
  5777.098484  5
  37.570805  5.5
  655.290192  5.5
  1792.213476  5.5
  3499.915738  5.5
  5777.098484  5.5
  111.334278  4
  649.197367  4
  1787.503150  4
  3495.300607  4
  43.001795  4.5
  649.864728  4.5
  1787.502412  4.5
  3495.300607  4.5
  100.055348  3
  645.438949  3
  1783.839764  3
  49.038616  3.5
  645.706409  3.5
  1783.839641  3.5
  89.619855  2
  642.713571  2
  55.719968  2.5
  642.780528  2.5
  79.999929  1
  63.083464  1.5
