  40.187855  10
  40.188002  10
  106.319677  10
  106.501583  10
  146.924354  10
  156.137975  10
  181.286135  10
  209.162558  10
  242.511413  10
  280.596107  10
  0.000000  10.5
  75.734116  10.5
  75.741894  10.5
  130.643590  10.5
  132.669713  10.5
  160.837506  10.5
  180.646845  10.5
  209.201525  10.5
  242.510253  10.5
  280.596121  10.5
  35.936974  9
  35.937647  9
  93.221755  9
  93.787474  9
  124.753063  9
  138.172930  9
  162.796950  9
  191.711211  9
  225.510612  9
  0.000000  9.5
  67.196977  9.5
  67.227171  9.5
  112.062489  9.5
  116.446844  9.5
  139.900037  9.5
  162.657668  9.5
  191.716201  9.5
  225.510544  9.5
  31.683880  8
  31.686853  8
  79.758519  8
  81.297035  8
  105.055243  8
  122.112860  8
  146.957525  8
  176.449284  8
  0.000000  8.5
  58.616546  8.5
  58.726517  8.5
  93.515865  8.5
  101.200948  8.5
  122.567434  8.5
  146.936999  8.5
  176.449615  8.5
  27.424940  7
  27.437536  7
  65.870635  7
  69.309129  7
  88.682776  7
  108.176726  7
  133.413926  7
  0.000000  7.5
  49.922131  7.5
  50.287980  7.5
  76.182835  7.5
  87.390399  7.5
  108.256099  7.5
  133.412359  7.5
  23.147970  6
  23.198301  6
  52.116671  6
  58.221475  6
  75.671030  6
  96.398845  6
  0.000000  6.5
  40.976675  6.5
  42.035272  6.5
  61.205346  6.5
  75.390542  6.5
  96.405998  6.5
  18.815243  5
  18.999614  5
  39.582236  5
  48.467889  5
  65.434347  5
  0.000000  5.5
  31.740634  5.5
  34.212156  5.5
  49.326114  5.5
  65.403377  5.5
  14.342352  4
  14.927890  4
  29.258757  4
  40.404048  4
  0.000008  4.5
  22.733635  4.5
  27.178115  4.5
  40.527651  4.5
  9.709707  3
  11.169732  3
  21.758271  3
  0.000199  3.5
  14.936414  3.5
  21.330868  3.5
  5.379465  2
  8.016115  2
  0.004224  2.5
  9.144536  2.5
  2.188922  1
  0.065512  1.5
