  38.620799  10
  38.620800  10
  103.282910  10
  103.285600  10
  149.923600  10
  150.838494  10
  174.442759  10
  187.568948  10
  208.232753  10
  232.176880  10
  0.000000  10.5
  73.067720  10.5
  73.067777  10.5
  129.118495  10.5
  129.186987  10.5
  164.099116  10.5
  169.363615  10.5
  188.379317  10.5
  208.183580  10.5
  232.177957  10.5
  34.550029  9
  34.550034  9
  91.029659  9
  91.045787  9
  128.241750  9
  130.992220  9
  149.204729  9
  165.694488  9
  186.959368  9
  0.000000  9.5
  64.920052  9.5
  64.920463  9.5
  112.569287  9.5
  112.884665  9.5
  138.301138  9.5
  147.582554  9.5
  165.819661  9.5
  186.956164  9.5
  30.478916  8
  30.478955  8
  78.727115  8
  78.814191  8
  106.335646  8
  112.227958  8
  128.375373  8
  146.638998  8
  0.000000  8.5
  56.768087  8.5
  56.770913  8.5
  95.618267  8.5
  96.801815  8.5
  115.117408  8.5
  128.073160  8.5
  146.648320  8.5
  26.407159  7
  26.407462  7
  66.261150  7
  66.663035  7
  85.877484  7
  95.273984  7
  111.248913  7
  0.000000  7.5
  48.603912  7.5
  48.621811  7.5
  78.134835  7.5
  81.361026  7.5
  95.950755  7.5
  111.222564  7.5
  22.333613  6
  22.335882  6
  53.397343  6
  54.827150  6
  68.579225  6
  80.699338  6
  0.000000  6.5
  40.393632  6.5
  40.494388  6.5
  61.084578  6.5
  67.219627  6.5
  80.770938  6.5
  18.252444  5
  18.268079  5
  40.340655  5
  43.799250  5
  55.235196  5
  0.000000  5.5
  32.017140  5.5
  32.484949  5.5
  46.167564  5.5
  55.051480  5.5
  14.133919  4
  14.228403  4
  28.422308  4
  34.242158  4
  0.000000  4.5
  23.334733  4.5
  24.879391  4.5
  34.673073  4.5
  9.876923  3
  10.324011  3
  19.083493  3
  0.000005  3.5
  14.972439  3.5
  18.207290  3.5
  5.531223  2
  6.855698  2
  0.000341  2.5
  8.316784  2.5
  2.052651  1
  0.017753  1.5
