  40.711005  10
  40.711383  10
  107.233493  10
  107.593230  10
  146.345816  10
  158.643721  10
  185.710455  10
  216.750756  10
  253.383777  10
  295.098352  10
  0.000000  10.5
  76.612284  10.5
  76.629931  10.5
  130.752219  10.5
  134.076194  10.5
  161.988844  10.5
  185.339641  10.5
  216.770253  10.5
  253.383267  10.5
  295.098358  10.5
  36.399346  9
  36.400897  9
  93.782078  9
  94.775072  9
  124.766589  9
  141.253192  9
  168.203282  9
  200.054973  9
  237.085534  9
  0.000000  9.5
  67.935815  9.5
  67.997342  9.5
  111.730489  9.5
  118.014654  9.5
  142.396673  9.5
  168.125159  9.5
  200.057427  9.5
  237.085505  9.5
  32.084240  8
  32.090414  8
  79.898499  8
  82.275039  8
  106.022043  8
  125.815158  8
  153.093566  8
  185.426082  8
  0.000000  8.5
  59.192189  8.5
  59.393074  8.5
  93.193761  8.5
  103.090538  8.5
  126.102149  8.5
  153.082289  8.5
  185.426243  8.5
  27.759907  7
  27.783445  7
  65.709363  7
  70.399129  7
  90.630981  7
  112.458618  7
  140.121099  7
  0.000000  7.5
  50.288233  7.5
  50.884934  7.5
  76.284334  7.5
  89.705700  7.5
  112.507395  7.5
  140.120249  7.5
  23.408564  6
  23.493130  6
  51.970225  6
  59.535233  6
  78.347032  6
  101.167609  6
  0.000000  6.5
  41.090541  6.5
  42.623533  6.5
  61.963434  6.5
  78.153748  6.5
  101.171937  6.5
  18.981874  5
  19.259882  5
  39.714521  5
  50.069440  5
  68.585394  5
  0.000001  5.5
  31.675612  5.5
  34.869763  5.5
  50.735765  5.5
  68.564471  5.5
  14.394141  4
  15.184501  4
  29.787343  4
  42.292836  4
  0.000019  4.5
  22.689078  4.5
  27.971149  4.5
  42.386175  4.5
  9.683931  3
  11.461117  3
  22.648194  3
  0.000376  3.5
  15.046930  3.5
  22.286636  3.5
  5.375387  2
  8.367310  2
  0.006482  2.5
  9.430016  2.5
  2.235510  1
  0.082410  1.5
