  38.704180  10
  38.704180  10
  103.452824  10
  103.456964  10
  149.810364  10
  151.011658  10
  174.242190  10
  188.620548  10
  210.189148  10
  235.184524  10
  0.000000  10.5
  73.210695  10.5
  73.210788  10.5
  129.251599  10.5
  129.349716  10.5
  163.577382  10.5
  169.778473  10.5
  189.263878  10.5
  210.152852  10.5
  235.185274  10.5
  34.623883  9
  34.623891  9
  91.163027  9
  91.186305  9
  127.923854  9
  131.251037  9
  149.643463  9
  167.161228  9
  189.345898  9
  0.000000  9.5
  65.043026  9.5
  65.043662  9.5
  112.603477  9.5
  113.025156  9.5
  137.963686  9.5
  148.285816  9.5
  167.257869  9.5
  189.343567  9.5
  30.543189  8
  30.543249  8
  78.811726  8
  78.929457  8
  106.011315  8
  112.671646  8
  129.359119  8
  148.477735  8
  0.000000  8.5
  56.870145  8.5
  56.874244  8.5
  95.499529  8.5
  96.967184  8.5
  115.220001  8.5
  129.114779  8.5
  148.484818  8.5
  26.461725  7
  26.462167  7
  66.265968  7
  66.773356  7
  85.791777  7
  95.970665  7
  112.605599  7
  0.000000  7.5
  48.682084  7.5
  48.706447  7.5
  77.910835  7.5
  81.625378  7.5
  96.544681  7.5
  112.584688  7.5
  22.378048  6
  22.381149  6
  53.297854  6
  54.976489  6
  68.862883  6
  81.657755  6
  0.000000  6.5
  40.438009  6.5
  40.566571  6.5
  60.942927  6.5
  67.651995  6.5
  81.717124  6.5
  18.285011  5
  18.305075  5
  40.223781  5
  44.043004  5
  55.839457  5
  0.000000  5.5
  32.005730  5.5
  32.563776  5.5
  46.248659  5.5
  55.680202  5.5
  14.148421  4
  14.262177  4
  28.411637  4
  34.615598  4
  0.000000  4.5
  23.274242  4.5
  24.998843  4.5
  35.006380  4.5
  9.863502  3
  10.368002  3
  19.227321  3
  0.000007  3.5
  14.942603  3.5
  18.397440  3.5
  5.512169  2
  6.927262  2
  0.000439  2.5
  8.359808  2.5
  2.059780  1
  0.020188  1.5
