  117.624595  10
  263.705317  10
  651.002383  10
  1223.111866  10
  1987.461144  10
  2943.284758  10
  4090.437875  10
  5428.864697  10
  6958.540271  10
  8679.452073  10
  1.798858  10.5
  281.476248  10.5
  650.500228  10.5
  1223.116608  10.5
  1987.461123  10.5
  2943.284758  10.5
  4090.437875  10.5
  5428.864697  10.5
  6958.540271  10.5
  8679.452073  10.5
  103.962373  9
  255.064654  9
  640.712543  9
  1213.210157  9
  1977.673094  9
  2933.554767  9
  4080.741249  9
  5419.188998  9
  6948.878556  9
  2.435159  9.5
  268.186493  9.5
  640.418720  9.5
  1213.212347  9.5
  1977.673087  9.5
  2933.554767  9.5
  4080.741249  9.5
  5419.188998  9.5
  6948.878556  9.5
  91.262982  8
  247.165880  8
  631.564123  8
  1204.366379  8
  1968.925235  8
  2924.855634  8
  4072.070100  8
  5410.535393  8
  3.268383  8.5
  256.478464  8.5
  631.403435  8.5
  1204.367293  8.5
  1968.925233  8.5
  2924.855634  8.5
  4072.070100  8.5
  5410.535393  8.5
  79.538000  7
  240.041327  7
  623.535134  7
  1196.575401  7
  1961.214268  7
  2917.185140  7
  4064.422834  7
  4.346577  7.5
  246.326372  7.5
  623.454611  7.5
  1196.575734  7.5
  1961.214268  7.5
  2917.185140  7.5
  4064.422834  7.5
  68.790447  6
  233.725520  6
  616.607426  6
  1189.832634  6
  1954.537288  6
  2910.541330  6
  5.724407  6.5
  237.695971  6.5
  616.571572  6.5
  1189.832734  6.5
  1954.537288  6.5
  2910.541330  6.5
  59.014650  5
  228.255591  5
  610.766379  5
  1184.134067  5
  1948.891780  5
  7.462406  5.5
  230.545159  5.5
  610.752913  5.5
  1184.134089  5.5
  1948.891780  5.5
  50.196154  4
  223.671679  4
  606.000576  4
  1179.476283  4
  9.625754  4.5
  224.825032  4.5
  605.996724  4.5
  1179.476285  4.5
  42.311719  3
  220.017264  3
  602.301455  3
  12.282664  3.5
  220.481289  3.5
  602.300812  3.5
  35.329427  2
  217.339397  2
  15.502492  2.5
  217.455885  2.5
  29.208972  1
  19.353748  1.5
