  51.523723  10
  51.858620  10
  117.863125  10
  138.482024  10
  186.852461  10
  245.257295  10
  316.681271  10
  400.439853  10
  496.407395  10
  604.515072  10
  0.000001  10.5
  91.661823  10.5
  96.430321  10.5
  144.255537  10.5
  186.263315  10.5
  245.285532  10.5
  316.680525  10.5
  400.439865  10.5
  496.407395  10.5
  604.515072  10.5
  45.735476  9
  46.373494  9
  101.373304  9
  126.081861  9
  173.799344  9
  232.890239  9
  304.568758  9
  388.490684  9
  484.566433  9
  0.000003  9.5
  79.192425  9.5
  86.362024  9.5
  129.074503  9.5
  173.579670  9.5
  232.897926  9.5
  304.568617  9.5
  388.490685  9.5
  484.566433  9.5
  39.822958  8
  40.991061  8
  86.550666  8
  114.907777  8
  162.452947  8
  221.969217  8
  293.836586  8
  377.877606  8
  0.000015  8.5
  66.849554  8.5
  76.875767  8.5
  116.262007  8.5
  162.383250  8.5
  221.970890  8.5
  293.836567  8.5
  377.877606  8.5
  33.750409  7
  35.777676  7
  73.713704  7
  105.052754  7
  152.663587  7
  212.447010  7
  284.448881  7
  0.000081  7.5
  55.049704  7.5
  68.129827  7.5
  105.573459  7.5
  152.645783  7.5
  212.447270  7.5
  284.448880  7.5
  27.543977  6
  30.823801  6
  63.055701  6
  96.568245  6
  144.328213  6
  204.280764  6
  0.000414  6.5
  44.221367  6.5
  60.278051  6.5
  96.730284  6.5
  144.324927  6.5
  204.280786  6.5
  21.366587  5
  26.241349  5
  54.585443  5
  89.466493  5
  137.374490  5
  0.002055  5.5
  34.725808  5.5
  53.458253  5.5
  89.503361  5.5
  137.374158  5.5
  15.533444  4
  22.156234  4
  48.121229  4
  83.729601  4
  0.009724  4.5
  26.837137  4.5
  47.782788  4.5
  83.734279  4.5
  10.414949  3
  18.699834  3
  43.389859  3
  0.042724  3.5
  20.747684  3.5
  43.331798  3.5
  6.305974  2
  16.006292  2
  0.167281  2.5
  16.556695  2.5
  3.348885  1
  0.554739  1.5
