  48.556768  10
  48.679257  10
  115.143448  10
  128.086667  10
  169.359970  10
  216.425429  10
  274.982529  10
  343.821138  10
  422.801483  10
  511.835215  10
  0.000000  10.5
  88.232702  10.5
  90.469601  10.5
  136.826529  10.5
  168.112599  10.5
  216.503381  10.5
  274.979910  10.5
  343.821187  10.5
  422.801482  10.5
  511.835215  10.5
  43.232843  9
  43.495276  9
  98.526464  9
  115.390941  9
  155.233356  9
  203.362757  9
  262.233485  9
  331.281585  9
  410.399619  9
  0.000000  9.5
  76.783892  9.5
  80.625287  9.5
  120.194758  9.5
  154.755606  9.5
  203.384221  9.5
  262.232985  9.5
  331.281591  9.5
  410.399619  9.5
  37.828315  8
  38.369927  8
  83.205206  8
  103.832451  8
  143.104692  8
  191.857184  8
  250.964442  8
  320.163707  8
  0.000002  8.5
  65.161849  8.5
  71.224758  8.5
  106.111477  8.5
  142.950427  8.5
  191.861891  8.5
  250.964374  8.5
  320.163707  8.5
  32.293104  7
  33.355143  7
  69.644947  7
  93.561534  7
  132.732467  7
  181.851815  7
  241.127779  7
  0.000016  7.5
  53.707333  7.5
  62.443172  7.5
  94.466828  7.5
  132.692606  7.5
  181.852551  7.5
  241.127774  7.5
  26.592221  6
  28.531748  6
  58.195841  6
  84.679680  6
  123.953187  6
  173.292335  6
  0.000102  6.5
  42.909110  6.5
  54.464941  6.5
  84.967106  6.5
  123.945777  6.5
  173.292397  6.5
  20.789835  5
  24.011808  5
  49.031833  5
  77.234283  5
  116.658924  5
  0.000633  5.5
  33.247149  5.5
  47.465636  5.5
  77.300444  5.5
  116.658172  5.5
  15.143694  4
  19.932850  4
  42.076740  4
  71.224613  4
  0.003748  4.5
  25.101508  4.5
  41.595860  4.5
  71.233061  4.5
  10.066675  3
  16.445647  3
  37.052421  3
  0.020592  3.5
  18.742424  3.5
  36.968938  3.5
  5.948724  2
  13.704591  2
  0.099862  2.5
  14.331593  2.5
  3.009703  1
  0.398774  1.5
