  93.170301  10
  155.806519  10
  358.790828  10
  648.137450  10
  1036.341633  10
  1522.050430  10
  2105.100277  10
  2785.423829  10
  3562.990951  10
  4437.786483  10
  0.244344  10.5
  179.294390  10.5
  357.395913  10.5
  648.163959  10.5
  1036.341397  10.5
  1522.050431  10.5
  2105.100277  10.5
  2785.423829  10.5
  3562.990951  10.5
  4437.786483  10.5
  80.867358  9
  147.726323  9
  348.018129  9
  638.036781  9
  1026.385817  9
  1512.171519  9
  2095.265592  9
  2775.616920  9
  3553.202620  9
  0.389260  9.5
  165.286083  9.5
  347.198235  9.5
  638.049046  9.5
  1026.385732  9.5
  1512.171519  9.5
  2095.265592  9.5
  2775.616920  9.5
  3553.202620  9.5
  69.423975  8
  140.289371  8
  338.518253  8
  629.029422  8
  1017.497914  8
  1503.345862  8
  2086.475739  8
  2766.849546  8
  0.612527  8.5
  152.900352  8.5
  338.068244  8.5
  629.034542  8.5
  1017.497888  8.5
  1503.345862  8.5
  2086.475739  8.5
  2766.849546  8.5
  58.896673  7
  133.535075  7
  330.238576  7
  621.105851  7
  1009.671233  7
  1495.568994  7
  2078.727514  7
  0.950354  7.5
  142.140978  7.5
  330.012426  7.5
  621.107716  7.5
  1009.671227  7.5
  1495.568994  7.5
  2078.727514  7.5
  49.326229  6
  127.504855  6
  323.135427  6
  614.257323  6
  1002.899901  6
  1488.836980  6
  1.451175  6.5
  132.996239  6.5
  323.034502  6.5
  614.257883  6.5
  1002.899900  6.5
  1488.836980  6.5
  40.736937  5
  122.243068  5
  317.173738  5
  608.476030  5
  997.178849  5
  2.176973  5.5
  125.437515  5.5
  317.135767  5.5
  608.476154  5.5
  997.178849  5.5
  33.136064  4
  117.798100  4
  312.326393  4
  603.755231  4
  3.203269  4.5
  119.419065  4.5
  312.315517  4.5
  603.755246  4.5
  26.513443  3
  114.223529  3
  308.573388  3
  4.617337  3.5
  114.879433  3.5
  308.571572  3.5
  20.841277  2
  111.579210  2
  6.514599  2.5
  111.744543  2.5
  16.074318  1
  8.993645  1.5
