  38.969812  10
  38.969816  10
  103.989328  10
  104.001617  10
  149.338714  10
  151.658324  10
  174.303428  10
  192.100580  10
  216.274316  10
  244.218889  10
  0.000000  10.5
  73.665456  10.5
  73.665784  10.5
  129.639504  10.5
  129.880677  10.5
  162.211425  10.5
  171.304188  10.5
  192.434448  10.5
  216.258594  10.5
  244.219169  10.5
  34.859130  9
  34.859158  9
  91.577525  9
  91.636191  9
  126.978276  9
  132.202551  9
  151.456953  9
  171.739138  9
  196.524500  9
  0.000000  9.5
  65.433686  9.5
  65.435599  9.5
  112.646411  9.5
  113.511501  9.5
  137.358006  9.5
  150.647302  9.5
  171.786373  9.5
  196.523522  9.5
  30.747855  8
  30.748036  8
  79.057821  8
  79.308636  8
  105.241076  8
  114.179132  8
  132.525382  8
  154.015847  8
  0.000000  8.5
  57.193037  8.5
  57.203537  8.5
  95.087653  8.5
  97.560247  8.5
  115.933370  8.5
  132.390287  8.5
  154.019188  8.5
  26.635319  7
  26.636463  7
  66.247650  7
  67.152195  7
  85.798274  7
  98.177953  7
  116.705637  7
  0.000000  7.5
  48.925570  7.5
  48.978646  7.5
  77.305828  7.5
  82.528500  7.5
  98.538499  7.5
  116.694541  7.5
  22.518885  6
  22.525731  6
  52.997959  6
  55.484426  6
  69.898123  6
  84.555003  6
  0.000000  6.5
  40.567387  6.5
  40.804717  6.5
  60.659884  6.5
  69.030324  6.5
  84.590466  6.5
  18.386710  5
  18.424440  5
  39.936242  5
  44.822949  5
  57.690931  5
  0.000000  5.5
  31.961366  5.5
  32.827731  5.5
  46.615700  5.5
  57.583684  5.5
  14.191124  4
  14.372979  4
  28.443960  4
  35.746445  4
  0.000000  4.5
  23.110995  4.5
  25.381520  4.5
  36.043760  4.5
  9.824818  3
  10.508897  3
  19.683702  3
  0.000018  3.5
  14.881667  3.5
  18.972058  3.5
  5.465060  2
  7.142521  2
  0.000832  2.5
  8.497633  2.5
  2.082581  1
  0.028023  1.5
