  246.069700  10
  978.277495  10
  2625.107949  10
  5093.817288  10
  8386.487805  10
  12502.655889  10
  17442.196244  10
  23205.061697  10
  29791.231244  10
  37200.694368  10
  33.857131  10.5
  987.286541  10.5
  2625.052216  10.5
  5093.817409  10.5
  8386.487805  10.5
  12502.655889  10.5
  17442.196244  10.5
  23205.061697  10.5
  29791.231244  10.5
  37200.694368  10.5
  227.743212  9
  968.714710  9
  2615.135114  9
  5084.072365  9
  8376.830101  9
  12493.041975  9
  17432.607402  9
  23195.488544  9
  29781.668557  9
  38.266636  9.5
  975.290538  9.5
  2615.102584  9.5
  5084.072421  9.5
  8376.830101  9.5
  12493.041975  9.5
  17432.607402  9.5
  23195.488544  9.5
  29781.668557  9.5
  210.351059  8
  960.058522  8
  2606.221914  8
  5075.356862  8
  8368.191245  8
  12484.441569  8
  17424.029003  8
  23186.923913  8
  43.143443  8.5
  964.676559  8.5
  2606.204161  8.5
  5075.356886  8.5
  8368.191245  8.5
  12484.441569  8.5
  17424.029003  8.5
  23186.923913  8.5
  193.880460  7
  952.330329  7
  2598.364778  7
  5067.669569  7
  8360.570487  7
  12476.854166  7
  17416.460684  7
  48.520421  7.5
  955.417845  7.5
  2598.355897  7.5
  5067.669577  7.5
  8360.570487  7.5
  12476.854166  7.5
  17416.460684  7.5
  178.316649  6
  945.552354  6
  2591.560697  6
  5061.009413  6
  8353.967167  6
  12470.279319  6
  54.430625  6.5
  947.486842  6.5
  2591.556749  6.5
  5061.009416  6.5
  8353.967167  6.5
  12470.279319  6.5
  163.642913  5
  939.747655  5
  2585.807187  5
  5055.375468  5
  8348.380711  5
  60.907083  5.5
  940.855397  5.5
  2585.805706  5.5
  5055.375469  5.5
  8348.380711  5.5
  149.840623  4
  934.940122  4
  2581.102247  4
  5050.766948  4
  67.982570  4.5
  935.494944  4.5
  2581.101823  4.5
  5050.766948  4.5
  136.889291  3
  931.154469  3
  2577.444324  3
  75.689396  3.5
  931.376694  3.5
  2577.444253  3.5
  124.766633  2
  928.416199  2
  84.059196  2.5
  928.471808  2.5
  113.448649  1
  93.122735  1.5
