  361.313322  10
  1715.034328  10
  4668.826673  10
  9099.670454  10
  15008.476644  10
  22394.806588  10
  31258.537754  10
  41599.624094  10
  53418.045119  10
  66713.790578  10
  82.506665  10.5
  1721.805905  10.5
  4668.803518  10.5
  9099.670482  10.5
  15008.476644  10.5
  22394.806588  10.5
  31258.537754  10.5
  41599.624094  10.5
  53418.045119  10.5
  66713.790578  10.5
  339.766927  9
  1705.211481  9
  4658.889716  9
  9089.946374  9
  14998.836213  9
  22385.208078  9
  31248.963227  9
  41590.064567  9
  53408.495596  9
  89.993308  9.5
  1710.146212  9.5
  4658.876204  9.5
  9089.946387  9.5
  14998.836213  9.5
  22385.208078  9.5
  31248.963227  9.5
  41590.064567  9.5
  53408.495596  9.5
  319.121717  8
  1696.344137  8
  4650.003791  8
  9081.247907  8
  14990.211813  8
  22376.620781  8
  31240.397152  8
  41581.511763  8
  98.021967  8.5
  1699.804689  8.5
  4649.996419  8.5
  9081.247913  8.5
  14990.211813  8.5
  22376.620781  8.5
  31240.397152  8.5
  41581.511763  8.5
  299.365011  7
  1688.449580  7
  4642.167103  7
  9073.574377  7
  14982.603028  7
  22369.044417  7
  31232.839327  7
  106.617240  7.5
  1690.760290  7.5
  4642.163416  7.5
  9073.574379  7.5
  14982.603028  7.5
  22369.044417  7.5
  31232.839327  7.5
  280.483059  6
  1681.545555  6
  4635.378126  6
  9066.925190  6
  14976.009491  6
  22362.478736  6
  115.803586  6.5
  1682.991743  6.5
  4635.376487  6.5
  9066.925190  6.5
  14976.009491  6.5
  22362.478736  6.5
  262.461075  5
  1675.650270  5
  4629.635589  5
  9061.299827  5
  14970.430883  5
  125.605229  5.5
  1676.477628  5.5
  4629.634974  5.5
  9061.299827  5.5
  14970.430883  5.5
  245.283252  4
  1670.782381  4
  4624.938457  4
  9056.697854  4
  136.046072  4.5
  1671.196454  4.5
  4624.938281  4.5
  9056.697854  4.5
  228.932796  3
  1666.960976  3
  4621.285918  3
  147.149611  3.5
  1667.126729  3.5
  4621.285889  3.5
  213.391959  2
  1664.205564  2
  158.938858  2.5
  1664.247024  2.5
  198.642081  1
  171.436260  1.5
