  40.624354  10
  40.624682  10
  107.086380  10
  107.411165  10
  146.416346  10
  158.209277  10
  184.947319  10
  215.486417  10
  251.590694  10
  292.720217  10
  0.000000  10.5
  76.467336  10.5
  76.482932  10.5
  130.743006  10.5
  133.834324  10.5
  161.745906  10.5
  184.543090  10.5
  215.508151  10.5
  251.590114  10.5
  292.720223  10.5
  36.322790  9
  36.324158  9
  93.695332  9
  94.608435  9
  124.730787  9
  140.727345  9
  167.296317  9
  198.677166  9
  235.186956  9
  0.000000  9.5
  67.814357  9.5
  67.869625  9.5
  111.781387  9.5
  117.743827  9.5
  141.948905  9.5
  167.210761  9.5
  198.679908  9.5
  235.186922  9.5
  32.018011  8
  32.023540  8
  79.879646  8
  82.108134  8
  105.831763  8
  125.193247  8
  152.078153  8
  183.953189  8
  0.000000  8.5
  59.098515  8.5
  59.281989  8.5
  93.231795  8.5
  102.766982  8.5
  125.501850  8.5
  152.065767  8.5
  183.953369  8.5
  27.704629  7
  27.726045  7
  65.733237  7
  70.212922  7
  90.291040  7
  111.748739  7
  139.020101  7
  0.000000  7.5
  50.230069  7.5
  50.784559  7.5
  76.249124  7.5
  89.315170  7.5
  111.801385  7.5
  139.019166  7.5
  23.365828  6
  23.444020  6
  51.986278  6
  59.313142  6
  77.899393  6
  100.384386  6
  0.000000  6.5
  41.073315  6.5
  42.523881  6.5
  61.823270  6.5
  77.694451  6.5
  100.389068  6.5
  18.954939  5
  19.216246  5
  39.684376  5
  49.802624  5
  68.067171  5
  0.000001  5.5
  31.684642  5.5
  34.758707  5.5
  50.496196  5.5
  68.044924  5.5
  14.385895  4
  15.141348  4
  29.694876  4
  41.982191  4
  0.000017  4.5
  22.692959  4.5
  27.838896  4.5
  42.079729  4.5
  9.687410  3
  11.412536  3
  22.500635  3
  0.000341  3.5
  15.026274  3.5
  22.129434  3.5
  5.375217  2
  8.309622  2
  0.006074  2.5
  9.382410  2.5
  2.227755  1
  0.079578  1.5
