  236.338715  10
  919.084907  10
  2461.049076  10
  4772.235730  10
  7854.883277  10
  11708.523840  10
  16333.031698  10
  21728.359504  10
  27894.486173  10
  34831.401150  10
  30.403796  10.5
  928.385933  10.5
  2460.987540  10.5
  4772.235872  10.5
  7854.883277  10.5
  11708.523840  10.5
  16333.031698  10.5
  21728.359504  10.5
  27894.486173  10.5
  34831.401150  10.5
  218.313708  9
  909.555184  9
  2451.070536  9
  4762.487595  9
  7845.222912  9
  11698.907553  9
  16323.440650  9
  21718.784251  9
  27884.921458  9
  34.533176  9.5
  916.345810  9.5
  2451.034617  9.5
  4762.487660  9.5
  7845.222911  9.5
  11698.907553  9.5
  16323.440650  9.5
  21718.784251  9.5
  27884.921458  9.5
  201.226676  8
  900.925926  8
  2442.153021  8
  4753.769468  8
  7836.581828  8
  11690.305127  8
  16314.860353  8
  21710.217798  8
  39.120081  8.5
  905.695866  8.5
  2442.133418  8.5
  4753.769495  8.5
  7836.581828  8.5
  11690.305127  8.5
  16314.860353  8.5
  21710.217798  8.5
  185.064990  7
  893.219012  7
  2434.292668  7
  4746.080053  7
  7828.959226  7
  11682.716024  7
  16307.290418  7
  44.198386  7.5
  896.408711  7.5
  2434.282861  7.5
  4746.080063  7.5
  7828.959226  7.5
  11682.716024  7.5
  16307.290418  7.5
  169.813903  6
  886.457200  6
  2427.486223  6
  4739.418208  6
  7822.354399  6
  11676.139765  6
  49.802237  6.5
  888.456050  6.5
  2427.481863  6.5
  4739.418211  6.5
  7822.354399  6.5
  11676.139765  6.5
  155.456572  5
  880.664136  5
  2421.731004  5
  4733.782941  5
  7816.766734  5
  55.965800  5.5
  881.808899  5.5
  2421.729368  5.5
  4733.782941  5.5
  7816.766734  5.5
  141.974101  4
  875.864361  4
  2417.024853  4
  4729.173412  4
  62.723022  4.5
  876.437792  4.5
  2417.024385  4.5
  4729.173412  4.5
  129.345596  3
  872.083294  3
  2413.366098  3
  70.107388  3.5
  872.312994  3.5
  2413.366020  3.5
  117.548236  2
  869.347206  2
  78.151695  2.5
  869.404689  2.5
  106.557356  1
  86.887827  1.5
