  300.136218  10
  1316.638485  10
  3563.407556  10
  6932.985033  10
  11426.785937  10
  17044.362338  10
  23785.590606  10
  31650.424249  10
  40638.842572  10
  50750.835220  10
  55.091690  10.5
  1324.382213  10.5
  3563.372626  10.5
  6932.985088  10.5
  11426.785937  10.5
  17044.362338  10.5
  23785.590606  10.5
  31650.424249  10.5
  40638.842572  10.5
  50750.835220  10.5
  280.227051  9
  1306.930118  9
  3553.456643  9
  6923.252698  9
  11417.138666  9
  17034.757727  9
  23776.010409  9
  31640.859324  9
  40629.287834  9
  60.998529  9.5
  1312.576892  9.5
  3553.436258  9.5
  6923.252723  9.5
  11417.138666  9.5
  17034.757727  9.5
  23776.010409  9.5
  31640.859324  9.5
  40629.287834  9.5
  261.234599  8
  1298.155582  8
  3544.560076  8
  6914.547484  8
  11408.508541  8
  17026.165239  8
  23767.439453  8
  31632.301835  8
  67.415030  8.5
  1302.117723  8.5
  3544.548953  8.5
  6914.547494  8.5
  11408.508541  8.5
  17026.165239  8.5
  23767.439453  8.5
  31632.301835  8.5
  243.145856  7
  1290.334042  7
  3536.715386  7
  6906.868503  7
  11400.895014  7
  17018.584502  7
  23759.877471  7
  74.369476  7.5
  1292.981008  7.5
  3536.709822  7.5
  6906.868507  7.5
  11400.895014  7.5
  17018.584502  7.5
  23759.877471  7.5
  225.946395  6
  1283.485273  6
  3529.920480  6
  6900.214971  6
  11394.297602  6
  17012.015190  6
  81.890103  6.5
  1285.142633  6.5
  3529.918007  6.5
  6900.214972  6.5
  11394.297602  6.5
  17012.015190  6.5
  209.620388  5
  1277.629664  5
  3524.173623  5
  6894.586209  5
  11388.715885  5
  90.004961  5.5
  1278.578182  5.5
  3524.172696  5.5
  6894.586210  5.5
  11388.715885  5.5
  194.150639  4
  1272.788204  4
  3519.473410  4
  6889.981643  4
  98.741780  4.5
  1273.263058  4.5
  3519.473145  4.5
  6889.981643  4.5
  179.518624  3
  1268.982469  3
  3515.818742  3
  108.127838  3.5
  1269.172597  3.5
  3515.818698  3.5
  165.704535  2
  1266.234599  2
  118.189835  2.5
  1266.282164  2.5
  152.687340  1
  128.953773  1.5
