  40.858845  10
  40.859322  10
  107.480426  10
  107.905171  10
  146.248737  10
  159.401431  10
  187.035573  10
  218.914395  10
  256.437954  10
  299.138478  10
  0.000000  10.5
  76.859091  10.5
  76.880679  10.5
  130.761863  10.5
  134.496969  10.5
  162.445522  10.5
  186.714473  10.5
  218.930672  10.5
  256.437541  10.5
  299.138482  10.5
  36.529933  9
  36.531840  9
  93.924707  9
  95.062277  9
  124.856176  9
  142.163397  9
  169.759835  9
  202.403177  9
  240.311331  9
  0.000000  9.5
  68.142145  9.5
  68.215431  9.5
  111.648915  9.5
  118.486431  9.5
  143.187022  9.5
  169.692670  9.5
  202.405218  9.5
  240.311307  9.5
  32.197152  8
  32.204546  8
  79.927554  8
  82.564202  8
  106.371056  8
  126.883514  8
  154.825782  8
  187.928984  8
  0.000000  8.5
  59.350428  8.5
  59.583278  8.5
  93.142457  8.5
  103.651542  8.5
  127.137808  8.5
  154.816130  8.5
  187.929118  8.5
  27.854023  7
  27.881486  7
  65.671720  7
  70.721722  7
  91.224406  7
  113.670705  7
  141.992426  7
  0.000000  7.5
  50.385275  7.5
  51.057572  7.5
  76.359794  7.5
  90.377949  7.5
  113.713671  7.5
  141.991701  7.5
  23.481080  6
  23.577183  6
  51.949850  6
  59.917991  6
  79.114301  6
  102.499162  6
  0.000000  6.5
  41.118725  6.5
  42.795510  6.5
  62.214386  6.5
  78.938961  6.5
  102.502961  6.5
  19.027246  5
  19.334807  5
  39.772727  5
  50.526105  5
  69.466945  5
  0.000001  5.5
  31.661848  5.5
  35.061084  5.5
  51.149330  5.5
  69.448048  5.5
  14.407960  4
  15.258697  4
  29.949106  4
  42.821317  4
  0.000023  4.5
  22.685342  4.5
  28.197621  4.5
  42.908078  4.5
  9.678666  3
  11.544297  3
  22.900156  3
  0.000440  3.5
  15.084079  3.5
  22.554089  3.5
  5.376353  2
  8.465398  2
  0.007207  2.5
  9.511536  2.5
  2.248777  1
  0.087273  1.5
