  38.340598  10
  38.340598  10
  102.707392  10
  102.707732  10
  150.132804  10
  150.366157  10
  176.248038  10
  184.289061  10
  201.476219  10
  221.058508  10
  -0.000000  10.5
  72.586486  10.5
  72.586491  10.5
  128.637257  10.5
  128.649281  10.5
  166.096827  10.5
  168.277291  10.5
  186.276526  10.5
  201.302100  10.5
  221.063497  10.5
  34.301804  9
  34.301805  9
  90.571828  9
  90.574592  9
  129.282044  9
  130.301743  9
  148.599244  9
  160.622800  9
  178.160861  9
  0.000000  9.5
  64.505697  9.5
  64.505749  9.5
  112.377710  9.5
  112.453810  9.5
  140.133516  9.5
  145.432866  9.5
  160.986620  9.5
  178.148540  9.5
  30.262832  8
  30.262837  8
  78.418345  8
  78.438635  8
  107.778002  8
  110.890922  8
  125.227274  8
  139.871807  8
  0.000000  8.5
  56.422999  8.5
  56.423475  8.5
  95.932216  8.5
  96.333763  8.5
  115.472603  8.5
  124.510963  8.5
  139.901555  8.5
  26.223557  7
  26.223608  7
  66.197721  7
  66.326344  7
  86.635930  7
  92.915383  7
  106.292551  7
  0.000000  7.5
  48.335655  7.5
  48.339736  7.5
  79.000547  7.5
  80.566969  7.5
  94.215390  7.5
  106.222852  7.5
  22.183578  6
  22.184088  6
  53.731194  6
  54.372679  6
  67.894326  6
  77.190359  6
  0.000000  6.5
  40.230270  6.5
  40.261443  6.5
  61.835704  6.5
  65.766954  6.5
  77.347042  6.5
  18.140699  5
  18.145447  5
  40.865590  5
  42.983777  5
  53.084719  5
  0.000000  5.5
  32.039770  5.5
  32.238066  5.5
  46.093592  5.5
  52.753129  5.5
  14.080359  4
  14.119191  4
  28.577708  4
  32.876050  4
  0.000000  4.5
  23.579528  4.5
  24.480299  4.5
  33.516940  4.5
  9.927047  3
  10.177001  3
  18.597587  3
  0.000001  3.5
  15.135254  3.5
  17.508975  3.5
  5.620388  2
  6.591014  2
  0.000103  2.5
  8.173029  2.5
  2.028794  1
  0.009659  1.5
