  254532.972717  10
  2245559.532245  10
  6237561.458434  10
  12225569.416741  10
  20209581.000060  10
  30189595.791716  10
  42165613.672658  10
  56137634.598243  10
  72105658.548629  10
  90069685.513895  10
  244542.776898  10.5
  2245559.718055  10.5
  6237561.458433  10.5
  12225569.416741  10.5
  20209581.000060  10.5
  30189595.791716  10.5
  42165613.672658  10.5
  56137634.598243  10.5
  72105658.548629  10.5
  90069685.513895  10.5
  254026.321952  9
  2245548.870041  9
  6237551.562574  9
  12225559.718805  9
  20209571.381294  9
  30189586.212535  9
  42165604.116097  9
  56137625.055820  9
  72105649.015631  9
  245035.177808  9.5
  2245549.005175  9.5
  6237551.562573  9.5
  12225559.718805  9.5
  20209571.381294  9.5
  30189586.212535  9.5
  42165604.116097  9.5
  56137625.055820  9.5
  72105649.015631  9.5
  253520.426232  8
  2245539.327778  8
  6237542.708386  8
  12225551.041706  8
  20209562.775031  8
  30189577.641689  8
  42165595.565490  8
  56137616.517862  8
  245528.323630  8.5
  2245539.422372  8.5
  6237542.708386  8.5
  12225551.041706  8.5
  20209562.775031  8.5
  30189577.641689  8.5
  42165595.565490  8.5
  56137616.517862  8.5
  253015.284999  7
  2245530.906019  7
  6237534.895869  7
  12225543.385443  7
  20209555.181270  7
  30189570.079179  7
  42165588.020838  7
  246022.214929  7.5
  2245530.969082  7.5
  6237534.895869  7.5
  12225543.385443  7.5
  20209555.181270  7.5
  30189570.079179  7.5
  42165588.020838  7.5
  252510.897695  6
  2245523.605326  6
  6237528.125023  6
  12225536.750017  6
  20209548.600010  6
  30189563.525004  6
  246516.852274  6.5
  2245523.644740  6.5
  6237528.125023  6.5
  12225536.750017  6.5
  20209548.600010  6.5
  30189563.525004  6.5
  252007.263759  5
  2245517.426259  5
  6237522.395847  5
  12225531.135425  5
  20209543.031253  5
  247012.236232  5.5
  2245517.448781  5.5
  6237522.395847  5.5
  12225531.135425  5.5
  20209543.031253  5.5
  251504.382633  4
  2245512.369380  4
  6237517.708340  4
  12225526.541669  4
  247508.367368  4.5
  2245512.380642  4.5
  6237517.708340  4.5
  12225526.541669  4.5
  251002.253756  3
  2245508.435253  3
  6237514.062502  3
  248005.246248  3.5
  2245508.439757  3.5
  6237514.062502  3.5
  250500.876565  2
  2245505.624438  2
  248502.873437  2.5
  2245505.625564  2.5
  250000.250501  1
  249001.249500  1.5
