  42.940409  10
  42.945492  10
  110.386937  10
  112.530129  10
  147.742140  10
  171.856157  10
  207.759720  10
  250.210498  10
  299.344731  10
  354.956187  10
  0.000000  10.5
  80.252279  10.5
  80.417292  10.5
  130.776497  10.5
  141.449146  10.5
  172.757411  10.5
  207.701083  10.5
  250.212521  10.5
  299.344695  10.5
  354.956187  10.5
  38.363773  9
  38.379393  9
  95.369556  9
  99.514666  9
  129.120377  9
  156.352377  9
  192.631703  9
  235.515277  9
  284.911793  9
  0.000000  9.5
  70.905349  9.5
  71.330023  9.5
  111.485016  9.5
  126.246634  9.5
  156.619733  9.5
  192.620088  9.5
  235.515524  9.5
  284.911791  9.5
  33.773166  8
  33.819586  8
  80.215803  8
  87.178872  8
  113.579390  8
  142.733745  8
  179.391554  8
  222.567919  8
  0.000000  8.5
  61.356360  8.5
  62.369628  8.5
  94.003137  8.5
  112.533498  8.5
  142.795302  8.5
  179.389943  8.5
  222.567935  8.5
  29.148847  7
  29.280765  7
  65.631010  7
  75.825200  7
  100.794459  7
  130.968860  7
  167.924994  7
  0.000000  7.5
  51.506638  7.5
  53.674198  7.5
  79.022288  7.5
  100.503635  7.5
  130.978799  7.5
  167.924876  7.5
  24.447227  6
  24.799081  6
  52.428203  6
  65.742705  6
  90.299373  6
  120.983005  6
  0.000001  6.5
  41.450227  6.5
  45.453076  6.5
  66.886356  6.5
  90.242900  6.5
  120.983860  6.5
  19.598333  5
  20.451057  5
  41.281172  5
  57.156617  5
  81.747608  5
  0.000017  5.5
  31.681837  5.5
  37.969587  5.5
  57.438974  5.5
  81.741730  5.5
  14.586721  4
  16.371900  4
  32.626566  4
  50.192907  4
  0.000199  4.5
  22.925462  4.5
  31.500017  4.5
  50.230302  4.5
  9.676623  3
  12.755704  3
  26.495565  3
  0.002217  3.5
  15.796389  3.5
  26.287700  3.5
  5.453536  2
  9.829021  2
  0.021516  2.5
  10.699983  2.5
  2.440467  1
  0.159938  1.5
