  9116.054551  10
  73621.099861  10
  204400.304409  10
  400573.551177  10
  662138.853074  10
  989095.793163  10
  1381444.252318  10
  1839184.185866  10
  2362315.573950  10
  2950838.406642  10
  7306.791129  10.5
  73622.126239  10.5
  204400.304331  10.5
  400573.551177  10.5
  662138.853074  10.5
  989095.793163  10.5
  1381444.252318  10.5
  1839184.185866  10.5
  2362315.573950  10.5
  2950838.406642  10.5
  9018.379986  9
  73610.551014  9
  204390.407744  9
  400563.852671  9
  662129.233835  9
  989086.213560  9
  1381434.695365  9
  1839174.643069  9
  2362306.040591  9
  7390.220131  9.5
  73611.297505  9.5
  204390.407698  9.5
  400563.852671  9.5
  662129.233835  9.5
  989086.213560  9.5
  1381434.695365  9.5
  1839174.643069  9.5
  2362306.040591  9.5
  8921.482724  8
  73601.099487  8
  204381.552921  8
  400555.175105  8
  662120.627175  8
  989077.642355  8
  1381426.144420  8
  1839166.104787  8
  7474.370486  8.5
  73601.622051  8.5
  204381.552896  8.5
  400555.175105  8.5
  662120.627175  8.5
  989077.642355  8.5
  1381426.144420  8.5
  1839166.104787  8.5
  8825.359807  7
  73592.748329  7
  204373.739911  7
  400547.518465  7
  662113.033086  7
  989070.079542  7
  1381418.599480  7
  7559.245445  7.5
  73593.096718  7.5
  204373.739899  7.5
  400547.518465  7.5
  662113.033086  7.5
  989070.079542  7.5
  1381418.599480  7.5
  8730.008259  6
  73585.500600  6
  204366.968689  6
  400540.882738  6
  662106.451559  6
  989063.525115  6
  7644.848241  6.5
  73585.718350  6.5
  204366.968683  6.5
  400540.882738  6.5
  662106.451559  6.5
  989063.525115  6.5
  8635.425084  5
  73579.359366  5
  204361.239231  5
  400535.267911  5
  662100.882586  5
  7731.182094  5.5
  73579.483798  5.5
  204361.239228  5.5
  400535.267911  5.5
  662100.882586  5.5
  8541.607270  4
  73574.327700  4
  204356.551517  4
  400530.673976  4
  7818.250205  4.5
  73574.389917  4.5
  204356.551517  4.5
  400530.673976  4.5
  8448.551784  3
  73570.408683  3
  204352.905534  3
  7906.055761  3.5
  73570.433570  3.5
  204352.905534  3.5
  8356.255578  2
  73567.605401  2
  7994.601931  2.5
  73567.611623  2.5
  8264.715583  1
  8083.891871  1.5
