  41.980586  10
  41.982593  10
  109.178900  10
  110.337164  10
  146.429435  10
  165.742940  10
  197.812128  10
  235.586252  10
  279.522192  10
  329.341790  10
  0.000000  10.5
  78.708647  10.5
  78.783337  10.5
  130.726359  10.5
  138.013188  10.5
  167.281039  10.5
  197.691665  10.5
  235.591105  10.5
  279.522093  10.5
  329.341791  10.5
  37.519428  9
  37.526274  9
  94.811505  9
  97.365190  9
  126.548501  9
  149.527665  9
  181.884057  9
  220.195023  9
  264.438664  9
  0.000000  9.5
  69.666700  9.5
  69.881299  9.5
  111.313370  9.5
  122.429060  9.5
  150.002553  9.5
  181.859767  9.5
  220.195619  9.5
  264.438659  9.5
  33.049983  8
  33.072568  8
  80.079961  8
  84.930392  8
  109.820732  8
  135.252650  8
  168.000481  8
  206.661218  8
  0.000000  8.5
  60.483453  8.5
  61.057695  8.5
  93.267897  8.5
  108.232121  8.5
  135.364685  8.5
  167.997072  8.5
  206.661256  8.5
  28.559295  7
  28.630621  7
  65.532346  7
  73.351571  7
  96.152926  7
  122.926768  7
  156.010000  7
  0.000000  7.5
  51.039707  7.5
  52.424586  7.5
  77.471675  7.5
  95.694354  7.5
  122.945131  7.5
  156.009748  7.5
  24.014560  6
  24.226358  6
  52.048925  6
  62.963550  6
  85.059639  6
  112.484423  6
  0.000000  6.5
  41.302435  6.5
  44.175630  6.5
  64.511831  6.5
  84.968687  6.5
  112.486018  6.5
  19.349377  5
  19.922377  5
  40.447580  5
  54.051563  5
  76.093386  5
  0.000006  5.5
  31.624685  5.5
  36.581854  5.5
  54.446551  5.5
  76.083808  5.5
  14.506160  4
  15.843473  4
  31.312371  4
  46.796522  4
  0.000086  4.5
  22.756301  4.5
  29.950517  4.5
  46.849720  4.5
  9.662757  3
  12.187644  3
  24.824302  3
  0.001172  3.5
  15.430400  3.5
  24.566704  3.5
  5.405782  2
  9.201548  2
  0.013965  2.5
  10.142414  2.5
  2.350923  1
  0.125448  1.5
