  56.732117  10
  57.965622  10
  124.982442  10
  161.232743  10
  225.758862  10
  306.150536  10
  403.398803  10
  517.172051  10
  647.374258  10
  793.956325  10
  0.000011  10.5
  96.941804  10.5
  108.746751  10.5
  163.994936  10.5
  225.579106  10.5
  306.156445  10.5
  403.398693  10.5
  517.172052  10.5
  647.374258  10.5
  793.956325  10.5
  49.992016  9
  51.998686  9
  109.260165  9
  149.348717  9
  213.811798  9
  294.594062  9
  392.024506  9
  505.912391  9
  636.190972  9
  0.000045  9.5
  83.244374  9.5
  98.456890  9.5
  150.699273  9.5
  213.746190  9.5
  294.595655  9.5
  392.024486  9.5
  505.912391  9.5
  636.190972  9.5
  43.094894  8
  46.224442  8
  95.524006  8
  138.741150  8
  203.307004  8
  284.352977  8
  381.918400  8
  495.890965  8
  0.000178  8.5
  70.225739  8.5
  88.928657  8.5
  139.327389  8.5
  203.286490  8.5
  284.353321  8.5
  381.918397  8.5
  495.890965  8.5
  36.089289  7
  40.721289  7
  83.889613  7
  129.441292  7
  194.169681  7
  275.394148  7
  373.056578  7
  0.000696  7.5
  58.220632  7.5
  80.282286  7.5
  129.660640  7.5
  194.164493  7.5
  275.394201  7.5
  373.056578  7.5
  29.127729  6
  35.581166  6
  74.337891  6
  121.454917  6
  186.344018  6
  267.688309  6
  0.002660  6.5
  47.510439  6.5
  72.625499  6.5
  121.522026  6.5
  186.343067  6.5
  267.688313  6.5
  22.466763  5
  30.904973  5
  66.719846  5
  114.768031  5
  179.787201  5
  0.009834  5.5
  38.316701  5.5
  66.048342  5.5
  114.783144  5.5
  179.787106  5.5
  16.407948  4
  26.797642  4
  60.816755  4
  109.354461  4
  0.034682  4.5
  30.805079  4.5
  60.619328  4.5
  109.356366  4.5
  11.218100  3
  23.365725  3
  56.416736  3
  0.114161  3.5
  25.082141  3.5
  56.383246  3.5
  7.073760  2
  20.720879  2
  0.340686  2.5
  21.173278  2.5
  4.035599  1
  0.895261  1.5
