  146.640902  10
  408.629294  10
  1049.069786  10
  2004.127581  10
  3278.796334  10
  4872.489783  10
  6785.072954  10
  9016.494596  10
  11566.731834  10
  14435.773198  10
  5.896170  10.5
  422.757314  10.5
  1048.837466  10.5
  2004.128885  10.5
  3278.796330  10.5
  4872.489783  10.5
  6785.072954  10.5
  9016.494596  10.5
  11566.731834  10.5
  14435.773198  10.5
  131.739217  9
  399.620483  9
  1038.954381  9
  1994.307809  9
  3269.076531  9
  4862.820530  9
  6775.432707  9
  9006.872525  9
  11557.121899  9
  7.340528  9.5
  409.991360  9.5
  1038.818635  9.5
  1994.308411  9.5
  3269.076530  9.5
  4862.820530  9.5
  6775.432707  9.5
  9006.872525  9.5
  11557.121899  9.5
  117.810413  8
  391.417975  8
  1029.934510  8
  1985.531111  8
  3260.385724  8
  4854.173045  8
  6766.810066  8
  8998.265444  8
  9.085565  8.5
  398.738539  8.5
  1029.860358  8.5
  1985.531363  8.5
  3260.385724  8.5
  4854.173045  8.5
  6766.810066  8.5
  8998.265444  8.5
  104.850620  7
  384.050183  7
  1021.998724  7
  1977.794370  7
  3252.721958  7
  4846.546010  7
  6759.204082  7
  11.177601  7.5
  388.966822  7.5
  1021.961602  7.5
  1977.794461  7.5
  3252.721958  7.5
  4846.546010  7.5
  6759.204082  7.5
  92.850751  6
  377.547270  6
  1015.137518  6
  1971.094819  6
  3246.083508  6
  4839.938261  6
  13.665886  6.5
  380.639986  6.5
  1015.121002  6.5
  1971.094847  6.5
  3246.083508  6.5
  4839.938261  6.5
  81.796483  5
  371.941311  5
  1009.343171  5
  1965.430053  5
  3240.468880  5
  16.601898  5.5
  373.718224  5.5
  1009.336972  5.5
  1965.430059  5.5
  3240.468880  5.5
  71.668277  4
  367.266434  4
  1004.609587  4
  1960.798031  4
  20.038535  4.5
  368.158855  4.5
  1004.607815  4.5
  1960.798032  4.5
  62.441443  3
  363.558905  3
  1000.932137  3
  24.029214  3.5
  363.917112  3.5
  1000.931841  3.5
  54.086275  2
  360.857163  2
  28.626956  2.5
  360.946936  2.5
  46.568253  1
  33.883480  1.5
