  38.044555  10
  38.044555  10
  102.092959  10
  102.092959  10
  150.037483  10
  150.039122  10
  181.170566  10
  181.947443  10
  195.340997  10
  204.531029  10
  -0.000000  10.5
  72.076813  10.5
  72.076813  10.5
  128.085541  10.5
  128.085570  10.5
  167.882435  10.5
  167.934073  10.5
  189.179327  10.5
  193.311551  10.5
  204.684530  10.5
  34.039485  9
  34.039485  9
  90.075497  9
  90.075503  9
  129.971395  9
  129.992675  9
  151.947931  9
  154.907970  9
  165.386848  9
  -0.000000  9.5
  64.066268  9.5
  64.066268  9.5
  112.056338  9.5
  112.056848  9.5
  143.548440  9.5
  143.971237  9.5
  157.503614  9.5
  165.145260  9.5
  30.034392  8
  30.034392  8
  78.056731  8
  78.056863  8
  109.788037  8
  109.996426  8
  123.796046  8
  129.949246  8
  0.000000  8.5
  56.055508  8.5
  56.055509  8.5
  96.017545  8.5
  96.025244  8.5
  118.613777  8.5
  120.605097  8.5
  130.319441  8.5
  26.029263  7
  26.029263  7
  66.034409  7
  66.036747  7
  89.150029  7
  90.385162  7
  99.482805  7
  0.000000  7.5
  48.044357  7.5
  48.044383  7.5
  79.924693  7.5
  80.015540  7.5
  94.166612  7.5
  98.934583  7.5
  22.024070  6
  22.024073  6
  53.991112  6
  54.024751  6
  68.568363  6
  72.091029  6
  0.000000  6.5
  40.032197  6.5
  40.032746  6.5
  63.543127  6.5
  64.231317  6.5
  72.869002  6.5
  18.018713  5
  18.018795  5
  41.797159  5
  42.128233  5
  50.456370  5
  0.000000  5.5
  32.013758  5.5
  32.023549  5.5
  46.962581  5.5
  49.406874  5.5
  14.012191  4
  14.014050  4
  29.319395  4
  30.869630  4
  0.000000  4.5
  23.934483  4.5
  24.062530  4.5
  32.208246  4.5
  9.989611  3
  10.023049  3
  18.078702  3
  0.000000  3.5
  15.616914  3.5
  16.466943  3.5
  5.840218  2
  6.187315  2
  0.000002  2.5
  8.022528  2.5
  2.003754  1
  0.001252  1.5
