  16783.264666  10
  139559.254714  10
  387561.459963  10
  759569.417869  10
  1255581.000967  10
  1875595.792456  10
  2619613.673245  10
  3487634.598676  10
  4479658.548899  10
  5595685.513990  10
  14292.479132  10.5
  139560.000117  10.5
  387561.459933  10.5
  759569.417869  10.5
  1255581.000967  10.5
  1875595.792456  10.5
  2619613.673245  10.5
  3487634.598676  10.5
  4479658.548899  10.5
  5595685.513990  10.5
  16651.537195  9
  139548.668173  9
  387551.563693  9
  759559.719641  9
  1255571.381959  9
  1875586.213059  9
  2619604.116483  9
  3487625.056061  9
  4479649.015716  9
  14409.958943  9.5
  139549.210297  9.5
  387551.563675  9.5
  759559.719641  9.5
  1255571.381959  9.5
  1875586.213059  9.5
  2619604.116483  9.5
  3487625.056061  9.5
  4479649.015716  9.5
  16520.579692  8
  139539.186464  8
  387542.709182  8
  759551.042303  8
  1255562.775493  8
  1875577.642030  8
  2619595.565704  8
  3487616.517938  8
  14528.168078  8.5
  139539.565960  8.5
  387542.709172  8.5
  759551.042303  8.5
  1255562.775493  8.5
  1875577.642030  8.5
  2619595.565704  8.5
  3487616.517938  8.5
  16390.389978  7
  139530.811818  7
  387534.896414  7
  759543.385848  7
  1255555.181564  7
  1875570.079365  7
  2619588.020904  7
  14647.108869  7.5
  139531.064820  7.5
  387534.896409  7.5
  759543.385848  7.5
  1255555.181564  7.5
  1875570.079365  7.5
  2619588.020904  7.5
  16260.965864  6
  139523.546465  6
  387528.125376  6
  759536.750267  6
  1255548.600168  6
  1875563.525061  6
  14766.783641  6.5
  139523.704594  6.5
  387528.125374  6.5
  759536.750267  6.5
  1255548.600168  6.5
  1875563.525061  6.5
  16132.305151  5
  139517.392642  5
  387522.396056  5
  759531.135555  5
  1255543.031301  5
  14887.194711  5.5
  139517.483002  5.5
  387522.396055  5.5
  759531.135555  5.5
  1255543.031301  5.5
  16004.405632  4
  139512.352588  4
  387517.708443  4
  759526.541708  4
  15008.344387  4.5
  139512.397768  4.5
  387517.708443  4.5
  759526.541708  4.5
  15877.265089  3
  139508.428546  3
  387514.062531  3
  15130.234968  3.5
  139508.446618  3.5
  387514.062531  3.5
  15750.881294  2
  139505.622762  2
  15252.868744  2.5
  139505.627281  2.5
  15625.252012  1
  15376.247996  1.5
