  47.867257  10
  47.960107  10
  114.598180  10
  125.900137  10
  165.791635  10
  210.248536  10
  265.942843  10
  331.465226  10
  406.675421  10
  491.478821  10
  0.000000  10.5
  87.362213  10.5
  89.164257  10.5
  135.508628  10.5
  164.291177  10.5
  210.349239  10.5
  265.939242  10.5
  331.465298  10.5
  406.675420  10.5
  491.478821  10.5
  42.643506  9
  42.848884  9
  98.012386  9
  113.140224  9
  151.331247  9
  196.984918  9
  253.008495  9
  318.754620  9
  394.111427  9
  0.000000  9.5
  76.175205  9.5
  79.386414  9.5
  118.511929  9.5
  150.751062  9.5
  197.012755  9.5
  253.007806  9.5
  318.754628  9.5
  394.111427  9.5
  37.349508  8
  37.787352  8
  82.603717  8
  101.486391  8
  138.963357  8
  185.309859  8
  241.583741  8
  307.490793  8
  0.000001  8.5
  64.764785  8.5
  70.016186  8.5
  104.073364  8.5
  138.774866  8.5
  185.315980  8.5
  241.583647  8.5
  307.490793  8.5
  31.935778  7
  32.823314  7
  68.878690  7
  91.105201  7
  128.417047  7
  175.164442  7
  231.617223  7
  0.000010  7.5
  53.430185  7.5
  61.230866  7.5
  92.144157  7.5
  128.368153  7.5
  175.165401  7.5
  231.617216  7.5
  26.357901  6
  28.034059  6
  57.228816  6
  82.113610  6
  119.507551  6
  166.491209  6
  0.000069  6.5
  42.659426  6.5
  53.221859  6.5
  82.445742  6.5
  119.498439  6.5
  166.491290  6.5
  20.655638  5
  23.530427  5
  47.874162  5
  74.570914  5
  112.114434  5
  0.000459  5.5
  32.962168  5.5
  46.174840  5.5
  74.647666  5.5
  112.113508  5.5
  15.063401  4
  19.452173  4
  40.776893  4
  68.483015  4
  0.002891  4.5
  24.750803  4.5
  40.251405  4.5
  68.492837  4.5
  9.997773  3
  15.955192  3
  35.666411  3
  0.016891  3.5
  18.319491  3.5
  35.574833  3.5
  5.873937  2
  13.199820  2
  0.086938  2.5
  13.848046  2.5
  2.935130  1
  0.365744  1.5
