  48.052532  10
  48.152755  10
  114.742624  10
  126.479561  10
  166.730704  10
  211.889497  10
  268.349261  10
  334.758264  10
  410.976170  10
  496.910143  10
  0.000000  10.5
  87.599123  10.5
  89.512450  10.5
  135.847251  10.5
  165.303504  10.5
  211.983420  10.5
  268.345960  10.5
  334.758329  10.5
  410.976169  10.5
  496.910143  10.5
  42.802133  9
  43.021883  9
  98.145479  9
  113.736603  9
  152.364050  9
  198.681674  9
  255.466454  9
  322.095195  9
  398.457217  9
  0.000000  9.5
  76.341185  9.5
  79.716135  9.5
  118.949174  9.5
  151.813697  9.5
  198.707608  9.5
  255.465822  9.5
  322.095202  9.5
  398.457217  9.5
  37.478730  8
  37.943047  8
  82.758817  8
  102.108579  8
  140.063241  8
  187.053714  8
  244.084980  8
  310.871914  8
  0.000002  8.5
  64.872247  8.5
  70.337296  8.5
  104.608371  8.5
  139.884755  8.5
  187.059412  8.5
  244.084895  8.5
  310.871914  8.5
  32.032546  7
  32.965186  7
  69.077752  7
  91.757580  7
  129.565567  7
  176.947218  7
  234.154540  7
  0.000012  7.5
  53.503645  7.5
  61.552753  7.5
  92.758402  7.5
  129.519319  7.5
  176.948111  7.5
  234.154534  7.5
  26.421478  6
  28.166591  6
  57.482424  6
  82.796238  6
  120.692338  6
  168.305589  6
  0.000077  6.5
  42.724483  6.5
  53.552055  6.5
  83.115554  6.5
  120.683726  6.5
  168.305665  6.5
  20.691806  5
  23.658493  5
  48.180223  5
  75.280474  5
  113.326704  5
  0.000501  5.5
  33.036492  5.5
  46.518112  5.5
  75.354183  5.5
  113.325829  5.5
  15.084608  4
  19.580077  4
  41.122425  4
  69.214277  4
  0.003106  4.5
  24.843036  4.5
  40.609475  4.5
  69.223704  4.5
  10.015811  3
  16.085839  3
  36.035938  3
  0.017838  3.5
  18.431559  3.5
  35.946643  3.5
  5.893714  2
  13.334463  2
  0.090314  2.5
  13.976831  2.5
  2.955024  1
  0.374508  1.5
