  113.997385  10
  246.689795  10
  604.535528  10
  1131.856766  10
  1836.554017  10
  2717.818724  10
  3775.504095  10
  5009.553356  10
  6419.941111  10
  8006.654609  10
  1.457196  10.5
  265.096805  10.5
  603.967898  10.5
  1131.862591  10.5
  1836.553989  10.5
  2717.818724  10.5
  3775.504095  10.5
  5009.553356  10.5
  6419.941111  10.5
  8006.654609  10.5
  100.508241  9
  238.111985  9
  594.206679  9
  1121.937697  9
  1826.751458  9
  2708.075831  9
  3765.795498  9
  4999.866273  9
  6410.268407  9
  2.004616  9.5
  251.719661  9.5
  593.874435  9.5
  1121.940388  9.5
  1826.751448  9.5
  2708.075831  9.5
  3765.795498  9.5
  4999.866273  9.5
  6410.268407  9.5
  87.976325  8
  230.265134  8
  585.029689  8
  1113.079691  8
  1817.991475  8
  2699.365729  8
  3757.114052  8
  4991.202795  8
  2.732843  8.5
  239.933236  8.5
  584.847941  8.5
  1113.080813  8.5
  1817.991472  8.5
  2699.365729  8.5
  3757.114052  8.5
  4991.202795  8.5
  76.416840  7
  223.182255  7
  576.980139  7
  1105.277200  7
  1810.270482  7
  2691.686009  7
  3749.458025  7
  3.689432  7.5
  229.713844  7.5
  576.889043  7.5
  1105.277608  7.5
  1810.270481  7.5
  2691.686009  7.5
  3749.458025  7.5
  65.835747  6
  216.898590  6
  570.037881  6
  1098.525258  6
  1803.585320  6
  2685.034545  6
  4.929280  6.5
  221.028497  6.5
  569.997311  6.5
  1098.525380  6.5
  1803.585320  6.5
  2685.034545  6.5
  56.229600  5
  211.452081  5
  564.186705  5
  1092.819514  5
  1797.933258  5
  6.513949  5.5
  213.835439  5.5
  564.171466  5.5
  1092.819541  5.5
  1797.933258  5.5
  47.585433  4
  206.883834  4
  559.413971  4
  1088.156262  4
  8.510421  4.5
  208.085198  4.5
  559.409611  4.5
  1088.156265  4.5
  39.880725  3
  203.238513  3
  555.710221  3
  10.989368  3.5
  203.722095  3.5
  555.709494  3.5
  33.083499  2
  200.564633  2
  14.023057  2.5
  200.686073  2.5
  27.152614  1
  17.683112  1.5
