  53.688712  10
  54.296710  10
  120.395906  10
  147.173991  10
  201.709468  10
  268.808829  10
  350.366153  10
  445.893275  10
  555.277591  10
  678.459964  10
  0.000002  10.5
  93.919660  10.5
  101.215132  10.5
  151.424968  10.5
  201.355463  10.5
  268.823200  10.5
  350.365828  10.5
  445.893279  10.5
  555.277591  10.5
  678.459964  10.5
  47.525637  9
  48.604270  9
  104.168781  9
  134.993027  9
  189.197960  9
  256.826058  9
  338.603654  9
  434.270421  9
  543.747529  9
  0.000010  9.5
  80.851201  9.5
  91.033548  9.5
  137.131681  9.5
  189.067443  9.5
  256.829951  9.5
  338.603593  9.5
  434.270421  9.5
  543.747529  9.5
  41.214356  8
  43.050704  8
  89.780815  8
  124.070673  8
  178.258256  8
  246.227329  8
  328.167889  8
  423.937064  8
  0.000047  8.5
  68.153227  8.5
  81.517508  8.5
  125.017616  8.5
  178.217161  8.5
  246.228173  8.5
  328.167881  8.5
  423.937064  8.5
  34.746941  7
  37.709296  7
  77.461446  7
  114.469183  7
  168.780782  7
  236.971900  7
  319.028853  7
  0.000215  7.5
  56.224402  7.5
  72.809592  7.5
  114.828113  7.5
  168.770338  7.5
  236.972031  7.5
  319.028852  7.5
  28.204563  6
  32.672957  6
  67.305168  6
  106.216114  6
  160.687636  6
  229.023397  6
  0.000963  6.5
  45.428632  6.5
  65.042984  6.5
  106.326826  6.5
  160.685715  6.5
  229.023408  6.5
  21.803474  5
  28.049991  5
  59.235596  5
  99.309059  5
  153.921825  5
  0.004177  5.5
  36.059068  5.5
  58.333197  5.5
  99.334115  5.5
  153.921631  5.5
  15.865713  4
  23.957307  4
  53.039656  4
  93.724606  4
  0.017284  4.5
  28.336435  4.5
  52.771583  4.5
  93.727775  4.5
  10.718988  3
  20.514699  3
  48.466715  3
  0.066539  3.5
  22.412222  3.5
  48.420986  3.5
  6.602391  2
  17.845467  2
  0.229895  2.5
  18.350861  2.5
  3.618206  1
  0.684655  1.5
