  113.506870  10
  244.411396  10
  598.320558  10
  1119.648718  10
  1816.365017  10
  2687.654429  10
  3733.369880  10
  4953.454451  10
  6347.882682  10
  7916.641787  10
  1.414023  10.5
  262.908764  10.5
  597.743091  10.5
  1119.654713  10.5
  1816.364987  10.5
  2687.654429  10.5
  3733.369880  10.5
  4953.454451  10.5
  6347.882682  10.5
  7916.641787  10.5
  100.041608  9
  235.842490  9
  587.985925  9
  1109.727100  9
  1806.560325  9
  2677.909640  9
  3723.659525  9
  4943.765697  9
  6338.208364  9
  1.949746  9.5
  249.519328  9.5
  587.647908  9.5
  1109.729870  9.5
  1806.560315  9.5
  2677.909640  9.5
  3723.659525  9.5
  4943.765697  9.5
  6338.208364  9.5
  87.532674  8
  228.002996  8
  578.804704  8
  1100.867003  8
  1797.798561  8
  2669.197928  8
  3714.976566  8
  4935.100769  8
  2.664040  8.5
  237.721808  8.5
  578.619790  8.5
  1100.868159  8.5
  1797.798558  8.5
  2669.197928  8.5
  3714.976566  8.5
  4935.100769  8.5
  75.995811  7
  220.926022  7
  570.752113  7
  1093.062821  7
  1790.076095  7
  2661.516852  7
  3707.319252  7
  3.604373  7.5
  227.492840  7.5
  570.659426  7.5
  1093.063242  7.5
  1790.076094  7.5
  2661.516852  7.5
  3707.319252  7.5
  65.437422  6
  214.646912  6
  563.807706  6
  1086.309531  6
  1783.389732  6
  2654.864264  6
  4.825657  6.5
  218.799641  6.5
  563.766427  6.5
  1086.309657  6.5
  1783.389731  6.5
  2654.864264  6.5
  55.854395  5
  209.203724  5
  557.955036  5
  1080.602733  5
  1777.736706  5
  6.389583  5.5
  211.600523  5.5
  557.939530  5.5
  1080.602762  5.5
  1777.736706  5.5
  47.233991  4
  204.637697  4
  553.181281  4
  1075.938678  4
  8.363379  4.5
  205.845949  4.5
  553.176844  4.5
  1075.938682  4.5
  39.553804  3
  200.993664  3
  549.476850  3
  10.818060  3.5
  201.480054  3.5
  549.476110  3.5
  32.781859  2
  198.320345  2
  13.826311  2.5
  198.442497  2.5
  26.876900  1
  17.460202  1.5
