  59.663172  10
  61.862141  10
  130.788264  10
  177.202893  10
  252.959031  10
  347.807269  10
  462.247420  10
  596.032928  10
  749.080989  10
  921.349701  10
  0.000044  10.5
  99.904022  10.5
  117.130662  10.5
  179.027207  10.5
  252.862817  10.5
  347.809889  10.5
  462.247380  10.5
  596.032928  10.5
  749.080989  10.5
  921.349701  10.5
  52.321014  9
  55.647801  9
  115.641286  9
  165.585629  9
  241.419439  9
  336.574473  9
  451.168331  9
  585.050316  9
  738.162755  9
  0.000155  9.5
  85.797000  9.5
  106.777384  9.5
  166.462043  9.5
  241.384538  9.5
  336.575177  9.5
  451.168324  9.5
  585.050316  9.5
  738.162755  9.5
  44.851286  8
  49.679022  8
  102.539332  8
  155.242975  8
  231.235920  8
  326.605290  8
  441.313529  8
  575.267260  8
  0.000542  8.5
  72.606302  8.5
  97.259100  8.5
  155.618850  8.5
  231.225056  8.5
  326.605442  8.5
  441.313528  8.5
  575.267260  8.5
  37.361644  7
  44.035038  7
  91.502013  7
  146.186378  7
  222.353922  7
  317.872440  7
  432.663487  7
  0.001857  7.5
  60.600251  7.5
  88.676061  7.5
  146.325901  7.5
  222.351183  7.5
  317.872463  7.5
  432.663487  7.5
  30.051946  6
  38.803787  6
  82.434400  6
  138.409289  6
  214.731030  6
  310.351925  6
  0.006216  6.5
  49.997747  6.5
  81.115300  6.5
  138.451756  6.5
  214.730528  6.5
  310.351927  6.5
  23.184441  5
  34.078074  5
  75.158800  5
  131.892493  5
  208.333576  5
  0.020129  5.5
  40.970266  5.5
  74.647354  5.5
  131.902025  5.5
  208.333526  5.5
  17.024400  4
  29.952583  4
  69.473338  4
  126.610031  4
  0.062241  4.5
  33.643624  4.5
  69.323990  4.5
  126.611231  4.5
  11.785366  3
  26.523762  3
  65.202564  3
  0.180305  3.5
  28.089610  3.5
  65.177325  3.5
  7.597096  2
  23.894711  2
  0.478126  2.5
  24.304047  2.5
  4.491107  1
  1.136291  1.5
