  43.574010  10
  43.582516  10
  111.073852  10
  114.043670  10
  149.108918  10
  176.177853  10
  214.606829  10
  260.055329  10
  312.548879  10
  371.910474  10
  0.000000  10.5
  81.247606  10.5
  81.502602  10.5
  130.934019  10.5
  143.916642  10.5
  176.826377  10.5
  214.568735  10.5
  260.056532  10.5
  312.548859  10.5
  371.910474  10.5
  38.919687  9
  38.944359  9
  95.683180  9
  101.024827  9
  131.245904  9
  161.076902  9
  199.900957  9
  245.734640  9
  298.466998  9
  0.000000  9.5
  71.685807  9.5
  72.302463  9.5
  111.833404  9.5
  128.961183  9.5
  161.265907  9.5
  199.893472  9.5
  245.734786  9.5
  298.466997  9.5
  34.246617  8
  34.315795  8
  80.346773  8
  88.767250  8
  116.345306  8
  147.818887  8
  187.005125  8
  233.103656  8
  0.000000  8.5
  61.885688  8.5
  63.264209  8.5
  94.756900  8.5
  115.536543  8.5
  147.861926  8.5
  187.004093  8.5
  233.103666  8.5
  29.530236  7
  29.715592  7
  65.802905  7
  77.557326  7
  104.015878  7
  136.358006  7
  175.820837  7
  0.000000  7.5
  51.781758  7.5
  54.539096  7.5
  80.280120  7.5
  103.794799  7.5
  136.364906  7.5
  175.820761  7.5
  24.720952  6
  25.186515  6
  52.800070  6
  67.655278  6
  93.832595  6
  126.618718  6
  0.000003  6.5
  41.556210  6.5
  46.341158  6.5
  68.605076  6.5
  93.790083  6.5
  126.619309  6.5
  19.751748  5
  20.812805  5
  41.932398  5
  59.253365  5
  85.501719  5
  0.000030  5.5
  31.759899  5.5
  38.925310  5.5
  59.484236  5.5
  85.497318  5.5
  14.640547  4
  16.733924  4
  33.552577  4
  52.450022  4
  0.000318  4.5
  23.079406  4.5
  32.548797  4.5
  52.480356  4.5
  9.696851  3
  13.139888  3
  27.615073  3
  0.003163  3.5
  16.065354  3.5
  27.432150  3.5
  5.493266  2
  10.245565  2
  0.027404  2.5
  11.077331  2.5
  2.500702  1
  0.183654  1.5
