  38.302115  10
  38.302115  10
  102.627861  10
  102.628085  10
  150.138513  10
  150.314451  10
  176.675482  10
  183.886130  10
  200.532588  10
  219.345659  10
  0.000000  10.5
  72.520303  10.5
  72.520306  10.5
  128.567632  10.5
  128.576093  10.5
  166.380231  10.5
  168.174959  10.5
  186.175683  10.5
  200.315867  10.5
  219.352209  10.5
  34.267708  9
  34.267709  9
  90.507938  9
  90.509876  9
  129.407950  9
  130.232838  9
  148.682283  9
  159.904847  9
  176.810584  9
  0.000000  9.5
  64.448666  9.5
  64.448700  9.5
  112.342315  9.5
  112.399298  9.5
  140.488724  9.5
  145.174926  9.5
  160.341417  9.5
  176.794941  9.5
  30.233145  8
  30.233148  8
  78.373187  8
  78.388313  8
  108.021942  8
  110.732809  8
  124.840428  8
  138.834641  8
  0.000000  8.5
  56.375378  8.5
  56.375711  8.5
  95.960619  8.5
  96.281535  8.5
  115.644640  8.5
  124.012804  8.5
  138.871153  8.5
  26.198317  7
  26.198352  7
  66.182544  7
  66.284568  7
  86.820082  7
  92.588989  7
  105.541440  7
  0.000000  7.5
  48.298198  7.5
  48.301231  7.5
  79.129512  7.5
  80.472890  7.5
  94.034906  7.5
  105.458753  7.5
  22.162894  6
  22.163273  6
  53.774203  6
  54.317503  6
  67.852186  6
  76.655359  6
  0.000000  6.5
  40.206046  6.5
  40.230663  6.5
  61.984512  6.5
  65.567424  6.5
  76.834942  6.5
  18.125072  5
  18.128812  5
  40.958520  5
  42.872216  5
  52.770022  5
  0.000000  5.5
  32.040208  5.5
  32.206811  5.5
  46.119738  5.5
  52.403027  5.5
  14.072311  4
  14.104801  4
  28.620904  4
  32.667600  4
  0.000000  4.5
  23.619129  4.5
  24.425768  4.5
  33.352832  4.5
  9.934585  3
  10.156909  3
  18.530494  3
  0.000001  3.5
  15.169176  3.5
  17.401896  3.5
  5.637302  2
  6.550107  2
  0.000081  2.5
  8.153385  2.5
  2.025530  1
  0.008558  1.5
