  74.962833  10
  92.640181  10
  195.860059  10
  321.926396  10
  495.480824  10
  712.985519  10
  974.286776  10
  1279.283384  10
  1627.931125  10
  2020.207740  10
  0.008654  10.5
  123.654049  10.5
  191.248962  10.5
  322.136872  10.5
  495.476483  10.5
  712.985567  10.5
  974.286776  10.5
  1279.283384  10.5
  1627.931125  10.5
  2020.207740  10.5
  64.567178  9
  85.354591  9
  183.657447  9
  311.332507  9
  485.086533  9
  702.720720  9
  964.095498  9
  1269.138285  9
  1617.816927  9
  0.018619  9.5
  109.060952  9.5
  180.892549  9.5
  311.430443  9.5
  485.084977  9.5
  702.720733  9.5
  964.095498  9.5
  1269.138285  9.5
  1617.816927  9.5
  54.628193  8
  78.556009  8
  173.105222  8
  301.912165  8
  475.834346  8
  693.567928  8
  954.999557  8
  1260.078063  8
  0.039488  8.5
  95.968586  8.5
  171.564578  8.5
  301.953233  8.5
  475.833866  8.5
  693.567931  8.5
  954.999557  8.5
  1260.078063  8.5
  45.308348  7
  72.301502  7
  164.079374  7
  293.649982  7
  467.707807  7
  685.516590  7
  946.991408  7
  0.082255  7.5
  84.453990  7.5
  163.296432  7.5
  293.664991  7.5
  467.707687  7.5
  685.516590  7.5
  946.991408  7.5
  36.752398  6
  66.648695  6
  156.464104  6
  286.529696  6
  460.692736  6
  678.557425  6
  0.167529  6.5
  74.574183  6.5
  156.111852  6.5
  286.534215  6.5
  460.692714  6.5
  678.557425  6.5
  29.077193  5
  61.656477  5
  150.160317  5
  280.535366  5
  454.777042  5
  0.331785  5.5
  66.361566  5.5
  150.027017  5.5
  280.536373  5.5
  454.777040  5.5
  22.365439  4
  57.386671  4
  145.089358  4
  275.652350  4
  0.634985  4.5
  59.817248  4.5
  145.051018  4.5
  275.652476  4.5
  16.662141  3
  53.906765  3
  141.193200  3
  1.167077  3.5
  54.904681  3.5
  141.186780  3.5
  11.972447  2
  51.293596  2
  2.049176  2.5
  51.547822  2.5
  8.260413  1
  3.425891  1.5
