  71.526176  10
  83.800039  10
  175.021444  10
  278.345331  10
  422.872960  10
  604.102173  10
  821.912301  10
  1076.187255  10
  1366.877327  10
  1693.957499  10
  0.003292  10.5
  116.516566  10.5
  169.037913  10.5
  278.684040  10.5
  422.864455  10.5
  604.102288  10.5
  821.912300  10.5
  1076.187255  10.5
  1366.877327  10.5
  1693.957499  10.5
  61.715341  9
  76.723553  9
  162.279836  9
  267.578122  9
  412.312958  9
  593.693177  9
  811.588190  9
  1065.916442  9
  1356.642171  9
  0.007748  9.5
  101.887382  9.5
  158.654925  9.5
  267.736204  9.5
  412.309906  9.5
  593.693207  9.5
  811.588190  9.5
  1065.916442  9.5
  1356.642171  9.5
  52.216305  8
  70.088321  8
  151.312767  8
  258.009032  8
  402.923944  8
  584.418403  8
  802.378418  8
  1056.747503  8
  0.017974  8.5
  88.689258  8.5
  149.277002  8.5
  258.075471  8.5
  402.923001  8.5
  584.418410  8.5
  802.378418  8.5
  1056.747503  8.5
  43.213565  7
  63.957234  7
  141.986459  7
  249.622924  7
  394.685283  7
  576.264929  7
  794.273755  7
  0.040941  7.5
  77.024544  7.5
  140.945988  7.5
  249.647243  7.5
  394.685047  7.5
  576.264930  7.5
  794.273755  7.5
  34.883622  6
  58.393856  6
  134.164563  6
  242.402263  6
  387.579388  6
  569.221396  6
  0.091110  6.5
  66.973320  6.5
  133.694579  6.5
  242.409595  6.5
  387.579345  6.5
  569.221396  6.5
  27.377109  5
  53.462591  5
  127.724452  5
  236.328928  5
  381.591362  5
  0.196801  5.5
  58.589816  5.5
  127.546119  5.5
  236.330563  5.5
  381.591357  5.5
  20.807094  4
  49.230067  4
  122.566262  4
  231.385715  4
  0.409395  4.5
  51.895116  4.5
  122.514878  4.5
  231.385920  4.5
  15.242519  3
  45.768020  3
  118.615574  3
  0.813315  3.5
  46.867968  3.5
  118.606959  3.5
  10.704574  2
  43.157719  2
  1.531336  2.5
  43.439043  2.5
  7.164612  1
  2.718655  1.5
