  38.321065  10
  38.321065  10
  102.667037  10
  102.667314  10
  150.136420  10
  150.339526  10
  176.458279  10
  184.082507  10
  200.997231  10
  220.197080  10
  0.000000  10.5
  72.552895  10.5
  72.552900  10.5
  128.602010  10.5
  128.612124  10.5
  166.241197  10.5
  168.223645  10.5
  186.216561  10.5
  200.803031  10.5
  220.202792  10.5
  34.284498  9
  34.284498  9
  90.539426  9
  90.541747  9
  129.346857  9
  130.265864  9
  148.634233  9
  160.259149  9
  177.481528  9
  0.000000  9.5
  64.476753  9.5
  64.476795  9.5
  112.360008  9.5
  112.426011  9.5
  140.310193  9.5
  145.300418  9.5
  160.657637  9.5
  177.467653  9.5
  30.247764  8
  30.247768  8
  78.395501  8
  78.413060  8
  107.900452  8
  110.809664  8
  125.028404  8
  139.349980  8
  0.000000  8.5
  56.398834  8.5
  56.399233  8.5
  95.947183  8.5
  96.306850  8.5
  115.554857  8.5
  124.258418  8.5
  139.382921  8.5
  26.210747  7
  26.210789  7
  66.190230  7
  66.304995  7
  86.726178  7
  92.749796  7
  105.914222  7
  0.000000  7.5
  48.316660  7.5
  48.320186  7.5
  79.065866  7.5
  80.518646  7.5
  94.121007  7.5
  105.838333  7.5
  22.173081  6
  22.173522  6
  53.753201  6
  54.344405  6
  67.870646  6
  76.921090  6
  0.000000  6.5
  40.218030  6.5
  40.245782  6.5
  61.909438  6.5
  65.665679  6.5
  77.088794  6.5
  18.132776  5
  18.136997  5
  40.911977  5
  42.927138  5
  52.925724  5
  0.000000  5.5
  32.040096  5.5
  32.222106  5.5
  46.105308  5.5
  52.576917  5.5
  14.076298  4
  14.111866  4
  28.598694  4
  32.771154  4
  0.000000  4.5
  23.599421  4.5
  24.452612  4.5
  33.433830  4.5
  9.930852  3
  10.166800  3
  18.563544  3
  0.000001  3.5
  15.151972  3.5
  17.455113  3.5
  5.628770  2
  6.570450  2
  0.000091  2.5
  8.163055  2.5
  2.027137  1
  0.009100  1.5
