  55.344604  10
  56.252384  10
  122.727540  10
  154.534793  10
  214.309330  10
  288.456871  10
  378.313971  10
  483.489571  10
  603.880444  10
  739.433316  10
  0.000005  10.5
  95.572131  10.5
  105.182510  10.5
  157.896816  10.5
  214.065614  10.5
  288.465669  10.5
  378.313793  10.5
  483.489573  10.5
  603.880444  10.5
  739.433316  10.5
  48.874468  9
  50.408235  9
  106.759941  9
  142.517594  9
  202.127202  9
  276.719667  9
  366.775048  9
  472.075731  9
  592.549852  9
  0.000023  9.5
  82.132515  9.5
  94.935722  9.5
  144.180287  9.5
  202.037893  9.5
  276.722044  9.5
  366.775015  9.5
  472.075731  9.5
  592.549852  9.5
  42.246934  8
  44.731970  8
  92.723453  8
  131.771891  8
  191.439855  8
  266.326913  8
  356.529029  8
  461.921810  8
  0.000099  8.5
  69.238403  8.5
  85.409565  8.5
  132.499310  8.5
  191.411853  8.5
  266.327427  8.5
  356.529024  8.5
  461.921810  8.5
  35.483097  7
  39.300266  7
  80.784170  7
  122.341532  7
  182.158950  7
  257.242220  7
  347.549469  7
  0.000417  7.5
  57.256151  7.5
  76.734341  7.5
  122.615105  7.5
  182.151854  7.5
  257.242300  7.5
  347.549469  7.5
  28.704983  6
  34.206023  6
  70.970675  6
  114.240826  6
  174.219986  6
  249.433328  6
  0.001708  6.5
  46.502673  6.5
  69.028854  6.5
  114.324798  6.5
  174.218684  6.5
  249.433335  6.5
  22.155681  5
  29.553729  5
  63.160806  5
  107.460060  5
  167.574463  5
  0.006770  5.5
  37.229146  5.5
  62.394008  5.5
  107.479008  5.5
  167.574332  5.5
  16.149249  4
  25.453632  4
  57.134308  4
  101.973802  4
  0.025590  4.5
  29.624111  4.5
  56.907916  4.5
  101.976194  4.5
  10.979840  3
  22.017924  3
  52.661346  3
  0.090145  3.5
  23.813225  3.5
  52.622855  3.5
  6.850482  2
  19.363147  2
  0.286573  2.5
  19.838466  2.5
  3.839081  1
  0.794786  1.5
