  66.504795  10
  73.034848  10
  151.476817  10
  226.997434  10
  336.975520  10
  474.971778  10
  640.985383  10
  834.866552  10
  1056.554728  10
  1306.019439  10
  0.000644  10.5
  108.191670  10.5
  142.805763  10.5
  227.688051  10.5
  336.952075  10.5
  474.972200  10.5
  640.985379  10.5
  834.866552  10.5
  1056.554728  10.5
  1306.019439  10.5
  57.690450  9
  66.297629  9
  137.776466  9
  215.917248  9
  326.093528  9
  464.286000  9
  630.406912  9
  824.355408  9
  1046.088599  9
  0.001767  9.5
  93.626513  9.5
  132.404170  9.5
  216.241955  9.5
  326.085090  9.5
  464.286113  9.5
  630.406911  9.5
  824.355408  9.5
  1046.088599  9.5
  48.963602  8
  59.924677  8
  126.026971  8
  206.073052  8
  316.440379  8
  454.777470  8
  620.979450  8
  814.978845  8
  0.004777  8.5
  80.339703  8.5
  122.955529  8.5
  206.210246  8.5
  316.437767  8.5
  454.777494  8.5
  620.979450  8.5
  814.978845  8.5
  40.514520  7
  53.987710  7
  116.112648  7
  197.454078  7
  307.986241  7
  446.428578  7
  612.690441  7
  0.012679  7.5
  68.484895  7.5
  114.521992  7.5
  197.504487  7.5
  307.985585  7.5
  446.428582  7.5
  612.690441  7.5
  32.558603  6
  48.560610  6
  107.879430  6
  190.043008  6
  300.706343  6
  439.223862  6
  0.032859  6.5
  58.185878  6.5
  107.154312  6.5
  190.058247  6.5
  300.706223  6.5
  439.223863  6.5
  25.302615  5
  43.718215  5
  101.167678  5
  183.819101  5
  294.580063  5
  0.082499  5.5
  49.536357  5.5
  100.890862  5.5
  183.822506  5.5
  294.580051  5.5
  18.916970  4
  39.536592  4
  95.837387  4
  178.761014  4
  0.198587  4.5
  42.594302  4.5
  95.757316  4.5
  178.761441  4.5
  13.518771  3
  36.095576  3
  91.780690  3
  0.452636  3.5
  37.369930  3.5
  91.767234  3.5
  9.163142  2
  33.484056  2
  0.964607  2.5
  33.812433  2.5
  5.838752  1
  1.903672  1.5
