  40.595811  10
  40.596123  10
  107.037540  10
  107.351310  10
  146.441790  10
  158.067777  10
  184.698278  10
  215.070562  10
  250.999491  10
  291.935046  10
  0.000000  10.5
  76.419544  10.5
  76.434503  10.5
  130.739322  10.5
  133.755423  10.5
  161.670081  10.5
  184.282262  10.5
  215.093098  10.5
  250.998885  10.5
  291.935053  10.5
  36.297570  9
  36.298880  9
  93.666240  9
  94.553815  9
  124.721779  9
  140.555409  9
  166.998467  9
  198.223022  9
  234.560155  9
  0.000000  9.5
  67.774266  9.5
  67.827570  9.5
  111.798604  9.5
  117.655553  9.5
  141.804076  9.5
  166.910277  9.5
  198.225867  9.5
  234.560120  9.5
  31.996188  8
  32.001514  8
  79.873109  8
  82.053576  8
  105.771508  8
  124.989099  8
  151.743626  8
  183.466962  8
  0.000000  8.5
  59.067510  8.5
  59.245459  8.5
  93.245631  8.5
  102.661277  8.5
  125.305263  8.5
  151.730845  8.5
  183.467149  8.5
  27.686402  7
  27.707147  7
  65.741379  7
  70.152060  7
  90.180414  7
  111.514977  7
  138.656683  7
  0.000000  7.5
  50.210699  7.5
  50.751626  7.5
  76.239036  7.5
  89.187108  7.5
  111.568983  7.5
  138.655717  7.5
  23.351713  6
  23.427867  6
  51.992249  6
  59.240358  6
  77.752289  6
  100.125893  6
  0.000000  6.5
  41.067516  6.5
  42.491244  6.5
  61.778273  6.5
  77.543302  6.5
  100.130699  6.5
  18.946009  5
  19.201918  5
  39.675115  5
  49.714869  5
  67.896191  5
  0.000001  5.5
  31.687771  5.5
  34.722304  5.5
  50.417763  5.5
  67.873484  5.5
  14.383154  4
  15.127188  4
  29.664813  4
  41.879702  4
  0.000016  4.5
  22.694523  4.5
  27.795410  4.5
  41.978684  4.5
  9.688622  3
  11.396560  3
  22.452045  3
  0.000330  3.5
  15.019659  3.5
  22.077571  3.5
  5.375228  2
  8.290583  2
  0.005943  2.5
  9.366756  2.5
  2.225203  1
  0.078648  1.5
