  40.828934  10
  40.829389  10
  107.430883  10
  107.841920  10
  146.266019  10
  159.246488  10
  186.765236  10
  218.475987  10
  255.820485  10
  298.322705  10
  0.000000  10.5
  76.809208  10.5
  76.829951  10.5
  130.760471  10.5
  134.411014  10.5
  162.348993  10.5
  186.434754  10.5
  218.492861  10.5
  255.820054  10.5
  298.322710  10.5
  36.503515  9
  36.505346  9
  93.896389  9
  95.003871  9
  124.835216  9
  141.977951  9
  169.444011  9
  201.928302  9
  239.659949  9
  0.000000  9.5
  68.100492  9.5
  68.171286  9.5
  111.664846  9.5
  118.390007  9.5
  143.024560  9.5
  169.374787  9.5
  201.930420  9.5
  239.659924  9.5
  32.174316  8
  32.181451  8
  79.921967  8
  82.505253  8
  106.298053  8
  126.666637  8
  154.475319  8
  187.423540  8
  0.000000  8.5
  59.318575  8.5
  59.544725  8.5
  93.151470  8.5
  103.537145  8.5
  126.927156  8.5
  154.465363  8.5
  187.423679  8.5
  27.835002  7
  27.861639  7
  65.679010  7
  70.655964  7
  91.103037  7
  113.425367  7
  141.614486  7
  0.000000  7.5
  50.365862  7.5
  51.022502  7.5
  76.343002  7.5
  90.241345  7.5
  113.469436  7.5
  141.613738  7.5
  23.466449  6
  23.560150  6
  51.953273  6
  59.840167  6
  78.958717  6
  102.230204  6
  0.000000  6.5
  41.113138  6.5
  42.760518  6.5
  62.162453  6.5
  78.779930  6.5
  102.234103  6.5
  19.018125  5
  19.319600  5
  39.760282  5
  50.433564  5
  69.288832  5
  0.000001  5.5
  31.664465  5.5
  35.022191  5.5
  51.065184  5.5
  69.269546  5.5
  14.405188  4
  15.243628  4
  29.915983  4
  42.714535  4
  0.000022  4.5
  22.685813  4.5
  28.151716  4.5
  42.802571  4.5
  9.679665  3
  11.527437  3
  22.849156  3
  0.000426  3.5
  15.076375  3.5
  22.500048  3.5
  5.376091  2
  8.445584  2
  0.007057  2.5
  9.495012  2.5
  2.246089  1
  0.086286  1.5
