  39.165131  10
  39.165140  10
  104.378526  10
  104.401329  10
  148.926155  10
  152.220139  10
  174.854240  10
  194.744831  10
  220.632078  10
  250.482954  10
  0.000000  10.5
  73.999094  10.5
  73.999768  10.5
  129.886651  10.5
  130.285915  10.5
  161.489909  10.5
  172.583890  10.5
  194.963678  10.5
  220.622775  10.5
  250.483106  10.5
  35.032068  9
  35.032125  9
  91.871051  9
  91.970087  9
  126.380372  9
  133.004895  9
  153.045702  9
  175.032919  9
  201.508369  9
  0.000000  9.5
  65.719751  9.5
  65.723336  9.5
  112.621161  9.5
  113.906414  9.5
  137.276680  9.5
  152.469266  9.5
  175.063018  9.5
  201.507799  9.5
  30.898242  8
  30.898583  8
  79.215804  8
  79.599623  8
  104.889197  8
  115.357616  8
  134.858140  8
  157.866145  8
  0.000000  8.5
  57.428025  8.5
  57.445971  8.5
  94.778190  8.5
  98.052264  8.5
  116.720736  8.5
  134.765340  8.5
  157.868237  8.5
  26.762696  7
  26.764665  7
  66.208905  7
  67.454909  7
  86.007296  7
  99.791562  7
  119.564593  7
  0.000000  7.5
  49.098911  7.5
  49.181542  7.5
  76.959095  7.5
  83.239812  7.5
  100.059128  7.5
  119.557123  7.5
  22.621685  6
  22.632449  6
  52.800192  6
  55.883676  6
  70.743034  6
  86.577189  6
  0.000000  6.5
  40.651717  6.5
  40.987354  6.5
  60.577728  6.5
  70.045110  6.5
  86.602872  6.5
  18.459529  5
  18.513642  5
  39.789650  5
  45.399775  5
  58.998359  5
  0.000000  5.5
  31.924429  5.5
  33.032421  5.5
  46.961490  5.5
  58.914747  5.5
  14.219657  4
  14.457188  4
  28.515042  4
  36.537744  4
  0.000001  4.5
  23.014775  4.5
  25.664972  4.5
  36.787589  4.5
  9.799976  3
  10.613227  3
  20.017859  3
  0.000030  3.5
  14.860905  3.5
  19.373406  3.5
  5.439923  2
  7.292137  2
  0.001200  2.5
  8.599712  2.5
  2.099435  1
  0.033862  1.5
