  73.823402  10
  89.575504  10
  188.522186  10
  306.707866  10
  470.147801  10
  675.013975  10
  921.160861  10
  1208.482850  10
  1536.934053  10
  1906.491370  10
  0.006367  10.5
  121.151649  10.5
  183.495497  10.5
  306.953856  10.5
  470.142391  10.5
  675.014039  10.5
  921.160861  10.5
  1208.482850  10.5
  1536.934053  10.5
  1906.491370  10.5
  63.611787  9
  82.357056  9
  176.152672  9
  296.060139  9
  459.702841  9
  664.704973  9
  910.928840  9
  1198.299176  9
  1526.782729  9
  0.014093  9.5
  106.541062  9.5
  173.129480  9.5
  296.174700  9.5
  459.700901  9.5
  664.704990  9.5
  910.928840  9.5
  1198.299176  9.5
  1526.782729  9.5
  53.810903  8
  75.611113  8
  165.473511  8
  286.593833  8
  450.408759  8
  655.514773  8
  901.797974  8
  1189.205587  8
  0.030748  8.5
  93.410664  8.5
  163.785089  8.5
  286.641904  8.5
  450.408160  8.5
  655.514777  8.5
  901.797974  8.5
  1189.205587  8.5
  44.591325  7
  69.396604  7
  156.356354  7
  278.293488  7
  442.247856  7
  647.432102  7
  893.760204  7
  0.065886  7.5
  81.845226  7.5
  155.496889  7.5
  278.311064  7.5
  442.247706  7.5
  647.432102  7.5
  893.760204  7.5
  36.108224  6
  63.773000  6
  148.678446  6
  271.142354  6
  435.204930  6
  640.447045  6
  0.137997  6.5
  71.908929  6.5
  148.291315  6.5
  271.147649  6.5
  435.204902  6.5
  640.447045  6.5
  28.489015  5
  58.800877  5
  142.333295  5
  265.123767  5
  429.267040  5
  0.280871  5.5
  63.640990  5.5
  142.186680  5.5
  265.124947  5.5
  429.267037  5.5
  21.825683  4
  54.543522  4
  137.235787  4
  260.222273  4
  0.551809  4.5
  57.048666  4.5
  137.193595  4.5
  260.222421  4.5
  16.170450  3
  51.069739  3
  133.322967  3
  1.039235  3.5
  52.099941  3.5
  133.315899  3.5
  11.533235  2
  48.457777  2
  1.865080  2.5
  48.720545  2.5
  7.880179  1
  3.177485  1.5
