  83.211815  10
  118.400651  10
  260.474096  10
  452.867810  10
  712.898798  10
  1038.446667  10
  1429.339951  10
  1885.498797  10
  2406.887640  10
  2993.488575  10
  0.054518  10.5
  145.597740  10.5
  257.929889  10.5
  452.941845  10.5
  712.897800  10.5
  1038.446675  10.5
  1429.339951  10.5
  1885.498797  10.5
  2406.887640  10.5
  2993.488575  10.5
  71.754863  9
  110.694547  9
  249.155809  9
  442.568567  9
  702.771195  9
  1028.415927  9
  1419.364765  9
  1875.558516  9
  2396.970714  9
  0.099151  9.5
  131.233095  9.5
  247.650776  9.5
  442.602883  9.5
  702.770837  9.5
  1028.415929  9.5
  1419.364765  9.5
  1875.558516  9.5
  2396.970714  9.5
  61.006613  8
  103.561578  8
  239.259411  8
  433.396475  8
  693.740236  8
  1019.461434  8
  1410.454223  8
  1866.675584  8
  0.177854  8.5
  118.461116  8.5
  238.429296  8.5
  433.410823  8.5
  693.740126  8.5
  1019.461434  8.5
  1410.454223  8.5
  1866.675584  8.5
  51.070451  7
  97.048210  7
  230.699548  7
  425.338644  7
  685.795589  7
  1011.576373  7
  1402.603442  7
  0.313796  7.5
  107.316421  7.5
  230.280827  7.5
  425.343875  7.5
  685.795561  7.5
  1011.576373  7.5
  1402.603442  7.5
  42.029274  6
  91.202178  6
  223.403350  6
  418.382721  6
  678.928232  6
  1004.754744  6
  0.542861  6.5
  97.815584  6.5
  223.215967  6.5
  418.384294  6.5
  678.928227  6.5
  1004.754744  6.5
  33.942912  5
  86.073588  5
  217.311519  5
  412.517353  5
  673.130407  5
  0.917747  5.5
  89.953360  5.5
  217.240875  5.5
  412.517704  5.5
  673.130407  5.5
  26.846491  4
  81.716481  4
  212.378075  4
  407.732539  4
  1.511123  4.5
  83.699522  4.5
  212.357809  4.5
  407.732583  4.5
  20.749338  3
  78.190803  3
  208.569279  3
  2.416238  3.5
  78.997878  3.5
  208.565891  3.5
  15.634221  2
  75.564549  2
  3.743655  2.5
  75.768840  2.5
  11.457132  1
  5.613995  1.5
