  49.274410  10
  49.434640  10
  115.738373  10
  130.451406  10
  173.280736  10
  223.059106  10
  284.640373  10
  356.983265  10
  439.950217  10
  533.458548  10
  0.000000  10.5
  89.107043  10.5
  91.857381  10.5
  138.364305  10.5
  172.246997  10.5
  223.119360  10.5
  284.638470  10.5
  356.983299  10.5
  439.950217  10.5
  533.458548  10.5
  43.843236  9
  44.176022  9
  99.117869  9
  117.825083  9
  159.461779  9
  210.187614  9
  272.066902  9
  344.606138  9
  427.702465  9
  0.000001  9.5
  77.393525  9.5
  81.950184  9.5
  122.104076  9.5
  159.069118  9.5
  210.204148  9.5
  272.066540  9.5
  344.606142  9.5
  427.702465  9.5
  38.320527  8
  38.985925  8
  83.901651  8
  106.363604  8
  147.554850  8
  198.842969  8
  260.945646  8
  333.626976  8
  0.000004  8.5
  65.569257  8.5
  72.522832  8.5
  108.365794  8.5
  147.428738  8.5
  198.846586  8.5
  260.945598  8.5
  333.626976  8.5
  32.657079  7
  33.920285  7
  70.515397  7
  96.201621  7
  137.345643  7
  188.970570  7
  251.232381  7
  0.000024  7.5
  54.007933  7.5
  63.747329  7.5
  96.989190  7.5
  137.313169  7.5
  188.971135  7.5
  251.232377  7.5
  26.829957  6
  29.063052  6
  59.268629  6
  87.426240  6
  128.689304  6
  180.519181  6
  0.000148  6.5
  43.191014  6.5
  55.800643  6.5
  87.674777  6.5
  128.683280  6.5
  180.519228  6.5
  20.928758  5
  24.526973  5
  50.290333  5
  80.074206  5
  121.488822  5
  0.000865  5.5
  33.567698  5.5
  48.848372  5.5
  80.131217  5.5
  121.488211  5.5
  15.231296  4
  20.446990  4
  43.470482  4
  74.139166  4
  0.004827  4.5
  25.487872  4.5
  43.030621  4.5
  74.146432  4.5
  10.143395  3
  16.968790  3
  38.527485  3
  0.024980  3.5
  19.199665  3.5
  38.451388  3.5
  6.029936  2
  14.241138  2
  0.114374  2.5
  14.847610  2.5
  3.088926  1
  0.434380  1.5
