  108.515313  10
  221.553652  10
  536.077905  10
  997.342446  10
  1614.089646  10
  2385.427855  10
  3311.206842  10
  4391.368032  10
  5625.885214  10
  7014.745221  10
  1.015756  10.5
  241.036122  10.5
  535.383834  10.5
  997.350611  10.5
  1614.089600  10.5
  2385.427855  10.5
  3311.206842  10.5
  4391.368032  10.5
  5625.885214  10.5
  7014.745221  10.5
  95.300673  9
  213.081507  9
  525.676046  9
  987.391635  9
  1604.260501  9
  2375.661332  9
  3301.476326  9
  4381.660109  9
  5616.192394  9
  1.437390  9.5
  227.514806  9.5
  525.269539  9.5
  987.395408  9.5
  1604.260485  9.5
  2375.661332  9.5
  3301.476326  9.5
  4381.660109  9.5
  5616.192394  9.5
  83.030819  8
  205.321933  8
  516.445710  8
  978.507592  8
  1595.478310  8
  2366.931147  8
  3292.776028  8
  4372.978557  8
  2.014152  8.5
  215.597090  8.5
  516.223222  8.5
  978.509165  8.5
  1595.478305  8.5
  2366.931147  8.5
  3292.776028  8.5
  4372.978557  8.5
  71.727790  7
  198.309121  7
  508.357880  7
  970.684026  7
  1587.738956  7
  2359.234536  7
  3285.103962  7
  2.792243  7.5
  205.263532  7.5
  508.246318  7.5
  970.684599  7.5
  1587.738955  7.5
  2359.234536  7.5
  3285.103962  7.5
  61.403157  6
  192.079525  6
  501.388627  6
  963.915285  6
  1581.038815  6
  2352.569060  6
  3.826425  6.5
  196.483965  6.5
  501.338927  6.5
  963.915457  6.5
  1581.038814  6.5
  2352.569060  6.5
  52.057799  5
  186.672436  5
  495.518728  5
  958.196404  5
  1575.374753  5
  5.179545  5.5
  189.217807  5.5
  495.500055  5.5
  958.196442  5.5
  1575.374753  5.5
  43.681727  4
  182.130548  4
  490.733229  4
  953.523141  4
  6.921326  4.5
  183.415073  4.5
  490.727886  4.5
  953.523146  4.5
  36.254003  3
  178.500488  3
  487.020980  3
  9.126457  3.5
  179.018015  3.5
  487.020089  3.5
  29.742806  2
  175.833217  2
  11.872150  2.5
  175.963266  2.5
  24.105724  1
  15.235420  1.5
