  39.074046  10
  39.074053  10
  104.197631  10
  104.214975  10
  149.122638  10
  151.949486  10
  174.554005  10
  193.504747  10
  218.610449  10
  247.593832  10
  0.000000  10.5
  73.843587  10.5
  73.844077  10.5
  129.775568  10.5
  130.095213  10.5
  161.797779  10.5
  171.972773  10.5
  193.769820  10.5
  218.598657  10.5
  247.594032  10.5
  34.951425  9
  34.951466  9
  91.735432  9
  91.813991  9
  126.647692  9
  132.621118  9
  152.285142  9
  173.503369  9
  199.209153  9
  0.000000  9.5
  65.586481  9.5
  65.589195  9.5
  112.638299  9.5
  113.718372  9.5
  137.281563  9.5
  151.612265  9.5
  173.540268  9.5
  199.208426  9.5
  30.828123  8
  30.828380  8
  79.144538  8
  79.462613  8
  105.033184  8
  114.801805  8
  133.770771  8
  156.089401  8
  0.000000  8.5
  57.318715  8.5
  57.332868  8.5
  94.921733  8.5
  97.817432  8.5
  116.331816  8.5
  133.660782  8.5
  156.091985  8.5
  26.703326  7
  26.704873  7
  66.229137  7
  67.311350  7
  85.891929  7
  99.039909  7
  118.244630  7
  0.000000  7.5
  49.018694  7.5
  49.086618  7.5
  77.111094  7.5
  82.903776  7.5
  99.346224  7.5
  118.235699  7.5
  22.573828  6
  22.582636  6
  52.889766  6
  55.695081  6
  70.342382  6
  85.643322  6
  0.000000  6.5
  40.613467  6.5
  40.901418  6.5
  60.604775  6.5
  69.571709  6.5
  85.673034  6.5
  18.425774  5
  18.471895  5
  39.852146  5
  45.130424  5
  58.393374  5
  0.000000  5.5
  31.941909  5.5
  32.935955  5.5
  46.793769  5.5
  58.299803  5.5
  14.206621  4
  14.417651  4
  28.477783  4
  36.172101  4
  0.000000  4.5
  23.057419  4.5
  25.532568  4.5
  36.442426  4.5
  9.811204  3
  10.564497  3
  19.862155  3
  0.000024  3.5
  14.868516  3.5
  19.188009  3.5
  5.450832  2
  7.223090  2
  0.001020  2.5
  8.552031  2.5
  2.091566  1
  0.031131  1.5
