  38.402705  10
  38.402705  10
  102.835509  10
  102.836116  10
  150.111478  10
  150.456211  10
  175.664560  10
  184.970102  10
  202.995537  10
  223.702731  10
  -0.000000  10.5
  72.693251  10.5
  72.693261  10.5
  128.747990  10.5
  128.767600  10.5
  165.635429  10.5
  168.469648  10.5
  186.568528  10.5
  202.869593  10.5
  223.706081  10.5
  34.356828  9
  34.356829  9
  90.674467  9
  90.678998  9
  129.065594  9
  130.427576  9
  148.573385  9
  161.769188  9
  180.248821  9
  0.000000  9.5
  64.597677  9.5
  64.597769  9.5
  112.430318  9.5
  112.544038  9.5
  139.619033  9.5
  145.872521  9.5
  162.046551  9.5
  180.240135  9.5
  30.310739  8
  30.310748  8
  78.489887  8
  78.520434  8
  107.407917  8
  111.161682  8
  125.886568  8
  141.476123  8
  0.000000  8.5
  56.499746  8.5
  56.500530  8.5
  95.877580  8.5
  96.424664  8.5
  115.272499  8.5
  125.309912  8.5
  141.498147  8.5
  26.264281  7
  26.264364  7
  66.218712  7
  66.396150  7
  86.388347  7
  93.440773  7
  107.460220  7
  0.000000  7.5
  48.395810  7.5
  48.401982  7.5
  78.795847  7.5
  80.727750  7.5
  94.547060  7.5
  107.406006  7.5
  22.216921  6
  22.217696  6
  53.659319  6
  54.465965  6
  67.996566  6
  78.019425  6
  0.000000  6.5
  40.268435  6.5
  40.311751  6.5
  61.623457  6.5
  66.088943  6.5
  78.147541  6.5
  18.165776  5
  18.172401  5
  40.727964  5
  43.164042  5
  53.581006  5
  0.000000  5.5
  32.037443  5.5
  32.290030  5.5
  46.074822  5.5
  53.295759  5.5
  14.092958  4
  14.142758  4
  28.522118  4
  33.198865  4
  0.000000  4.5
  23.518984  4.5
  24.568449  4.5
  33.778756  4.5
  9.915229  3
  10.209477  3
  18.705669  3
  0.000001  3.5
  15.088017  3.5
  17.674476  3.5
  5.596128  2
  6.654052  2
  0.000144  2.5
  8.204782  2.5
  2.034069  1
  0.011442  1.5
