  62.984258  10
  66.859339  10
  139.410746  10
  198.874345  10
  289.649309  10
  403.520489  10
  540.670238  10
  700.910207  10
  884.169685  10
  1090.413047  10
  0.000175  10.5
  103.593962  10.5
  128.358963  10.5
  200.013870  10.5
  289.601063  10.5
  403.521561  10.5
  540.670225  10.5
  700.910207  10.5
  884.169685  10.5
  1090.413047  10.5
  54.927486  9
  60.382291  9
  124.965570  9
  187.533234  9
  278.468625  9
  392.582842  9
  529.860948  9
  690.181429  9
  873.494695  9
  0.000542  9.5
  89.195197  9.5
  117.968283  9.5
  188.073678  9.5
  278.451205  9.5
  392.583130  9.5
  529.860945  9.5
  690.181429  9.5
  873.494695  9.5
  46.825272  8
  54.209821  8
  112.552738  8
  177.451753  8
  268.572901  8
  382.862006  8
  520.236269  8
  680.617091  8
  0.001657  8.5
  75.916795  8.5
  108.477855  8.5
  177.681495  8.5
  268.567496  8.5
  382.862067  8.5
  520.236269  8.5
  680.617091  8.5
  38.838997  7
  48.418692  7
  102.108491  7
  168.627318  7
  259.922189  7
  374.335972  7
  511.780504  7
  0.004977  7.5
  63.963653  7.5
  99.967895  7.5
  168.712089  7.5
  259.920829  7.5
  374.335982  7.5
  511.780504  7.5
  31.190787  6
  43.090402  6
  93.491601  6
  161.045899  6
  252.484254  6
  366.985414  6
  0.014597  6.5
  53.501460  6.5
  92.505937  6.5
  161.071599  6.5
  252.484006  6.5
  366.985415  6.5
  24.123306  5
  38.308642  5
  86.523677  5
  154.686318  5
  246.232795  5
  0.041443  5.5
  44.659079  5.5
  86.144920  5.5
  154.692072  5.5
  246.232770  5.5
  17.854885  4
  34.158155  4
  81.032085  4
  149.524480  4
  0.112538  4.5
  37.526220  4.5
  80.922082  4.5
  149.525203  4.5
  12.547413  3
  30.726319  3
  76.877530  3
  0.287703  3.5
  32.141890  3.5
  76.858999  3.5
  8.289430  2
  28.108583  2
  0.680432  2.5
  28.475799  2.5
  5.088157  1
  1.467267  1.5
