  43.839952  10
  43.850322  10
  111.339824  10
  114.695646  10
  149.788052  10
  178.053004  10
  217.540645  10
  264.235023  10
  318.128999  10
  379.055298  10
  0.000000  10.5
  81.659163  10.5
  81.960339  10.5
  131.036237  10.5
  144.997154  10.5
  178.620781  10.5
  217.508584  10.5
  264.236001  10.5
  318.128983  10.5
  379.055298  10.5
  39.152630  9
  39.182044  9
  95.808505  9
  101.680224  9
  132.222588  9
  163.107590  9
  202.993252  9
  250.056040  9
  304.180133  9
  0.000000  9.5
  72.004174  9.5
  72.715075  9.5
  112.033501  9.5
  130.143134  9.5
  163.272057  9.5
  202.986971  9.5
  250.056158  9.5
  304.180132  9.5
  34.444312  8
  34.524956  8
  80.414921  8
  89.457467  8
  117.561668  8
  149.987085  8
  190.227423  8
  237.544914  8
  0.000000  8.5
  62.097475  8.5
  63.646852  8.5
  95.130453  8.5
  116.832715  8.5
  150.024392  8.5
  190.226559  8.5
  237.544921  8.5
  29.688378  7
  29.899601  7
  65.899124  7
  78.306377  7
  105.400582  7
  138.641518  7
  179.150016  7
  0.000000  7.5
  51.891501  7.5
  54.911534  7.5
  80.855669  7.5
  105.202497  7.5
  138.647485  7.5
  179.149953  7.5
  24.833097  6
  25.351449  6
  52.981776  6
  68.475621  6
  95.333552  6
  128.995675  6
  0.000003  6.5
  41.603966  6.5
  46.724090  6.5
  69.356799  6.5
  95.295592  6.5
  128.996185  6.5
  19.813936  5
  20.967634  5
  42.226609  5
  60.144983  5
  87.085916  5
  0.000037  5.5
  31.801474  5.5
  39.335463  5.5
  60.357996  5.5
  87.081994  5.5
  14.663541  4
  16.888913  4
  33.953525  4
  53.402949  4
  0.000381  4.5
  23.152694  4.5
  32.995305  4.5
  53.430858  4.5
  9.707632  3
  13.303380  3
  28.089323  3
  0.003627  3.5
  16.183950  3.5
  27.915491  3.5
  5.511562  2
  10.421346  2
  0.030091  2.5
  11.237973  2.5
  2.526260  1
  0.193837  1.5
