  50.866726  10
  51.140633  10
  117.195302  10
  136.036000  10
  182.691922  10
  238.546038  10
  307.031230  10
  387.379676  10
  479.461849  10
  583.205371  10
  0.000000  10.5
  90.941846  10.5
  95.056575  10.5
  142.369081  10.5
  182.000299  10.5
  238.581032  10.5
  307.030258  10.5
  387.379691  10.5
  479.461849  10.5
  583.205371  10.5
  45.186142  9
  45.720491  9
  100.649018  9
  123.569082  9
  169.441033  9
  226.044528  9
  294.796091  9
  375.316454  9
  467.512370  9
  0.000002  9.5
  78.680037  9.5
  85.030211  9.5
  126.888299  9.5
  169.181985  9.5
  226.054074  9.5
  294.795906  9.5
  375.316455  9.5
  467.512370  9.5
  39.390348  8
  40.392628  8
  85.703503  8
  112.313769  8
  157.948441  8
  215.010691  8
  283.960266  8
  364.605727  8
  0.000011  8.5
  66.471414  8.5
  75.557726  8.5
  113.828485  8.5
  157.866004  8.5
  215.012771  8.5
  283.960241  8.5
  364.605727  8.5
  33.437949  7
  35.220699  7
  72.706470  7
  102.374102  7
  148.048470  7
  205.395185  7
  274.485735  7
  0.000058  7.5
  54.728197  7.5
  66.801826  7.5
  102.959797  7.5
  148.027370  7.5
  205.395508  7.5
  274.485733  7.5
  27.339386  6
  30.293734  6
  61.883680  6
  93.810636  6
  139.627947  6
  197.152899  6
  0.000312  6.5
  43.897228  6.5
  58.922992  6.5
  93.993530  6.5
  139.624048  6.5
  197.152926  6.5
  21.237678  5
  25.724275  5
  53.275706  5
  86.641598  5
  132.608502  5
  0.001622  5.5
  34.363732  5.5
  52.066630  5.5
  86.683295  5.5
  132.608107  5.5
  15.440779  4
  21.640955  4
  46.716977  4
  80.851693  4
  0.008025  4.5
  26.421406  4.5
  46.352486  4.5
  80.856989  4.5
  10.330895  3
  18.179080  3
  41.929609  3
  0.036868  3.5
  20.277147  3.5
  41.866946  3.5
  6.222012  2
  15.476654  2
  0.150617  2.5
  16.042301  2.5
  3.271016  1
  0.518142  1.5
