  162.853745  10
  495.017294  10
  1287.393369  10
  2471.457946  10
  4051.399495  10
  6026.675277  10
  8397.153320  10
  11162.783670  10
  14323.544044  10
  17879.423274  10
  9.144483  10.5
  507.805635  10.5
  1287.225218  10.5
  2471.458707  10.5
  4051.399494  10.5
  6026.675277  10.5
  8397.153320  10.5
  11162.783670  10.5
  14323.544044  10.5
  17879.423274  10.5
  147.328088  9
  485.868350  9
  1277.324974  9
  2461.661818  9
  4041.699327  9
  6017.023514  9
  8387.529316  9
  11153.177053  9
  14313.949034  9
  11.075573  9.5
  495.239249  9.5
  1277.226757  9.5
  2461.662169  9.5
  4041.699326  9.5
  6017.023514  9.5
  8387.529316  9.5
  11153.177053  9.5
  14313.949034  9.5
  132.770657  8
  477.550611  8
  1268.340056  8
  2452.904457  8
  4033.024942  8
  6008.390906  8
  8378.920653  8
  11144.583382  8
  13.349384  8.5
  484.154722  8.5
  1268.286422  8.5
  2452.904603  8.5
  4033.024942  8.5
  6008.390906  8.5
  8378.920653  8.5
  11144.583382  8.5
  119.173925  7
  470.090905  7
  1260.429870  7
  2445.183342  7
  4025.374768  7
  6000.776392  7
  8371.326567  7
  16.009772  7.5
  474.520030  7.5
  1260.403026  7.5
  2445.183395  7.5
  4025.374768  7.5
  6000.776392  7.5
  8371.326567  7.5
  106.526149  6
  463.517576  6
  1253.587128  6
  2438.496240  6
  4018.747417  6
  5994.179037  6
  19.102498  6.5
  466.300164  6.5
  1253.575187  6.5
  2438.496256  6.5
  4018.747417  6.5
  5994.179037  6.5
  94.811380  5
  457.860591  5
  1247.805890  5
  2432.841212  5
  4013.141690  5
  22.674661  5.5
  459.457632  5.5
  1247.801409  5.5
  2432.841216  5.5
  4013.141690  5.5
  84.009495  4
  453.151622  4
  1243.081443  4
  2428.216615  4
  26.774060  4.5
  453.953012  4.5
  1243.080162  4.5
  2428.216616  4.5
  74.096272  3
  449.424082  3
  1239.410190  3
  31.448541  3.5
  449.745533  3.5
  1239.409977  3.5
  65.043509  2
  446.713122  2
  36.745323  2.5
  446.793644  2.5
  56.819196  1
  42.710364  1.5
