  38.505770  10
  38.505770  10
  103.047445  10
  103.048776  10
  150.043754  10
  150.624019  10
  174.944820  10
  186.165183  10
  205.492112  10
  227.837789  10
  -0.000000  10.5
  72.870302  10.5
  72.870327  10.5
  128.926866  10.5
  128.964855  10.5
  164.884180  10.5
  168.853817  10.5
  187.307310  10.5
  205.413866  10.5
  227.839669  10.5
  34.448134  9
  34.448136  9
  90.843397  9
  90.852252  9
  128.682858  9
  130.672394  9
  148.757636  9
  163.641893  9
  183.520341  9
  0.000000  9.5
  64.750147  9.5
  64.750349  9.5
  112.504957  9.5
  112.700262  9.5
  138.909566  9.5
  146.653279  9.5
  163.827548  9.5
  183.515112  9.5
  30.390225  8
  30.390244  8
  78.604792  8
  78.657923  8
  106.858446  8
  111.646104  8
  127.040272  8
  143.991748  8
  0.000000  8.5
  56.626794  8.5
  56.628335  8.5
  95.766299  8.5
  96.592271  8.5
  115.109334  8.5
  126.623352  8.5
  144.005973  8.5
  26.331826  7
  26.331991  7
  66.244525  7
  66.518202  7
  86.087184  7
  94.309228  7
  109.301611  7
  0.000000  7.5
  48.494785  7.5
  48.505607  7.5
  78.470694  7.5
  81.015216  7.5
  95.175266  7.5
  109.264028  7.5
  22.272147  6
  22.273511  6
  53.536194  6
  54.630775  6
  68.236797  6
  79.323044  6
  0.000000  6.5
  40.329281  6.5
  40.396923  6.5
  61.334017  6.5
  66.623253  6.5
  79.418446  6.5
  18.207002  5
  18.217417  5
  40.528376  5
  43.463798  5
  54.377850  5
  0.000000  5.5
  32.029878  5.5
  32.379931  5.5
  46.093086  5.5
  54.149426  5.5
  14.112905  4
  14.182710  4
  28.459584  4
  33.706281  4
  0.000000  4.5
  23.426817  4.5
  24.715120  4.5
  34.205844  4.5
  9.896527  3
  10.263507  3
  18.884532  3
  0.000003  3.5
  15.025337  3.5
  17.933953  3.5
  5.562212  2
  6.752478  2
  0.000226  2.5
  8.257615  2.5
  2.042839  1
  0.014414  1.5
