  52.506267  10
  52.950353  10
  118.945880  10
  142.303031  10
  193.375046  10
  255.663811  10
  331.595717  10
  420.587885  10
  522.520621  10
  637.329839  10
  0.000001  10.5
  92.705396  10.5
  98.550159  10.5
  147.328514  10.5
  192.909077  10.5
  255.684479  10.5
  331.595210  10.5
  420.587892  10.5
  522.520621  10.5
  637.329839  10.5
  46.551723  9
  47.369853  9
  102.562372  9
  130.002754  9
  180.586343  9
  243.481366  9
  319.651409  9
  408.795391  9
  510.828855  9
  0.000005  9.5
  79.947787  9.5
  88.426033  9.5
  132.569580  9.5
  180.413585  9.5
  243.486978  9.5
  319.651313  9.5
  408.795392  9.5
  510.828855  9.5
  40.460709  8
  41.908155  8
  87.932266  8
  118.945919  8
  169.437271  8
  232.715187  8
  309.061580  8
  398.316554  8
  0.000026  8.5
  67.428180  8.5
  78.923561  8.5
  120.094866  8.5
  169.382669  8.5
  232.716405  8.5
  309.061568  8.5
  398.316554  8.5
  34.208430  7
  36.635126  7
  75.332523  7
  109.210532  7
  159.798469  7
  223.321100  7
  299.793223  7
  0.000128  7.5
  55.559952  7.5
  70.194030  7.5
  109.649137  7.5
  159.784557  7.5
  223.321290  7.5
  299.793222  7.5
  27.845713  6
  31.642738  6
  64.909978  6
  100.836138  6
  151.579643  6
  215.259367  6
  0.000617  6.5
  44.742451  6.5
  62.381663  6.5
  100.972024  6.5
  151.577080  6.5
  215.259383  6.5
  21.562167  5
  27.041518  5
  56.631069  5
  93.827474  5
  144.716164  5
  0.002872  5.5
  35.304010  5.5
  55.613662  5.5
  93.858310  5.5
  144.715905  5.5
  15.679030  4
  22.953276  4
  50.296131  4
  88.163637  4
  0.012751  4.5
  27.492613  4.5
  49.992260  4.5
  88.167543  4.5
  10.547794  3
  19.503885  3
  45.641169  3
  0.052629  3.5
  21.480855  3.5
  45.589185  3.5
  6.436700  2
  16.822243  2
  0.194183  2.5
  17.351307  2.5
  3.468585  1
  0.611858  1.5
