  83.040435  10
  117.809135  10
  258.950219  10
  449.817295  10
  707.840868  10
  1030.880606  10
  1418.765019  10
  1871.413949  10
  2388.791698  10
  2970.880295  10
  0.052805  10.5
  145.079208  10.5
  256.376456  10.5
  449.892821  10.5
  707.839842  10.5
  1030.880613  10.5
  1418.765019  10.5
  1871.413949  10.5
  2388.791698  10.5
  2970.880295  10.5
  71.601372  9
  110.110639  9
  247.618538  9
  439.513396  9
  697.709171  9
  1020.846256  9
  1408.786497  9
  1861.470502  9
  2378.871720  9
  0.096312  9.5
  130.708707  9.5
  246.095755  9.5
  439.548405  9.5
  697.708803  9.5
  1020.846258  9.5
  1408.786497  9.5
  1861.470502  9.5
  2378.871720  9.5
  60.867177  8
  102.983794  8
  237.712362  8
  430.337420  8
  688.674808  8
  1011.888702  8
  1399.873090  8
  1852.584829  8
  0.173255  8.5
  117.929757  8.5
  236.872344  8.5
  430.352058  8.5
  688.674695  8.5
  1011.888703  8.5
  1399.873090  8.5
  1852.584829  8.5
  50.942303  7
  96.475234  7
  229.145592  7
  422.276410  7
  680.727356  7
  1004.001073  7
  1392.019875  7
  0.306544  7.5
  106.777672  7.5
  228.721834  7.5
  422.281748  7.5
  680.727328  7.5
  1004.001073  7.5
  1392.019875  7.5
  41.910653  6
  90.632845  6
  221.844658  6
  415.317941  6
  673.857718  6
  997.177318  6
  0.531776  6.5
  97.269686  6.5
  221.655007  6.5
  415.319546  6.5
  673.857713  6.5
  997.177318  6.5
  33.832927  5
  85.506867  5
  215.749656  5
  409.450579  5
  668.058072  5
  0.901390  5.5
  89.401143  5.5
  215.678154  5.5
  409.450936  5.5
  668.058071  5.5
  26.744956  4
  81.151465  4
  210.814134  4
  404.664246  4
  1.487908  4.5
  83.142256  4.5
  210.793621  4.5
  404.664291  4.5
  20.656571  3
  77.626715  3
  207.004003  3
  2.384616  3.5
  78.437055  3.5
  207.000573  3.5
  15.550841  2
  75.000774  2
  3.702340  2.5
  75.205912  2.5
  11.383834  1
  5.562153  1.5
