  515.107336  10
  2766.271158  10
  7587.057286  10
  14819.478537  10
  24463.702838  10
  36519.301656  10
  50986.153810  10
  67864.213797  10
  87153.461380  10
  108853.886435  10
  162.369380  10.5
  2771.589281  10.5
  7587.046188  10.5
  14819.478545  10.5
  24463.702838  10.5
  36519.301656  10.5
  50986.153810  10.5
  67864.213797  10.5
  87153.461380  10.5
  108853.886435  10.5
  489.949301  9
  2756.272727  9
  7577.136942  9
  14809.764601  9
  24454.070812  9
  36509.710644  9
  50976.586252  9
  67854.660904  9
  87143.918266  9
  173.395437  9.5
  2760.145231  9.5
  7577.130467  9.5
  14809.764605  9.5
  24454.070812  9.5
  36509.710644  9.5
  50976.586252  9.5
  67854.660904  9.5
  87143.918266  9.5
  465.666144  8
  2747.263455  8
  7568.263754  8
  14801.074424  8
  24445.453448  8
  36501.129729  8
  50968.026177  8
  67846.113858  8
  185.011187  8.5
  2749.977204  8.5
  7568.260222  8.5
  14801.074426  8.5
  24445.453448  8.5
  36501.129729  8.5
  50968.026177  8.5
  67846.113858  8.5
  442.246421  7
  2739.257527  7
  7560.436697  7
  14793.407593  7
  24437.850491  7
  36493.558738  7
  50960.473461  7
  197.235611  7.5
  2741.068457  7.5
  7560.434931  7.5
  14793.407594  7.5
  24437.850491  7.5
  36493.558738  7.5
  50960.473461  7.5
  419.678061  6
  2732.269408  6
  7553.654895  6
  14786.763744  6
  24431.261717  6
  36486.997520  6
  210.087505  6.5
  2733.402195  6.5
  7553.654110  6.5
  14786.763744  6.5
  24431.261717  6.5
  36486.997520  6.5
  397.948379  5
  2726.313829  5
  7547.917611  5
  14781.142559  5
  24425.686929  5
  223.585443  5.5
  2726.961598  5.5
  7547.917316  5.5
  14781.142559  5.5
  24425.686929  5.5
  377.044093  4
  2721.405789  4
  7543.224242  4
  14776.543773  4
  237.747734  4.5
  2721.729863  4.5
  7543.224158  4.5
  14776.543773  4.5
  356.951336  3
  2717.560537  3
  7539.574312  3
  252.592385  3.5
  2717.690225  3.5
  7539.574298  3.5
  337.655683  2
  2714.793566  2
  268.137065  2.5
  2714.825998  2.5
  319.142162  1
  284.399069  1.5
