  204.489146  10
  729.789674  10
  1936.679835  10
  3744.355426  10
  6155.688242  10
  9170.190583  10
  12787.734884  10
  17008.273038  10
  21831.783613  10
  27258.255872  10
  20.047452  10.5
  740.257470  10.5
  1936.590817  10.5
  3744.355689  10.5
  6155.688241  10.5
  9170.190583  10.5
  12787.734884  10.5
  17008.273038  10.5
  21831.783613  10.5
  27258.255872  10.5
  187.493816  9
  720.390164  9
  1926.675887  9
  3734.593264  9
  6146.016248  9
  9160.563928  9
  12778.134204  9
  16998.688618  9
  21822.210042  9
  23.238566  9.5
  728.040874  9.5
  1926.623917  9.5
  3734.593385  9.5
  6146.016248  9.5
  9160.563928  9.5
  12778.134204  9.5
  16998.688618  9.5
  21822.210042  9.5
  171.449346  8
  711.867153  8
  1917.739214  8
  3725.863670  8
  6137.365434  8
  9151.952682  8
  12769.545616  8
  16990.114209  8
  26.848255  8.5
  717.246439  8.5
  1917.710847  8.5
  3725.863721  8.5
  6137.365434  8.5
  9151.952682  8.5
  12769.545616  8.5
  16990.114209  8.5
  156.344139  7
  704.244336  7
  1909.864621  7
  3718.164992  7
  6129.734775  7
  9144.356152  7
  12761.968621  7
  30.914209  7.5
  707.844583  7.5
  1909.850428  7.5
  3718.165010  7.5
  6129.734775  7.5
  9144.356152  7.5
  12761.968621  7.5
  142.163857  6
  697.546493  6
  1903.047747  6
  3711.495766  6
  6123.123364  6
  9137.773726  6
  35.474775  6.5
  699.804290  6.5
  1903.041436  6.5
  3711.495771  6.5
  6123.123364  6.5
  9137.773726  6.5
  128.891450  5
  691.799534  5
  1897.285013  5
  3705.854723  5
  6117.530420  5
  40.568616  5.5
  693.093408  5.5
  1897.282645  5.5
  3705.854724  5.5
  6117.530420  5.5
  116.507198  4
  687.030505  4
  1892.573552  4
  3701.240790  4
  46.234358  4.5
  687.678961  4.5
  1892.572875  4.5
  3701.240790  4.5
  104.988777  3
  683.267596  3
  1888.911156  3
  52.510239  3.5
  683.527451  3.5
  1888.911043  3.5
  94.311344  2
  680.540102  2
  59.433764  2.5
  680.605151  2.5
  84.447651  1
  67.041385  1.5
