  63.489442  10
  67.684895  10
  140.942960  10
  202.558369  10
  295.864993  10
  412.925172  10
  553.887370  10
  718.569903  10
  906.903669  10
  1118.853866  10
  0.000212  10.5
  104.203318  10.5
  130.257385  10.5
  203.619014  10.5
  295.821513  10.5
  412.926108  10.5
  553.887359  10.5
  718.569903  10.5
  906.903669  10.5
  1118.853866  10.5
  55.322954  9
  61.169389  9
  126.605950  9
  191.256741  9
  284.731688  9
  402.027124  9
  543.114332  9
  707.875277  9
  896.261436  9
  0.000647  9.5
  89.772796  9.5
  119.863549  9.5
  191.759020  9.5
  284.715998  9.5
  402.027375  9.5
  543.114329  9.5
  707.875277  9.5
  896.261436  9.5
  47.127638  8
  54.967247  8
  114.293230  8
  181.211704  8
  274.874267  8
  392.339643  8
  533.520607  8
  698.340391  8
  0.001943  8.5
  76.488574  8.5
  110.378482  8.5
  181.424999  8.5
  274.869401  8.5
  392.339697  8.5
  533.520607  8.5
  698.340391  8.5
  39.070936  7
  49.154628  7
  103.931240  7
  172.419137  7
  266.254502  7
  383.841418  7
  525.090999  7
  0.005728  7.5
  64.547232  7.5
  101.879609  7.5
  172.497784  7.5
  266.253278  7.5
  383.841427  7.5
  525.090999  7.5
  31.375669  6
  43.811958  6
  95.374936  6
  164.864303  6
  258.841398  6
  376.513739  6
  0.016488  6.5
  54.107666  6.5
  94.431825  6.5
  164.888135  6.5
  258.841175  6.5
  376.513740  6.5
  24.279985  5
  39.021591  5
  88.447748  5
  158.525964  5
  252.609583  5
  0.045949  5.5
  45.293177  5.5
  88.085741  5.5
  158.531298  5.5
  252.609560  5.5
  17.995084  4
  34.866916  4
  82.981786  4
  153.380388  4
  0.122511  4.5
  38.188570  4.5
  82.876718  4.5
  153.381058  4.5
  12.675816  3
  31.434109  3
  78.842700  3
  0.307766  3.5
  32.828365  3.5
  78.825007  3.5
  8.405344  2
  28.817594  2
  0.716377  2.5
  29.178903  2.5
  5.187825  1
  1.523996  1.5
