  452.025174  10
  2328.032114  10
  6370.352784  10
  12434.714867  10
  20521.532363  10
  30630.373822  10
  42761.117650  10
  56913.718179  10
  73088.155095  10
  91284.418235  10
  128.054392  10.5
  2333.833892  10.5
  6370.338327  10.5
  12434.714880  10.5
  20521.532363  10.5
  30630.373822  10.5
  42761.117650  10.5
  56913.718179  10.5
  73088.155095  10.5
  91284.418235  10.5
  428.276075  9
  2318.092708  9
  6360.427450  9
  12424.997842  9
  20511.897778  9
  30620.780527  9
  42751.547970  9
  56904.163265  9
  73078.610029  9
  137.693706  9.5
  2322.318404  9.5
  6360.419015  9.5
  12424.997848  9.5
  20511.897778  9.5
  30620.780527  9.5
  42751.547970  9.5
  56904.163265  9.5
  73078.610029  9.5
  405.411011  8
  2309.131094  8
  6351.550427  8
  12416.305141  8
  20503.278271  8
  30612.197668  8
  42742.986068  8
  56895.614466  8
  147.906965  8.5
  2312.092982  8.5
  6351.545825  8.5
  12416.305143  8.5
  20503.278271  8.5
  30612.197668  8.5
  42742.986068  8.5
  56895.614466  8.5
  383.418026  7
  2301.162526  7
  6343.720463  7
  12408.636270  7
  20495.673540  7
  30604.625041  7
  42735.431795  7
  158.715025  7.5
  2303.139414  7.5
  6343.718162  7.5
  12408.636271  7.5
  20495.673540  7.5
  30604.625041  7.5
  42735.431795  7.5
  362.284406  6
  2294.202593  6
  6336.936491  6
  12401.990795  6
  20489.083315  6
  30598.062463  6
  170.138561  6.5
  2295.439393  6.5
  6336.935468  6.5
  12401.990795  6.5
  20489.083315  6.5
  30598.062463  6.5
  341.996697  5
  2288.267212  5
  6331.197614  5
  12396.368338  5
  20483.507364  5
  182.198011  5.5
  2288.974557  5.5
  6331.197230  5.5
  12396.368338  5.5
  20483.507364  5.5
  322.540716  4
  2283.372620  4
  6326.503102  4
  12391.768581  4
  194.913528  4.5
  2283.726539  4.5
  6326.502993  4.5
  12391.768581  4.5
  303.901581  3
  2279.535361  3
  6322.852379  3
  208.304921  3.5
  2279.677006  3.5
  6322.852361  3.5
  286.063728  2
  2276.772276  2
  222.391613  2.5
  2276.807700  2.5
  269.010938  1
  237.192593  1.5
