  38.000641  10
  38.000641  10
  102.001339  10
  102.001339  10
  150.000562  10
  150.000562  10
  181.993085  10
  181.994612  10
  197.431394  10
  198.623884  10
  0.000000  10.5
  72.001106  10.5
  72.001106  10.5
  128.001234  10.5
  128.001234  10.5
  167.998734  10.5
  167.998745  10.5
  191.932711  10.5
  192.019166  10.5
  200.093666  10.5
  34.000568  9
  34.000568  9
  90.001088  9
  90.001088  9
  129.999763  9
  129.999768  9
  153.956684  9
  154.013183  9
  162.062336  9
  0.000000  9.5
  64.000954  9.5
  64.000954  9.5
  112.000819  9.5
  112.000819  9.5
  143.996279  9.5
  143.997072  9.5
  159.536306  9.5
  160.501520  9.5
  30.000495  8
  30.000495  8
  78.000819  8
  78.000819  8
  109.998325  8
  109.998703  8
  125.631675  8
  126.393294  8
  -0.000000  8.5
  56.000799  8.5
  56.000799  8.5
  96.000316  8.5
  96.000317  8.5
  119.973751  8.5
  120.008747  8.5
  128.039606  8.5
  26.000421  7
  26.000421  7
  66.000515  7
  66.000515  7
  89.985314  7
  90.005553  7
  98.023768  7
  -0.000000  7.5
  48.000639  7.5
  48.000639  7.5
  79.999514  7.5
  79.999675  7.5
  95.716982  7.5
  96.298805  7.5
  22.000347  6
  22.000347  6
  54.000092  6
  54.000151  6
  69.791779  6
  70.217689  6
  -0.000000  6.5
  40.000468  6.5
  40.000468  6.5
  63.992651  6.5
  64.003330  6.5
  72.013271  6.5
  18.000270  5
  18.000270  5
  41.996898  5
  42.001845  5
  50.006747  5
  -0.000000  5.5
  32.000261  5.5
  32.000278  5.5
  47.855690  5.5
  48.149620  5.5
  14.000187  4
  14.000191  4
  29.908407  4
  30.094312  4
  0.000000  4.5
  23.999029  4.5
  24.000899  4.5
  32.003024  4.5
  9.999849  3
  10.000332  3
  18.001134  3
  0.000000  3.5
  15.949690  3.5
  16.051516  3.5
  5.979413  2
  6.020983  2
  0.000000  2.5
  8.000324  2.5
  2.000054  1
  0.000018  1.5
