  38.381417  10
  38.381417  10
  102.791629  10
  102.792132  10
  150.120467  10
  150.424415  10
  175.850664  10
  184.732833  10
  202.475707  10
  222.811338  10
  0.000000  10.5
  72.656662  10.5
  72.656671  10.5
  128.710272  10.5
  128.727010  10.5
  165.793541  10.5
  168.400133  10.5
  186.452783  10.5
  202.335487  10.5
  222.815159  10.5
  34.337969  9
  34.337969  9
  90.639354  9
  90.643215  9
  129.141360  9
  130.382494  9
  148.568774  9
  161.377883  9
  179.544538  9
  0.000000  9.5
  64.566159  9.5
  64.566235  9.5
  112.412923  9.5
  112.512790  9.5
  139.787518  9.5
  145.718865  9.5
  161.681407  9.5
  179.534788  9.5
  30.294319  8
  30.294326  8
  78.465555  8
  78.492312  8
  107.531442  8
  111.066878  8
  125.656614  8
  140.934885  8
  0.000000  8.5
  56.473456  8.5
  56.474123  8.5
  95.897463  8.5
  96.392614  8.5
  115.331288  8.5
  125.036737  8.5
  140.959209  8.5
  26.250324  7
  26.250395  7
  66.211994  7
  66.371898  7
  86.466900  7
  93.260875  7
  107.065601  7
  0.000000  7.5
  48.375234  7.5
  48.380631  7.5
  78.865404  7.5
  80.671481  7.5
  94.428536  7.5
  107.006690  7.5
  22.205498  6
  22.206174  6
  53.684233  6
  54.433436  6
  67.957301  6
  77.739523  6
  0.000000  6.5
  40.255482  6.5
  40.294420  6.5
  61.692629  6.5
  65.978582  6.5
  77.876471  6.5
  18.157201  5
  18.163148  5
  40.773527  5
  43.102224  5
  53.412404  5
  0.000000  5.5
  32.038450  5.5
  32.272018  5.5
  46.078341  5.5
  53.112543  5.5
  14.088691  4
  14.134634  4
  28.539417  4
  33.089899  4
  0.000000  4.5
  23.539286  4.5
  24.538215  4.5
  33.689420  4.5
  9.919232  3
  10.198339  3
  18.668650  3
  0.000001  3.5
  15.103277  3.5
  17.618652  3.5
  5.604067  2
  6.632813  2
  0.000129  2.5
  8.193891  2.5
  2.032260  1
  0.010830  1.5
