  68.235756  10
  76.467189  10
  158.696964  10
  243.103797  10
  363.975498  10
  515.616420  10
  697.970769  10
  910.902496  10
  1154.355216  10
  1428.300555  10
  0.001165  10.5
  110.799712  10.5
  151.046976  10.5
  243.643531  10.5
  363.959012  10.5
  515.616688  10.5
  697.970766  10.5
  910.902496  10.5
  1154.355216  10.5
  1428.300555  10.5
  59.062320  9
  69.608712  9
  145.346102  9
  232.139495  9
  353.216664  9
  505.035923  9
  687.488959  9
  900.482620  9
  1143.976760  9
  0.003021  9.5
  96.193168  9.5
  140.648119  9.5
  232.392487  9.5
  353.210738  9.5
  505.035995  9.5
  687.488959  9.5
  900.482620  9.5
  1143.976760  9.5
  50.052161  8
  63.142275  8
  133.889686  8
  222.398244  8
  343.664248  8
  495.616251  8
  678.144179  8
  891.184872  8
  0.007723  8.5
  82.925787  8.5
  131.222934  8.5
  222.504904  8.5
  343.662416  8.5
  495.616267  8.5
  678.144179  8.5
  891.184872  8.5
  41.398820  7
  57.136633  7
  124.199564  7
  213.867020  7
  335.292125  7
  487.341597  7
  669.925153  7
  0.019388  7.5
  71.131111  7.5
  122.825864  7.5
  213.906151  7.5
  335.291666  7.5
  487.341599  7.5
  669.925153  7.5
  33.306711  6
  51.661957  6
  116.124600  6
  206.528005  6
  328.078367  6
  480.198076  6
  0.047527  6.5
  60.916171  6.5
  115.500710  6.5
  206.539821  6.5
  328.078283  6.5
  480.198076  6.5
  25.962978  5
  46.789169  5
  109.517562  5
  200.361197  5
  322.004587  5
  0.112933  5.5
  52.359902  5.5
  109.279972  5.5
  200.363835  5.5
  322.004579  5.5
  19.516583  4
  42.590721  4
  104.253413  4
  195.346701  4
  0.257653  4.5
  45.506520  4.5
  104.184795  4.5
  195.347032  4.5
  14.066072  3
  39.143351  3
  100.237237  3
  0.558240  3.5
  40.354140  3.5
  100.225717  3.5
  9.653256  2
  36.533135  2
  1.136432  2.5
  36.844250  2.5
  6.259781  1
  2.156926  1.5
