  264.315630  10
  1090.766874  10
  2936.968130  10
  5705.104331  10
  9396.999407  10
  14012.196301  10
  19550.570390  10
  26012.074779  10
  33396.688586  10
  41704.401363  10
  40.655312  10.5
  1099.289205  10.5
  2936.921202  10.5
  5705.104422  10.5
  9396.999407  10.5
  14012.196301  10.5
  19550.570390  10.5
  26012.074779  10.5
  33396.688586  10.5
  41704.401363  10.5
  245.438428  9
  1081.148538  9
  2927.004255  9
  5695.364503  9
  9387.345925  9
  14002.586152  9
  19540.985047  9
  26002.504955  9
  33387.129116  9
  45.581305  9.5
  1087.366666  9.5
  2926.976865  9.5
  5695.364545  9.5
  9387.345925  9.5
  14002.586152  9.5
  19540.985047  9.5
  26002.504955  9.5
  33387.129116  9.5
  227.489138  8
  1072.447147  8
  2918.097842  8
  5686.653164  8
  9378.710603  8
  13993.988950  8
  19532.409660  8
  25993.943214  8
  50.990909  8.5
  1076.812445  8.5
  2918.082895  8.5
  5686.653182  8.5
  9378.710603  8.5
  13993.988950  8.5
  19532.409660  8.5
  25993.943214  8.5
  210.454803  7
  1064.683268  7
  2910.245776  7
  5678.969235  7
  9371.092772  7
  13986.404245  7
  19524.843906  7
  56.915261  7.5
  1067.600902  7.5
  2910.238299  7.5
  5678.969241  7.5
  9371.092772  7.5
  13986.404245  7.5
  19524.843906  7.5
  194.320713  6
  1057.878208  6
  2903.445427  6
  5672.311760  6
  9364.491842  6
  13979.831638  6
  63.385583  6.5
  1059.705765  6.5
  2903.442103  6.5
  5672.311762  6.5
  9364.491842  6.5
  13979.831638  6.5
  179.070432  5
  1052.054020  5
  2897.694618  5
  5666.679913  5
  9358.907304  5
  70.432993  5.5
  1053.100293  5.5
  2897.693371  5.5
  5666.679913  5.5
  9358.907304  5.5
  164.685831  4
  1047.233498  4
  2892.991594  4
  5662.072992  4
  78.088320  4.5
  1047.757435  4.5
  2892.991238  4.5
  5662.072992  4.5
  151.147136  3
  1043.440161  3
  2889.334990  3
  86.381923  3.5
  1043.649985  3.5
  2889.334931  3.5
  138.432988  2
  1040.698227  2
  95.343523  2.5
  1040.750727  2.5
  126.520515  1
  105.002032  1.5
