  38.092442  10
  38.092442  10
  102.192734  10
  102.192738  10
  150.072693  10
  150.082661  10
  180.127350  10
  182.135417  10
  195.792248  10
  208.157854  10
  -0.000000  10.5
  72.159339  10.5
  72.159339  10.5
  128.176922  10.5
  128.177175  10.5
  167.694318  10.5
  167.906392  10.5
  187.716405  10.5
  194.680670  10.5
  208.216113  10.5
  34.081920  9
  34.081920  9
  90.156446  9
  90.156503  9
  129.914359  9
  130.003315  9
  150.706675  9
  155.867099  9
  168.091461  9
  -0.000000  9.5
  64.137455  9.5
  64.137455  9.5
  112.115150  9.5
  112.118269  9.5
  142.934268  9.5
  144.082861  9.5
  157.501149  9.5
  167.986377  9.5
  30.071352  8
  30.071352  8
  78.117194  8
  78.118002  8
  109.479964  8
  110.067827  8
  123.519338  8
  132.110008  8
  -0.000000  8.5
  56.115115  8.5
  56.115125  8.5
  96.026690  8.5
  96.059265  8.5
  117.652785  8.5
  121.249707  8.5
  132.294825  8.5
  26.060709  7
  26.060710  7
  66.068399  7
  66.078369  7
  88.483284  7
  90.797723  7
  100.833818  7
  0.000000  7.5
  48.091913  7.5
  48.092073  7.5
  79.804245  7.5
  80.067198  7.5
  93.771763  7.5
  100.519486  7.5
  22.049926  6
  22.049946  6
  53.966086  6
  54.065028  6
  68.169310  6
  73.201751  6
  0.000000  6.5
  40.066094  6.5
  40.068445  6.5
  63.143696  6.5
  64.479858  6.5
  73.712810  6.5
  18.038722  5
  18.039075  5
  41.603758  5
  42.266208  5
  50.922795  5
  0.000000  5.5
  32.023954  5.5
  32.053021  5.5
  46.627849  5.5
  50.139780  5.5
  14.024424  4
  14.029969  4
  29.079306  4
  31.313270  4
  0.000000  4.5
  23.868179  4.5
  24.129837  4.5
  32.428190  4.5
  9.978745  3
  10.047856  3
  18.163096  3
  0.000000  3.5
  15.473878  3.5
  16.700247  3.5
  5.778141  2
  6.279024  2
  0.000008  2.5
  8.046776  2.5
  2.007793  1
  0.002602  1.5
