  65.763238  10
  71.648162  10
  148.654592  10
  220.577694  10
  326.194953  10
  458.722966  10
  618.190443  10
  804.440820  10
  1017.411598  10
  1257.071323  10
  0.000495  10.5
  107.149764  10.5
  139.515667  10.5
  221.345246  10.5
  326.167675  10.5
  458.723479  10.5
  618.190438  10.5
  804.440820  10.5
  1017.411598  10.5
  1257.071323  10.5
  57.106283  9
  64.964235  9
  134.800114  9
  209.445333  9
  315.255766  9
  447.988565  9
  607.567366  9
  793.887584  9
  1006.905052  9
  0.001392  9.5
  92.609763  9.5
  129.114379  9.5
  209.806762  9.5
  315.245943  9.5
  447.988702  9.5
  607.567365  9.5
  793.887584  9.5
  1006.905052  9.5
  48.505939  8
  58.632331  8
  122.918001  8
  199.554327  8
  305.555971  8
  438.439020  8
  598.101769  8
  784.474687  8
  0.003858  8.5
  79.318947  8.5
  119.656175  8.5
  199.707201  8.5
  305.552930  8.5
  438.439049  8.5
  598.101769  8.5
  784.474687  8.5
  40.148967  7
  52.725364  7
  112.900396  7
  190.895188  7
  297.063929  7
  430.055881  7
  589.780495  7
  0.010498  7.5
  67.440530  7.5
  111.206746  7.5
  190.951401  7.5
  297.063165  7.5
  430.055886  7.5
  589.780495  7.5
  32.254187  6
  47.318833  6
  104.593548  6
  183.451004  6
  289.753502  6
  422.822950  6
  0.027891  6.5
  57.106168  6.5
  103.820075  6.5
  183.468006  6.5
  289.753363  6.5
  422.822951  6.5
  25.036571  5
  42.489343  5
  97.832924  5
  177.200801  5
  283.603011  5
  0.071773  5.5
  48.416340  5.5
  97.537298  5.5
  177.204602  5.5
  283.602997  5.5
  18.676208  4
  38.314642  4
  92.471820  4
  172.122627  4
  0.176977  4.5
  41.435258  4.5
  92.386245  4.5
  172.123104  4.5
  13.298824  3
  34.876003  3
  88.396332  3
  0.412698  3.5
  36.178733  3.5
  88.381944  3.5
  8.965838  2
  32.263596  2
  0.897855  2.5
  32.599722  2.5
  5.669315  1
  1.803386  1.5
