  41.231325  10
  41.232138  10
  108.079183  10
  108.699163  10
  146.132513  10
  161.396908  10
  190.486511  10
  224.400852  10
  264.112622  10
  309.238781  10
  0.000000  10.5
  77.477984  10.5
  77.512265  10.5
  130.761540  10.5
  135.601927  10.5
  163.807330  10.5
  190.259310  10.5
  224.411438  10.5
  264.112373  10.5
  309.238783  10.5
  36.858776  9
  36.861842  9
  94.255356  9
  95.802428  9
  125.230933  9
  144.524124  9
  173.727884  9
  208.310606  9
  248.377652  9
  0.000000  9.5
  68.656717  9.5
  68.766148  9.5
  111.478075  9.5
  119.726980  9.5
  145.306706  9.5
  173.681072  9.5
  208.311922  9.5
  248.377638  9.5
  32.481138  8
  32.492333  8
  79.987325  8
  83.316802  8
  107.372934  8
  129.613311  8
  159.191468  8
  194.189494  8
  0.000000  8.5
  59.740065  8.5
  60.066496  8.5
  93.086537  8.5
  105.112084  8.5
  129.803600  8.5
  159.184806  8.5
  194.189579  8.5
  28.090000  7
  28.129152  7
  65.595728  7
  71.560584  7
  92.785555  7
  116.731109  7
  146.675079  7
  0.000000  7.5
  50.617973  7.5
  51.500294  7.5
  76.629662  7.5
  92.102900  7.5
  116.762864  7.5
  146.674581  7.5
  23.661528  6
  23.790462  6
  51.935453  6
  60.902664  6
  81.065485  6
  105.832816  6
  0.000000  6.5
  41.184287  6.5
  43.239397  6.5
  62.906321  6.5
  80.926571  6.5
  105.835604  6.5
  19.138402  5
  19.526208  5
  39.954127  5
  51.684781  5
  71.676491  5
  0.000002  5.5
  31.636407  5.5
  35.552966  5.5
  52.215451  5.5
  71.661659  5.5
  14.441630  4
  15.448708  4
  30.377032  4
  44.146237  4
  0.000038  4.5
  22.690740  4.5
  28.772878  4.5
  44.219134  4.5
  9.668919  3
  11.755516  3
  23.536371  3
  0.000632  3.5
  15.187356  3.5
  23.224704  3.5
  5.382163  2
  8.711042  2
  0.009205  2.5
  9.718590  2.5
  2.282402  1
  0.099698  1.5
