  38.200620  10
  38.200620  10
  102.417599  10
  102.417653  10
  150.126339  10
  150.192430  10
  178.087892  10
  182.918661  10
  198.073654  10
  214.449060  10
  -0.000000  10.5
  72.345651  10.5
  72.345651  10.5
  128.380678  10.5
  128.383210  10.5
  167.087325  10.5
  167.976801  10.5
  186.337801  10.5
  197.650295  10.5
  214.464439  10.5
  34.177779  9
  34.177779  9
  90.338455  9
  90.339030  9
  129.697845  9
  130.088297  9
  149.236205  9
  157.979514  9
  172.964912  9
  -0.000000  9.5
  64.298119  9.5
  64.298127  9.5
  112.239190  9.5
  112.260229  9.5
  141.569968  9.5
  144.564019  9.5
  158.736850  9.5
  172.931903  9.5
  30.154835  8
  30.154836  8
  78.251241  8
  78.256761  8
  108.712725  8
  110.360540  8
  123.957754  8
  135.879964  8
  0.000000  8.5
  56.249553  8.5
  56.249651  8.5
  96.012735  8.5
  96.160036  8.5
  116.331020  8.5
  122.686362  8.5
  135.949157  8.5
  26.131723  7
  26.131734  7
  66.134133  7
  66.180078  7
  87.452084  7
  91.724786  7
  103.426122  7
  0.000000  7.5
  48.198779  7.5
  48.199877  7.5
  79.469722  7.5
  80.249710  7.5
  93.698148  7.5
  103.285549  7.5
  22.108264  6
  22.108401  6
  53.878724  6
  54.183472  6
  67.851253  6
  75.135314  6
  0.000000  6.5
  40.140001  6.5
  40.150962  6.5
  62.457002  6.5
  65.041085  6.5
  75.408774  6.5
  18.083528  5
  18.085183  5
  41.237211  5
  42.578486  5
  51.908161  5
  0.000000  5.5
  32.036892  5.5
  32.128395  5.5
  46.262800  5.5
  51.408143  5.5
  14.050080  4
  14.067732  4
  28.779750  4
  32.074123  4
  0.000000  4.5
  23.732088  4.5
  24.282269  4.5
  32.912257  4.5
  9.955290  3
  10.104033  3
  18.353058  3
  0.000000  3.5
  15.282670  3.5
  17.095907  3.5
  5.691654  2
  6.432608  2
  0.000036  2.5
  8.101691  2.5
  2.016933  1
  0.005666  1.5
