  112.073935  10
  237.787646  10
  580.262796  10
  1084.173875  10
  1757.697543  10
  2599.998882  10
  3610.929964  10
  4790.433432  10
  6138.483627  10
  7655.067662  10
  1.292041  10.5
  256.555300  10.5
  579.655072  10.5
  1084.180407  10.5
  1757.697510  10.5
  2599.998882  10.5
  3610.929964  10.5
  4790.433432  10.5
  6138.483627  10.5
  7655.067662  10.5
  98.679151  9
  229.245344  9
  569.910491  9
  1074.244506  9
  1747.886365  9
  2590.248327  9
  3601.214259  9
  4780.739592  9
  6128.804399  9
  1.794066  9.5
  243.129285  9.5
  569.554709  9.5
  1074.247524  9.5
  1747.886353  9.5
  2590.248327  9.5
  3601.214259  9.5
  4780.739592  9.5
  6128.804399  9.5
  86.237849  8
  221.427826  8
  560.716346  8
  1065.378054  8
  1739.119182  8
  2581.531714  8
  3592.526700  8
  4772.070252  8
  2.468062  8.5
  231.298642  8.5
  560.521689  8.5
  1065.379313  8.5
  1739.119178  8.5
  2581.531714  8.5
  3592.526700  8.5
  4772.070252  8.5
  74.767424  7
  214.368495  7
  552.654471  7
  1057.568728  7
  1731.392235  7
  2573.846516  7
  3584.865471  7
  3.361202  7.5
  221.041012  7.5
  552.556891  7.5
  1057.569186  7.5
  1731.392235  7.5
  2573.846516  7.5
  3584.865471  7.5
  64.275627  6
  208.102997  6
  545.703508  6
  1050.811338  6
  1724.702216  6
  2567.190507  6
  4.528414  6.5
  212.324254  6.5
  545.660047  6.5
  1050.811476  6.5
  1724.702216  6.5
  2567.190507  6.5
  54.760381  5
  202.669731  5
  539.846286  5
  1045.101334  5
  1719.046262  5
  6.031754  5.5
  205.106921  5.5
  539.829959  5.5
  1045.101365  5.5
  1719.046262  5.5
  46.209651  4
  198.110340  4
  535.069422  4
  1040.434836  4
  7.939169  4.5
  199.339303  4.5
  535.064751  4.5
  1040.434839  4.5
  38.601396  3
  194.470153  3
  531.362919  3
  10.322698  3.5
  194.964990  3.5
  531.362140  3.5
  31.903653  2
  191.798507  2
  13.256267  2.5
  191.922800  2.5
  26.074835  1
  16.813288  1.5
