  2983.842553  10
  22108.703373  10
  61311.468787  10
  120119.424270  10
  198531.006118  10
  296545.796657  10
  414163.676579  10
  551384.601133  10
  708208.550432  10
  884635.514528  10
  1991.868277  10.5
  22110.577117  10.5
  61311.468309  10.5
  120119.424270  10.5
  198531.006118  10.5
  296545.796657  10.5
  414163.676579  10.5
  551384.601133  10.5
  708208.550432  10.5
  884635.514528  10.5
  2926.964582  9
  22098.266990  9
  61301.570131  9
  120109.724385  9
  198521.385736  9
  296536.216035  9
  414154.118678  9
  551375.057434  9
  708199.016200  9
  2034.511022  9.5
  22099.629920  9.5
  61301.569852  9.5
  120109.724385  9.5
  198521.385736  9.5
  296536.216035  9.5
  414154.118678  9.5
  551375.057434  9.5
  708199.016200  9.5
  2870.885373  8
  22088.905568  8
  61292.713747  8
  120101.045693  8
  198512.778120  8
  296527.643962  8
  414145.566917  8
  551366.518369  8
  2077.850536  8.5
  22089.859748  8.5
  61292.713595  8.5
  120101.045693  8.5
  198512.778120  8.5
  296527.643962  8.5
  414145.566917  8.5
  551366.518369  8.5
  2815.599770  7
  22080.624578  7
  61284.899530  7
  120093.388142  7
  198505.183239  7
  296520.080419  7
  414138.021282  7
  2121.892943  7.5
  22081.260774  7.5
  61284.899454  7.5
  120093.388142  7.5
  198505.183239  7.5
  296520.080419  7.5
  414138.021282  7.5
  2761.102555  6
  22073.429517  6
  61278.127388  6
  120086.751689  6
  198498.601064  6
  296513.525385  6
  2166.644319  6.5
  22073.827180  6.5
  61278.127355  6.5
  120086.751689  6.5
  198498.601064  6.5
  296513.525385  6.5
  2707.388441  5
  22067.325910  5
  61272.397244  5
  120081.136295  5
  198493.031572  5
  2212.110692  5.5
  22067.553166  5.5
  61272.397231  5.5
  120081.136295  5.5
  198493.031572  5.5
  2654.452080  4
  22062.319308  4
  61267.709031  4
  120076.541926  4
  2258.298043  4.5
  22062.432944  4.5
  61267.709028  4.5
  120076.541926  4.5
  2602.288058  3
  22058.415289  3
  61264.062697  3
  2305.212299  3.5
  22058.460746  3.5
  61264.062696  3.5
  2550.890902  2
  22055.619454  2
  2352.859335  2.5
  22055.630819  2.5
  2500.255076  1
  2401.244975  1.5
