  62.783372  10
  66.536247  10
  138.818729  10
  197.439784  10
  287.227396  10
  399.853861  10
  535.515878  10
  694.022318  10
  875.301815  10
  1079.318407  10
  0.000161  10.5
  103.355729  10.5
  127.619075  10.5
  198.612268  10.5
  287.177109  10.5
  399.854992  10.5
  535.515864  10.5
  694.022319  10.5
  875.301815  10.5
  1079.318407  10.5
  54.770229  9
  60.074598  9
  124.330539  9
  186.082785  9
  276.027399  9
  388.900114  9
  524.691853  9
  683.279662  9
  864.613515  9
  0.000504  9.5
  88.970420  9.5
  117.229818  9.5
  186.639208  9.5
  276.009239  9.5
  388.900417  9.5
  524.691850  9.5
  683.279662  9.5
  864.613515  9.5
  46.705312  8
  53.914017  8
  111.877495  8
  175.986581  8
  266.116083  8
  379.165719  8
  515.054595  8
  673.703357  8
  0.001554  8.5
  75.694821  8.5
  107.737328  8.5
  176.223218  8.5
  266.110448  8.5
  379.165784  8.5
  515.054595  8.5
  673.703357  8.5
  38.747422  7
  48.131492  7
  101.399954  7
  167.149236  7
  257.452784  7
  370.628383  7
  506.588201  7
  0.004704  7.5
  63.737230  7.5
  99.222953  7.5
  167.236578  7.5
  257.451366  7.5
  370.628393  7.5
  506.588201  7.5
  31.118224  6
  42.808944  6
  92.758421  6
  159.557031  6
  250.004755  6
  363.268528  6
  0.013899  6.5
  53.266123  6.5
  91.755298  6.5
  159.583515  6.5
  250.004496  6.5
  363.268529  6.5
  24.062092  5
  38.030597  5
  85.773892  5
  153.188824  5
  243.745313  5
  0.039759  5.5
  44.412632  5.5
  85.388251  5.5
  153.194754  5.5
  243.745287  5.5
  17.800208  4
  33.881749  4
  80.271852  4
  148.020379  4
  0.108764  4.5
  37.268455  4.5
  80.159819  4.5
  148.021124  4.5
  12.497319  3
  30.450265  3
  76.111000  3
  0.280025  3.5
  31.874415  3.5
  76.092123  3.5
  8.244162  2
  27.832009  2
  0.666549  2.5
  28.201607  2.5
  5.049220  1
  1.445213  1.5
