  82.701039  10
  116.643920  10
  255.952390  10
  443.812775  10
  697.884335  10
  1015.986318  10
  1397.947219  10
  1843.686255  10
  2353.167466  10
  2926.372746  10
  0.049534  10.5
  144.059432  10.5
  253.318768  10.5
  443.891363  10.5
  697.883249  10.5
  1015.986326  10.5
  1397.947219  10.5
  1843.686255  10.5
  2353.167466  10.5
  2926.372746  10.5
  71.297839  9
  108.960624  9
  244.593663  9
  433.499499  9
  687.744381  9
  1005.944691  9
  1387.961970  9
  1833.736427  9
  2343.241338  9
  0.090868  9.5
  129.677411  9.5
  243.034907  9.5
  433.535931  9.5
  687.743993  9.5
  1005.944693  9.5
  1387.961970  9.5
  1833.736427  9.5
  2343.241338  9.5
  60.591756  8
  101.846005  8
  234.667730  8
  424.315696  8
  678.703154  8
  996.980967  8
  1379.042787  8
  1824.845227  8
  0.164401  8.5
  116.884656  8.5
  233.807636  8.5
  424.330930  8.5
  678.703034  8.5
  996.980968  8.5
  1379.042787  8.5
  1824.845227  8.5
  50.689387  7
  95.347038  7
  226.087005  7
  416.248283  7
  670.750048  7
  989.088159  7
  1371.184667  7
  0.292525  7.5
  105.717873  7.5
  225.653033  7.5
  416.253839  7.5
  670.750018  7.5
  989.088159  7.5
  1371.184667  7.5
  41.676656  6
  89.511912  6
  218.776501  6
  409.284681  6
  663.875813  6
  982.260117  6
  0.510265  6.5
  96.195626  6.5
  218.582250  6.5
  409.286352  6.5
  663.875807  6.5
  982.260117  6.5
  33.616026  5
  84.391139  5
  212.675099  5
  403.413298  5
  658.072493  5
  0.869538  5.5
  88.314448  5.5
  212.601854  5.5
  403.413670  5.5
  658.072493  5.5
  26.544746  4
  80.039132  4
  207.735381  4
  398.623904  4
  1.442556  4.5
  82.045448  4.5
  207.714367  4.5
  398.623950  4.5
  20.473676  3
  76.516225  3
  203.922557  3
  2.322673  3.5
  77.333110  3.5
  203.919044  3.5
  15.386492  2
  73.890902  2
  3.621235  2.5
  74.097738  2.5
  11.239424  1
  5.460213  1.5
