  44.681787  10
  44.700112  10
  112.111356  10
  116.827487  10
  152.305900  10
  184.210287  10
  227.048202  10
  277.659909  10
  335.969221  10
  401.833093  10
  0.000000  10.5
  82.935744  10.5
  83.420062  10.5
  131.512274  10.5
  148.584772  10.5
  184.589866  10.5
  227.029083  10.5
  277.660435  10.5
  335.969213  10.5
  401.833093  10.5
  39.888313  9
  39.937063  9
  96.200013  9
  103.838284  9
  135.597672  9
  169.711505  9
  212.944639  9
  263.880591  9
  322.396090  9
  0.000000  9.5
  72.975413  9.5
  74.040630  9.5
  112.868245  9.5
  134.040920  9.5
  169.819766  9.5
  212.940921  9.5
  263.880654  9.5
  322.396090  9.5
  35.065787  8
  35.191075  8
  80.688767  8
  91.730794  8
  121.599389  8
  156.981378  8
  200.544798  8
  251.707983  8
  0.000000  8.5
  62.730973  8.5
  64.887215  8.5
  96.516317  8.5
  121.067249  8.5
  157.005691  8.5
  200.544289  8.5
  251.707987  8.5
  30.181176  7
  30.488478  7
  66.292829  7
  80.759511  7
  109.900922  7
  145.961719  7
  189.769119  7
  0.000001  7.5
  52.223292  7.5
  56.127006  7.5
  82.841319  7.5
  109.758506  7.5
  145.965583  7.5
  189.769082  7.5
  25.177771  6
  25.882895  6
  53.648074  6
  71.138911  6
  100.157024  6
  136.579853  6
  0.000008  6.5
  41.770761  6.5
  47.974809  6.5
  71.841107  6.5
  100.129975  6.5
  136.580182  6.5
  20.003469  5
  21.469365  5
  43.231223  5
  63.013940  5
  92.143293  5
  0.000071  5.5
  31.965000  5.5
  40.668042  5.5
  63.181259  5.5
  92.140513  5.5
  14.738506  4
  17.391177  4
  35.266727  4
  56.446633  4
  0.000643  4.5
  23.414958  4.5
  34.433924  4.5
  56.468394  4.5
  9.749752  3
  13.829866  3
  29.609170  3
  0.005387  3.5
  16.579641  3.5
  29.459917  3.5
  5.574969  2
  10.982560  2
  0.039445  2.5
  11.755522  2.5
  2.608265  1
  0.226984  1.5
