  38.855143  10
  38.855146  10
  103.758678  10
  103.766700  10
  149.559481  10
  151.361897  10
  174.162878  10
  190.578248  10
  213.672693  10
  240.405655  10
  0.000000  10.5
  73.469282  10.5
  73.469482  10.5
  129.479092  10.5
  129.648885  10.5
  162.745255  10.5
  170.611316  10.5
  191.015583  10.5
  213.650594  10.5
  240.406073  10.5
  34.757585  9
  34.757602  9
  91.400635  9
  91.441485  9
  127.370281  9
  131.770023  9
  150.611884  9
  169.778783  9
  193.492980  9
  0.000000  9.5
  65.265261  9.5
  65.266502  9.5
  112.639695  9.5
  113.294315  9.5
  137.540517  9.5
  149.608499  9.5
  169.842022  9.5
  193.491589  9.5
  30.659523  8
  30.659640  8
  78.956005  8
  79.142659  8
  105.528200  8
  113.512926  8
  131.155678  8
  151.675876  8
  0.000000  8.5
  57.054091  8.5
  57.061351  8.5
  95.269245  8.5
  97.292633  8.5
  115.564457  8.5
  130.983559  8.5
  151.680409  8.5
  26.560430  7
  26.561217  7
  66.261209  7
  66.983762  7
  85.749909  7
  97.227165  7
  114.971182  7
  0.000000  7.5
  48.821526  7.5
  48.860640  7.5
  77.547186  7.5
  82.128424  7.5
  97.663601  7.5
  114.956829  7.5
  22.458228  6
  22.463244  6
  53.123549  6
  55.259680  6
  69.431208  6
  83.329059  6
  0.000000  6.5
  40.513708  6.5
  40.700421  6.5
  60.754359  6.5
  68.435119  6.5
  83.372789  6.5
  18.343189  5
  18.372634  5
  40.046238  5
  44.485623  5
  56.903717  5
  0.000000  5.5
  31.981685  5.5
  32.711568  5.5
  46.439957  5.5
  56.777715  5.5
  14.173294  4
  14.324585  4
  28.419360  4
  35.267544  4
  0.000000  4.5
  23.176414  4.5
  25.215927  4.5
  35.600060  4.5
  9.840788  3
  10.447935  3
  19.487000  3
  0.000012  3.5
  14.902527  3.5
  18.728898  3.5
  5.483235  2
  7.051597  2
  0.000647  2.5
  8.437995  2.5
  2.072721  1
  0.024626  1.5
