  47.805959  10
  47.896460  10
  114.550674  10
  125.709735  10
  165.484216  10
  209.708657  10
  265.150293  10
  330.380019  10
  405.257632  10
  489.687926  10
  0.000000  10.5
  87.283339  10.5
  89.049458  10.5
  135.399118  10.5
  163.958598  10.5
  209.811725  10.5
  265.146587  10.5
  330.380093  10.5
  405.257631  10.5
  489.687926  10.5
  42.590981  9
  42.791754  9
  97.969149  9
  112.944265  9
  150.992120  9
  196.426274  9
  252.198594  9
  317.653416  9
  392.678485  9
  0.000000  9.5
  76.119878  9.5
  79.277828  9.5
  118.369721  9.5
  150.401655  9.5
  196.454775  9.5
  252.197885  9.5
  317.653425  9.5
  392.678485  9.5
  37.306664  8
  37.735972  8
  82.553458  8
  101.281865  8
  138.601553  8
  184.735366  8
  240.759273  8
  306.375947  8
  0.000001  8.5
  64.729083  8.5
  69.910528  8.5
  103.898441  8.5
  138.409607  8.5
  184.741635  8.5
  240.759177  8.5
  306.375947  8.5
  31.903639  7
  32.776539  7
  68.813947  7
  90.890593  7
  128.038831  7
  174.576852  7
  230.780617  7
  0.000010  7.5
  53.406032  7.5
  61.124990  7.5
  91.942552  7.5
  127.989022  7.5
  174.577835  7.5
  230.780610  7.5
  26.336763  6
  27.990402  6
  57.145932  6
  81.888866  6
  119.117116  6
  165.892986  6
  0.000067  6.5
  42.638231  6.5
  53.113229  6.5
  82.225379  6.5
  119.107832  6.5
  165.893069  6.5
  20.643650  5
  23.488262  5
  47.773719  5
  74.337126  5
  111.714749  5
  0.000445  5.5
  32.937946  5.5
  46.061841  5.5
  74.414920  5.5
  111.713806  5.5
  15.056444  4
  19.410058  4
  40.663178  4
  68.241931  4
  0.002823  4.5
  24.720615  4.5
  40.133446  4.5
  68.251888  4.5
  9.991884  3
  15.912149  3
  35.544612  3
  0.016585  3.5
  18.282669  3.5
  35.452261  3.5
  5.867446  2
  13.155429  2
  0.085836  2.5
  13.805620  2.5
  2.928571  1
  0.362862  1.5
