  52.276022  10
  52.692458  10
  118.682647  10
  141.389675  10
  191.814114  10
  253.184366  10
  328.047063  10
  415.797634  10
  516.314988  10
  629.533982  10
  0.000001  10.5
  92.464048  10.5
  98.046045  10.5
  146.581431  10.5
  191.322080  10.5
  253.206583  10.5
  328.046508  10.5
  415.797642  10.5
  516.314988  10.5
  629.533982  10.5
  46.361017  9
  47.134114  9
  102.272109  9
  129.066022  9
  178.966496  9
  240.960297  9
  316.064844  9
  403.969804  9
  504.589559  9
  0.000005  9.5
  79.771545  9.5
  87.934305  9.5
  131.726446  9.5
  178.783848  9.5
  240.966333  9.5
  316.064738  9.5
  403.969805  9.5
  504.589559  9.5
  40.312229  8
  41.690746  8
  87.596072  8
  117.982164  8
  167.773261  8
  230.159210  8
  305.442915  8
  393.460680  8
  0.000023  8.5
  67.290899  8.5
  78.435198  8.5
  119.175854  8.5
  167.715485  8.5
  230.160521  8.5
  305.442901  8.5
  393.460680  8.5
  34.102028  7
  36.431452  7
  74.941034  7
  108.219455  7
  158.100638  7
  220.736232  7
  296.147633  7
  0.000115  7.5
  55.437093  7.5
  69.701679  7.5
  108.675857  7.5
  158.085909  7.5
  220.736436  7.5
  296.147632  7.5
  27.775376  6
  31.447915  6
  64.464484  6
  99.820062  6
  149.855567  6
  212.650922  6
  0.000563  6.5
  44.616395  6.5
  61.880191  6.5
  99.961599  6.5
  149.852852  6.5
  212.650939  6.5
  21.515983  5
  26.851029  5
  56.142226  5
  92.790338  5
  142.971738  5
  0.002661  5.5
  35.164548  5.5
  55.100345  5.5
  92.822475  5.5
  142.971464  5.5
  15.644150  4
  22.763567  4
  49.778198  4
  87.110001  4
  0.011986  4.5
  27.335344  4.5
  49.466655  4.5
  87.114074  4.5
  10.515899  3
  19.312652  3
  45.106057  3
  0.050179  3.5
  21.305809  3.5
  45.052727  3.5
  6.405507  2
  16.628360  2
  0.187660  2.5
  17.162279  2.5
  3.440172  1
  0.598208  1.5
