  46.236768  10
  46.280766  10
  113.357475  10
  121.050841  10
  158.207414  10
  196.401272  10
  245.458313  10
  303.292193  10
  369.774353  10
  444.790818  10
  0.000000  10.5
  85.179594  10.5
  86.172631  10.5
  133.028042  10.5
  155.844865  10.5
  196.593323  10.5
  245.450240  10.5
  303.292380  10.5
  369.774351  10.5
  444.790818  10.5
  41.239463  9
  41.345454  9
  96.987040  9
  108.155055  9
  142.767267  9
  182.579485  9
  232.003480  9
  290.103387  9
  356.758009  9
  0.000000  9.5
  74.625725  9.5
  76.578472  9.5
  115.161507  9.5
  141.824786  9.5
  182.633233  9.5
  232.001925  9.5
  290.103410  9.5
  356.758009  9.5
  36.194795  8
  36.441196  8
  81.446207  8
  96.269599  8
  129.698414  8
  170.431074  8
  220.142948  8
  278.432270  8
  0.000000  8.5
  63.779325  8.5
  67.301170  8.5
  99.792768  8.5
  129.386062  8.5
  170.442994  8.5
  220.142736  8.5
  278.432271  8.5
  31.059456  7
  31.605136  7
  67.350723  7
  85.603800  7
  118.651079  7
  159.894194  7
  209.813922  7
  0.000003  7.5
  52.807159  7.5
  58.518001  7.5
  87.067345  7.5
  118.569044  7.5
  159.896072  7.5
  209.813907  7.5
  25.776196  6
  26.903961  6
  55.203330  6
  76.318640  6
  109.373022  6
  150.903420  6
  0.000025  6.5
  42.151019  6.5
  50.435166  6.5
  76.796783  6.5
  109.357616  6.5
  150.903579  6.5
  20.331172  5
  22.442845  5
  45.345059  5
  68.509777  5
  101.702934  5
  0.000194  5.5
  32.382504  5.5
  43.264100  5.5
  68.621644  5.5
  101.701361  5.5
  14.888100  4
  18.365208  4
  37.853876  4
  62.205288  4
  0.001442  4.5
  24.005178  4.5
  37.196564  4.5
  62.219699  4.5
  9.855169  3
  14.839834  3
  32.500125  3
  0.009949  3.5
  17.383759  3.5
  32.384229  3.5
  5.710581  2
  12.043682  2
  0.060185  2.5
  12.749285  2.5
  2.764385  1
  0.291988  1.5
