  849.227076  10
  5192.196736  10
  14323.848187  10
  28023.643249  10
  46291.020321  10
  69125.557295  10
  96527.133998  10
  128495.705334  10
  165031.251252  10
  206133.761725  10
  367.343372  10.5
  5196.070526  10.5
  14323.843931  10.5
  28023.643251  10.5
  46291.020321  10.5
  69125.557295  10.5
  96527.133998  10.5
  128495.705334  10.5
  165031.251252  10.5
  206133.761725  10.5
  817.706377  9
  5182.018428  9
  14313.939763  9
  28013.936879  9
  46281.394565  9
  69115.971877  9
  96517.571639  9
  128486.157390  9
  165021.712920  9
  384.676971  9.5
  5184.837565  9.5
  14313.937281  9.5
  28013.936880  9.5
  46281.394565  9.5
  69115.971877  9.5
  96517.571639  9.5
  128486.157390  9.5
  165021.712920  9.5
  787.030907  8
  5172.864234  8
  14305.075778  8
  28005.252887  8
  46272.782450  8
  69107.395723  8
  96509.016041  8
  128477.614642  8
  402.646381  8.5
  5174.838779  8.5
  14305.074424  8.5
  28005.252887  8.5
  46272.782450  8.5
  69107.395723  8.5
  96509.016041  8.5
  128477.614642  8.5
  757.191312  7
  5164.744916  7
  14297.255727  7
  27997.591053  7
  46265.183841  7
  69099.828741  7
  96501.467137  7
  421.265030  7.5
  5166.061956  7.5
  14297.255050  7.5
  27997.591053  7.5
  46265.183841  7.5
  69099.828741  7.5
  96501.467137  7.5
  728.177923  6
  5157.671374  6
  14290.479177  6
  27990.951186  6
  46258.598619  6
  69093.270853  6
  440.546206  6.5
  5158.494891  6.5
  14290.478876  6.5
  27990.951186  6.5
  46258.598619  6.5
  69093.270853  6.5
  699.980765  5
  5151.654645  5
  14284.745763  5
  27985.333119  5
  46253.026683  5
  460.503036  5.5
  5152.125403  5.5
  14284.745650  5.5
  27985.333119  5.5
  46253.026683  5.5
  672.589562  4
  5146.705891  4
  14280.055181  4
  27980.736711  4
  481.148475  4.5
  5146.941342  4.5
  14280.055149  4.5
  27980.736711  4.5
  645.993745  3
  5142.836403  3
  14276.407191  3
  502.495296  3.5
  5142.930606  3.5
  14276.407185  3.5
  620.182458  2
  5140.057591  2
  524.556069  2.5
  5140.081146  2.5
  595.144572  1
  547.343155  1.5
