  38.025729  10
  38.025729  10
  102.053695  10
  102.053695  10
  150.022101  10
  150.022520  10
  181.564789  10
  181.925883  10
  195.513201  10
  202.721787  10
  -0.000000  10.5
  72.044360  10.5
  72.044360  10.5
  128.049453  10.5
  128.049458  10.5
  167.939296  10.5
  167.956823  10.5
  190.074014  10.5
  192.762192  10.5
  202.994727  10.5
  34.022801  9
  34.022801  9
  90.043617  9
  90.043618  9
  129.986460  9
  129.993636  9
  152.644895  9
  154.526265  9
  164.122654  9
  0.000000  9.5
  64.038272  9.5
  64.038272  9.5
  112.032692  9.5
  112.032822  9.5
  143.766314  9.5
  143.958759  9.5
  157.797339  9.5
  163.729275  9.5
  30.019861  8
  30.019861  8
  78.032808  8
  78.032842  8
  109.891882  8
  109.985351  8
  124.134113  8
  128.871690  8
  -0.000000  8.5
  56.032059  8.5
  56.032060  8.5
  96.011214  8.5
  96.013799  8.5
  119.113972  8.5
  120.350078  8.5
  129.423668  8.5
  26.016899  7
  26.016899  7
  66.020201  7
  66.020984  7
  89.473000  7
  90.222577  7
  98.891990  7
  -0.000000  7.5
  48.025626  7.5
  48.025633  7.5
  79.962938  7.5
  80.003293  7.5
  94.492756  7.5
  98.142193  7.5
  22.013901  6
  22.013902  6
  53.997271  6
  54.012124  6
  68.847308  6
  71.533110  6
  0.000000  6.5
  40.018671  6.5
  40.018854  6.5
  63.724014  6.5
  64.133588  6.5
  72.513822  6.5
  18.010818  5
  18.010845  5
  41.879867  5
  42.074034  5
  50.266479  5
  0.000000  5.5
  32.008643  5.5
  32.012951  5.5
  47.176953  5.5
  49.036273  5.5
  14.007171  4
  14.007987  4
  29.465635  4
  30.643479  4
  0.000000  4.5
  23.961694  4.5
  24.036098  4.5
  32.120702  4.5
  9.993967  3
  10.013306  3
  18.045470  3
  0.000000  3.5
  15.701435  3.5
  16.346975  3.5
  5.876161  2
  6.139734  2
  0.000001  2.5
  8.013005  2.5
  2.002167  1
  0.000723  1.5
