  42.388387  10
  42.391444  10
  109.718721  10
  111.254948  10
  146.867441  10
  168.271679  10
  201.970595  10
  241.758295  10
  287.924399  10
  340.226911  10
  0.000000  10.5
  79.369388  10.5
  79.476428  10.5
  130.725474  10.5
  139.427024  10.5
  169.490527  10.5
  201.882856  10.5
  241.761593  10.5
  287.924335  10.5
  340.226912  10.5
  37.878463  9
  37.888408  9
  95.065198  9
  98.258084  9
  127.534168  9
  152.375087  9
  186.410992  9
  226.685152  9
  273.137928  9
  0.000000  9.5
  70.200948  9.5
  70.493628  9.5
  111.333148  9.5
  124.005221  9.5
  152.744149  9.5
  186.393450  9.5
  226.685556  9.5
  273.137924  9.5
  33.358061  8
  33.389358  8
  80.131179  8
  85.861717  8
  111.345137  8
  138.397539  8
  172.822136  8
  213.419135  8
  0.000000  8.5
  60.865109  8.5
  61.608996  8.5
  93.516166  8.5
  110.020925  8.5
  138.483589  8.5
  172.819689  8.5
  213.419161  8.5
  28.811451  7
  28.905686  7
  65.549809  7
  74.379348  7
  98.086092  7
  126.327306  7
  161.071017  7
  0.000000  7.5
  51.246809  7.5
  52.946548  7.5
  78.072738  7.5
  97.710671  7.5
  126.341309  7.5
  161.070837  7.5
  24.201068  6
  24.467661  6
  52.180769  6
  64.126249  6
  87.269325  6
  116.093293  6
  0.000001  6.5
  41.364324  6.5
  44.708072  6.5
  65.482877  6.5
  87.195619  6.5
  116.094503  6.5
  19.457827  5
  20.144129  5
  40.777053  5
  55.360556  5
  78.493207  5
  0.000009  5.5
  31.639506  5.5
  37.162323  5.5
  55.701303  5.5
  78.485488  5.5
  14.540426  4
  16.064972  4
  31.856511  4
  48.237558  4
  0.000125  4.5
  22.817782  4.5
  30.603164  4.5
  48.283084  4.5
  9.665949  3
  12.426979  3
  25.531070  3
  0.001563  3.5
  15.579219  3.5
  25.296730  3.5
  5.424004  2
  9.467897  2
  0.016973  2.5
  10.377272  2.5
  2.388721  1
  0.139893  1.5
