  54.671564  10
  55.446725  10
  121.735035  10
  151.463616  10
  209.053379  10
  280.287630  10
  366.707403  10
  467.886240  10
  583.717199  10
  714.144752  10
  0.000004  10.5
  94.904957  10.5
  103.534634  10.5
  155.162023  10.5
  208.770144  10.5
  280.298346  10.5
  366.707176  10.5
  467.886243  10.5
  583.717199  10.5
  714.144752  10.5
  48.328297  9
  49.663542  9
  105.657009  9
  139.380423  9
  196.744577  9
  268.454918  9
  355.081517  9
  456.391049  9
  572.308939  9
  0.000017  9.5
  81.607469  9.5
  93.312385  9.5
  141.221313  9.5
  196.640551  9.5
  268.457816  9.5
  355.081474  9.5
  456.391049  9.5
  572.308939  9.5
  41.830213  8
  44.036352  8
  91.476380  8
  128.564518  8
  185.959707  8
  257.982043  8
  344.761656  8
  446.167264  8
  0.000074  8.5
  68.786237  8.5
  83.789229  8.5
  129.373517  8.5
  185.927040  8.5
  257.982670  8.5
  344.761651  8.5
  446.167264  8.5
  35.185978  7
  38.640639  7
  79.384586  7
  119.066752  7
  176.602569  7
  248.830913  7
  335.720007  7
  0.000321  7.5
  56.821841  7.5
  75.100442  7.5
  119.371897  7.5
  176.594282  7.5
  248.831010  7.5
  335.720007  7.5
  28.501446  6
  33.569472  6
  69.435883  6
  110.906376  6
  168.603679  6
  240.967669  6
  0.001362  6.5
  46.049762  6.5
  67.370518  6.5
  111.000211  6.5
  168.602157  6.5
  240.967677  6.5
  22.010259  5
  28.928970  5
  61.524801  5
  104.076318  5
  161.911344  5
  0.005593  5.5
  36.737292  5.5
  60.706068  5.5
  104.097516  5.5
  161.911190  5.5
  16.030801  4
  24.832050  4
  55.432623  4
  98.551793  4
  0.021910  4.5
  29.085326  4.5
  55.190333  4.5
  98.554471  4.5
  10.870799  3
  21.393873  3
  50.920894  3
  0.079929  3.5
  23.229568  3.5
  50.879648  3.5
  6.747315  2
  18.733593  2
  0.262550  2.5
  19.220745  2.5
  3.747613  1
  0.748807  1.5
