  42.981279  10
  42.986544  10
  110.433707  10
  112.626113  10
  147.819031  10
  172.128456  10
  208.195085  10
  250.840827  10
  300.193025  10
  356.047651  10
  0.000000  10.5
  80.317083  10.5
  80.487105  10.5
  130.783235  10.5
  141.603663  10.5
  173.010299  10.5
  208.138111  10.5
  250.842781  10.5
  300.192990  10.5
  356.047651  10.5
  38.399669  9
  38.415785  9
  95.390715  9
  99.609891  9
  129.248216  9
  156.652133  9
  193.096441  9
  236.171519  9
  285.784352  9
  0.000000  9.5
  70.956610  9.5
  71.392327  9.5
  111.501931  9.5
  126.417276  9.5
  156.913389  9.5
  193.085161  9.5
  236.171756  9.5
  285.784350  9.5
  33.803805  8
  33.851511  8
  80.223042  8
  87.278898  8
  113.751716  8
  143.058304  8
  179.880150  8
  223.246030  8
  0.000000  8.5
  61.391595  8.5
  62.426625  8.5
  94.045689  8.5
  112.723468  8.5
  143.118409  8.5
  179.878587  8.5
  223.246046  8.5
  29.173641  7
  29.308669  7
  65.639599  7
  75.934638  7
  100.998778  7
  131.314411  7
  168.433110  7
  0.000000  7.5
  51.525060  7.5
  53.729031  7.5
  79.098273  7.5
  100.713217  7.5
  131.324110  7.5
  168.432996  7.5
  24.465165  6
  24.823842  6
  52.449463  6
  65.864259  6
  90.525484  6
  121.345595  6
  0.000001  6.5
  41.456782  6.5
  45.509313  6.5
  66.993931  6.5
  90.470072  6.5
  121.346429  6.5
  19.608469  5
  20.474087  5
  41.320940  5
  57.290716  5
  81.989045  5
  0.000017  5.5
  31.685947  5.5
  38.030308  5.5
  57.569307  5.5
  81.983280  5.5
  14.590163  4
  16.394941  4
  32.684992  4
  50.338021  4
  0.000205  4.5
  22.934459  4.5
  31.567037  4.5
  50.374896  4.5
  9.677681  3
  12.780262  3
  26.567358  3
  0.002271  3.5
  15.813130  3.5
  26.361261  3.5
  5.455922  2
  9.855810  2
  0.021874  2.5
  10.724098  2.5
  2.444325  1
  0.161445  1.5
