  138.220496  10
  365.154573  10
  929.354266  10
  1769.327389  10
  2890.602334  10
  4292.559629  10
  5975.062209  10
  7938.057901  10
  10181.523408  10
  12705.447044  10
  4.467763  10.5
  380.136211  10.5
  929.072449  10.5
  1769.329192  10.5
  2890.602329  10.5
  4292.559630  10.5
  5975.062209  10.5
  7938.057901  10.5
  10181.523408  10.5
  12705.447044  10.5
  123.658795  9
  356.233558  9
  919.204571  9
  1759.490856  9
  2880.868598  9
  4282.877969  9
  5965.410443  9
  7928.424870  9
  10171.902889  9
  5.665602  9.5
  367.244629  9.5
  919.039859  9.5
  1759.491688  9.5
  2880.868596  9.5
  4282.877969  9.5
  5965.410443  9.5
  7928.424870  9.5
  10171.902889  9.5
  110.070730  8
  348.103374  8
  910.159303  8
  1750.700446  8
  2872.166141  8
  4274.219932  8
  5956.777888  8
  7919.808280  8
  7.138269  8.5
  355.884591  8.5
  910.069309  8.5
  1750.700793  8.5
  2872.166140  8.5
  4274.219932  8.5
  5956.777888  8.5
  7919.808280  8.5
  97.455299  7
  340.793390  7
  902.204997  7
  1742.952621  7
  2864.492732  7
  4266.584016  7
  5949.163466  7
  8.933167  7.5
  346.024677  7.5
  902.159935  7.5
  1742.952747  7.5
  2864.492732  7.5
  4266.584016  7.5
  5949.163466  7.5
  85.805583  6
  334.334851  6
  895.330494  6
  1736.244240  6
  2857.846409  6
  4259.968897  6
  11.101389  6.5
  337.628390  6.5
  895.310442  6.5
  1736.244278  6.5
  2857.846409  6.5
  4259.968897  6.5
  75.108706  5
  328.761098  5
  889.526750  5
  1730.572567  5
  2852.225470  5
  13.696954  5.5
  330.654811  5.5
  889.519223  5.5
  1730.572575  5.5
  2852.225470  5.5
  65.345838  4
  324.107748  4
  884.786643  4
  1725.935280  4
  16.775877  4.5
  325.059415  4.5
  884.784491  4.5
  1725.935281  4.5
  56.492256  3
  320.412829  3
  881.104784  3
  20.395112  3.5
  320.794999  3.5
  881.104425  3.5
  48.517474  2
  317.716838  2
  24.611440  2.5
  317.812649  2.5
  41.385476  1
  29.480364  1.5
