  38.568192  10
  38.568193  10
  103.175369  10
  103.177355  10
  149.984066  10
  150.736863  10
  174.637144  10
  186.919299  10
  206.985488  10
  230.223030  10
  0.000000  10.5
  72.977459  10.5
  72.977498  10.5
  129.031964  10.5
  129.085092  10.5
  164.449511  10.5
  169.120820  10.5
  187.863757  10.5
  206.925121  10.5
  230.224406  10.5
  34.503430  9
  34.503433  9
  90.944789  9
  90.957241  9
  128.443967  9
  130.840290  9
  148.974177  9
  164.760245  9
  185.410159  9
  0.000000  9.5
  64.842383  9.5
  64.842686  9.5
  112.542353  9.5
  112.798990  9.5
  138.557420  9.5
  147.151032  9.5
  164.909250  9.5
  185.406183  9.5
  30.438358  8
  30.438386  8
  78.671966  8
  78.742339  8
  106.563425  8
  111.957103  8
  127.760601  8
  145.446108  8
  0.000000  8.5
  56.703537  8.5
  56.705712  8.5
  95.688603  8.5
  96.703195  8.5
  115.092339  8.5
  127.412064  8.5
  145.457337  8.5
  26.372714  7
  26.372947  7
  66.255055  7
  66.595709  7
  85.958939  7
  94.833318  7
  110.370443  7
  0.000000  7.5
  48.554185  7.5
  48.568589  7.5
  78.284651  7.5
  81.199942  7.5
  95.588568  7.5
  110.339629  7.5
  22.305525  6
  22.307347  6
  53.460772  6
  54.735858  6
  68.414591  6
  80.078619  6
  0.000000  6.5
  40.364660  6.5
  40.449505  6.5
  61.190169  6.5
  66.946872  6.5
  80.159886  6.5
  18.231736  5
  18.244855  5
  40.422390  5
  43.645717  5
  54.846819  5
  0.000000  5.5
  32.023451  5.5
  32.436354  5.5
  46.127492  5.5
  54.644536  5.5
  14.124462  4
  14.207370  4
  28.435738  4
  34.000429  4
  0.000000  4.5
  23.375534  4.5
  24.804189  4.5
  34.460528  4.5
  9.885728  3
  10.296314  3
  18.992582  3
  0.000004  3.5
  14.994743  3.5
  18.084067  3.5
  5.544637  2
  6.809220  2
  0.000286  2.5
  8.289697  2.5
  2.048160  1
  0.016223  1.5
