  45.591472  10
  45.622783  10
  112.858482  10
  119.252005  10
  155.581400  10
  191.218592  10
  237.686254  10
  292.517394  10
  355.597611  10
  426.802603  10
  0.000000  10.5
  84.267201  10.5
  85.020143  10.5
  132.297668  10.5
  152.735317  10.5
  191.471152  10.5
  237.674854  10.5
  292.517678  10.5
  355.597607  10.5
  426.802603  10.5
  40.680074  9
  40.758472  9
  96.643446  9
  106.311813  9
  139.660772  9
  177.136059  9
  223.984331  9
  279.102881  9
  342.368217  9
  0.000000  9.5
  73.962892  9.5
  75.510083  9.5
  114.096817  9.5
  138.505859  9.5
  177.207219  9.5
  223.982129  9.5
  279.102915  9.5
  342.368217  9.5
  35.729410  8
  35.918929  8
  81.091142  8
  94.333659  8
  126.244615  8
  164.764788  8
  211.917838  8
  267.239894  8
  0.000000  8.5
  63.360680  8.5
  66.279432  8.5
  98.328945  8.5
  125.857644  8.5
  164.780640  8.5
  211.917538  8.5
  267.239896  8.5
  30.700063  7
  31.136840  7
  66.862009  7
  83.545277  7
  114.952840  7
  154.043256  7
  201.417966  7
  0.000002  7.5
  52.566457  7.5
  57.502751  7.5
  85.233752  7.5
  114.850522  7.5
  154.045761  7.5
  201.417944  7.5
  25.533535  6
  26.473811  6
  54.510210  6
  74.128370  6
  105.498239  6
  144.902856  6
  0.000016  6.5
  41.981188  6.5
  49.390767  6.5
  74.686413  6.5
  105.478946  6.5
  144.903069  6.5
  20.198053  5
  22.031452  5
  44.430071  5
  66.196998  5
  97.697044  5
  0.000131  5.5
  32.192155  5.5
  42.165655  5.5
  66.328420  5.5
  97.695069  5.5
  14.824080  4
  17.953694  4
  36.755872  4
  59.791423  4
  0.001053  4.5
  23.744845  4.5
  36.033009  4.5
  59.808412  4.5
  9.807449  3
  14.414622  3
  31.286333  3
  0.007834  3.5
  17.039145  3.5
  31.158113  3.5
  5.651674  2
  11.598977  2
  0.051025  2.5
  12.330751  2.5
  2.698840  1
  0.264403  1.5
