  40.919186  10
  40.919708  10
  107.579715  10
  108.032988  10
  146.217504  10
  159.716474  10
  187.584207  10
  219.799793  10
  257.682941  10
  300.781781  10
  0.000000  10.5
  76.959641  10.5
  76.983006  10.5
  130.763901  10.5
  134.671631  10.5
  162.646390  10.5
  187.281085  10.5
  219.814939  10.5
  257.682561  10.5
  300.781785  10.5
  36.583221  9
  36.585290  9
  93.981012  9
  95.180561  9
  124.902736  9
  142.539439  9
  170.398284  9
  203.360852  9
  241.623536  9
  0.000000  9.5
  68.226025  9.5
  68.304517  9.5
  111.617713  9.5
  118.682427  9.5
  143.518515  9.5
  170.335052  9.5
  203.362748  9.5
  241.623514  9.5
  32.243206  8
  32.251143  8
  79.938414  8
  82.683801  8
  106.521881  8
  127.322112  8
  155.532788  8
  188.947254  8
  0.000000  8.5
  59.414433  8.5
  59.661162  8.5
  93.126360  8.5
  103.883665  8.5
  127.564400  8.5
  155.523717  8.5
  188.947378  8.5
  27.892364  7
  27.921542  7
  65.657532  7
  70.855120  7
  91.471171  7
  114.165798  7
  142.753880  7
  0.000000  7.5
  50.424102  7.5
  51.128537  7.5
  76.395961  7.5
  90.654414  7.5
  114.206644  7.5
  142.753199  7.5
  23.510532  6
  23.611586  6
  51.944002  6
  60.075566  6
  79.428681  6
  103.041095  6
  0.000000  6.5
  41.129834  6.5
  42.866400  6.5
  62.320880  6.5
  79.260032  6.5
  103.044702  6.5
  19.045555  5
  19.365559  5
  39.798835  5
  50.713016  5
  69.825906  5
  0.000001  5.5
  31.656828  5.5
  35.139825  5.5
  51.319778  5.5
  69.807760  5.5
  14.413519  4
  15.289183  4
  30.016511  4
  43.036529  4
  0.000025  4.5
  22.684819  4.5
  28.290357  4.5
  43.120798  4.5
  9.676753  3
  11.578353  3
  23.003077  3
  0.000468  3.5
  15.099899  3.5
  22.663009  3.5
  5.376978  2
  8.505323  2
  0.007514  2.5
  9.544916  2.5
  2.254204  1
  0.089269  1.5
