  87.507550  10
  133.859484  10
  300.708815  10
  533.074104  10
  845.815917  10
  1237.225639  10
  1707.134220  10
  2255.468327  10
  2882.195195  10
  3587.298336  10
  0.112700  10.5
  159.329373  10.5
  298.778375  10.5
  533.120189  10.5
  845.815404  10.5
  1237.225642  10.5
  1707.134220  10.5
  2255.468327  10.5
  2882.195195  10.5
  3587.298336  10.5
  75.644713  9
  125.976578  9
  289.675166  9
  522.876027  9
  835.776482  9
  1227.272734  9
  1697.231029  9
  2245.596368  9
  2872.344130  9
  0.192102  9.5
  145.117131  9.5
  288.537225  9.5
  522.897366  9.5
  835.776299  9.5
  1227.272734  9.5
  1697.231029  9.5
  2245.596368  9.5
  2872.344130  9.5
  64.571054  8
  118.700603  8
  279.985956  8
  513.788077  8
  826.818899  8
  1218.384268  8
  1688.382316  8
  2236.772621  8
  0.323142  8.5
  132.517759  8.5
  279.359991  8.5
  513.796992  8.5
  826.818842  8.5
  1218.384268  8.5
  1688.382316  8.5
  2236.772621  8.5
  54.366266  7
  112.074392  7
  271.572386  7
  505.798933  7
  818.934727  7
  1210.554639  7
  1680.584063  7
  0.535201  7.5
  121.550456  7.5
  271.257274  7.5
  505.802182  7.5
  818.934713  7.5
  1210.554639  7.5
  1680.584063  7.5
  45.091530  6
  106.142435  6
  264.376732  6
  498.898001  6
  812.116576  6
  1203.778911  6
  0.870591  6.5
  112.217311  6.5
  264.235925  6.5
  498.898978  6.5
  812.116573  6.5
  1203.778911  6.5
  36.788111  5
  100.951938  5
  258.352424  5
  493.075697  5
  806.358077  5
  1.387315  5.5
  104.500630  5.5
  258.299397  5.5
  493.075914  5.5
  806.358077  5.5
  29.476400  4
  96.554188  4
  253.463455  4
  488.323670  4
  2.160496  4.5
  98.361333  4.5
  253.448255  4.5
  488.323698  4.5
  23.155222  3
  93.006124  3
  249.683356  3
  3.281500  3.5
  93.739438  3.5
  249.680817  3.5
  17.801391  2
  90.371943  2
  4.854203  2.5
  90.557165  2.5
  13.369726  1
  6.988744  1.5
