  44.877993  10
  44.898692  10
  112.278615  10
  117.339614  10
  152.966737  10
  185.691597  10
  229.311046  10
  280.832782  10
  340.169939  10
  407.184040  10
  0.000000  10.5
  83.227270  10.5
  83.762989  10.5
  131.657584  10.5
  149.456417  10.5
  186.038451  10.5
  229.294003  10.5
  280.833240  10.5
  340.169933  10.5
  407.184040  10.5
  40.059381  9
  40.113695  9
  96.292727  9
  104.359393  9
  136.440121  9
  171.287943  9
  215.300168  9
  267.137403  9
  326.675834  9
  0.000000  9.5
  73.193796  9.5
  74.354147  9.5
  113.105317  9.5
  134.982260  9.5
  171.386579  9.5
  215.296859  9.5
  267.137458  9.5
  326.675834  9.5
  35.209642  8
  35.347303  8
  80.765977  8
  92.279525  8
  122.577909  8
  158.640207  8
  202.977083  8
  255.035984  8
  0.000000  8.5
  62.871225  8.5
  65.182846  8.5
  96.880937  8.5
  122.081985  8.5
  158.662315  8.5
  202.976631  8.5
  255.035987  8.5
  30.294300  7
  30.627215  7
  66.403327  7
  81.348699  7
  110.974321  7
  147.689100  7
  192.264831  7
  0.000001  7.5
  52.298193  7.5
  56.418259  7.5
  83.336957  7.5
  110.841986  7.5
  147.692609  7.5
  192.264799  7.5
  25.255925  6
  26.008856  6
  53.822077  6
  71.773959  6
  101.297445  6
  138.362752  6
  0.000009  6.5
  41.813374  6.5
  48.274600  6.5
  72.441348  6.5
  101.272354  6.5
  138.363050  6.5
  20.046238  5
  21.588844  5
  43.480314  5
  63.693044  5
  93.332692  5
  0.000082  5.5
  32.009731  5.5
  40.986017  5.5
  63.851622  5.5
  93.330116  5.5
  14.756530  4
  17.510768  4
  35.581941  4
  57.162765  4
  0.000719  4.5
  23.482230  4.5
  34.774844  4.5
  57.183359  4.5
  9.761185  3
  13.954573  3
  29.967718  3
  0.005865  3.5
  16.676048  3.5
  29.823425  3.5
  5.590840  2
  11.114561  2
  0.041812  2.5
  11.878163  2.5
  2.627625  1
  0.234912  1.5
