  67.255691  10
  74.489442  10
  154.497997  10
  233.787559  10
  348.365872  10
  492.126367  10
  665.042167  10
  866.969780  10
  1097.850519  10
  1357.654854  10
  0.000836  10.5
  109.291733  10.5
  146.282140  10.5
  234.408119  10.5
  348.345753  10.5
  492.126713  10.5
  665.042164  10.5
  866.969780  10.5
  1097.850519  10.5
  1357.654854  10.5
  58.283973  9
  67.699078  9
  140.951226  9
  222.758665  9
  337.539022  9
  481.487632  9
  654.506875  9
  856.499396  9
  1087.423538  9
  0.002238  9.5
  94.705780  9.5
  135.881173  9.5
  223.050023  9.5
  337.531786  9.5
  481.487725  9.5
  654.506874  9.5
  856.499396  9.5
  1087.423538  9.5
  49.432109  8
  61.285175  8
  129.331770  8
  212.960203  8
  327.930928  8
  472.018799  8
  645.116340  8
  847.158026  8
  0.005902  8.5
  81.425748  8.5
  126.442533  8.5
  213.083183  8.5
  327.928689  8.5
  472.018819  8.5
  645.116340  8.5
  847.158026  8.5
  40.892597  7
  55.318188  7
  119.517581  7
  204.380308  7
  319.513447  7
  463.703065  7
  636.858581  7
  0.015286  7.5
  69.596205  7.5
  118.024933  7.5
  204.425463  7.5
  319.512885  7.5
  463.703068  7.5
  636.858581  7.5
  32.876529  6
  49.870376  6
  111.355298  6
  197.001375  6
  312.263096  6
  456.525676  6
  0.038654  6.5
  59.333414  6.5
  110.676012  6.5
  197.015019  6.5
  312.262993  6.5
  456.525676  6.5
  25.582204  5
  45.014840  5
  104.690529  5
  190.802955  5
  306.160262  5
  0.094716  5.5
  50.724502  5.5
  104.431499  5.5
  190.806003  5.5
  306.160251  5.5
  19.170525  4
  40.826028  4
  99.389892  4
  185.764330  4
  0.222656  4.5
  43.821334  4.5
  99.315018  4.5
  185.764713  4.5
  13.750279  3
  37.382389  3
  95.351330  3
  0.496241  3.5
  38.628714  3.5
  95.338753  3.5
  9.370588  2
  34.771562  2
  1.036312  2.5
  35.092311  2.5
  6.016920  1
  2.010157  1.5
