  40.539233  10
  40.539517  10
  106.940182  10
  107.232835  10
  146.495463  10
  157.789701  10
  184.208223  10
  214.247192  10
  249.826742  10
  290.375907  10
  0.000000  10.5
  76.324745  10.5
  76.338499  10.5
  130.731001  10.5
  133.600158  10.5
  161.526135  10.5
  183.767604  10.5
  214.271425  10.5
  249.826082  10.5
  290.375914  10.5
  36.247574  9
  36.248777  9
  93.607809  9
  94.445944  9
  124.708079  9
  140.216521  9
  166.409456  9
  197.322363  9
  233.315552  9
  0.000000  9.5
  67.694677  9.5
  67.744231  9.5
  111.833341  9.5
  117.481973  9.5
  141.521079  9.5
  166.315745  9.5
  197.325428  9.5
  233.315514  9.5
  31.952918  8
  31.957860  8
  79.859645  8
  81.946053  8
  105.655733  8
  124.585508  8
  151.080448  8
  182.501546  8
  0.000000  8.5
  59.005837  8.5
  59.173139  8.5
  93.274988  8.5
  102.453058  8.5
  124.917357  8.5
  151.066840  8.5
  182.501748  8.5
  27.650246  7
  27.669701  7
  65.757908  7
  70.032125  7
  89.963196  7
  111.051719  7
  137.935165  7
  0.000000  7.5
  50.171991  7.5
  50.686538  7.5
  76.221304  7.5
  88.934135  7.5
  111.108553  7.5
  137.934136  7.5
  23.323679  6
  23.395885  6
  52.005104  6
  59.096642  6
  77.461232  6
  99.612741  6
  0.000000  6.5
  41.055828  6.5
  42.426828  6.5
  61.690854  6.5
  77.243909  6.5
  99.617806  6.5
  18.928227  5
  19.173583  5
  39.657764  5
  49.541120  5
  67.556850  5
  0.000001  5.5
  31.694198  5.5
  34.650411  5.5
  50.263027  5.5
  67.533191  5.5
  14.377680  4
  15.099201  4
  29.605822  4
  41.676296  4
  0.000015  4.5
  22.698049  4.5
  27.709327  4.5
  41.778235  4.5
  9.691121  3
  11.364936  3
  22.355755  3
  0.000309  3.5
  15.006832  3.5
  21.974641  3.5
  5.375352  2
  8.252790  2
  0.005687  2.5
  9.335769  2.5
  2.220151  1
  0.076808  1.5
