  39.091955  10
  39.091962  10
  104.233284  10
  104.251620  10
  149.084452  10
  152.001527  10
  174.607427  10
  193.747677  10
  219.009326  10
  248.166033  10
  0.000000  10.5
  73.874174  10.5
  73.874697  10.5
  129.797990  10.5
  130.132465  10.5
  161.733370  10.5
  172.091038  10.5
  194.002771  10.5
  218.998083  10.5
  248.166222  10.5
  34.967282  9
  34.967325  9
  91.762275  9
  91.844626  9
  126.593516  9
  132.695296  9
  152.432208  9
  173.804954  9
  199.664450  9
  0.000000  9.5
  65.612703  9.5
  65.615575  9.5
  112.635638  9.5
  113.754813  9.5
  137.276248  9.5
  151.779812  9.5
  173.840375  9.5
  199.663758  9.5
  30.841911  8
  30.842183  8
  79.158881  8
  79.489370  8
  105.002198  8
  114.910269  8
  133.984658  8
  156.441174  8
  0.000000  8.5
  57.340246  8.5
  57.355099  8.5
  94.893350  8.5
  97.862881  8.5
  116.405496  8.5
  133.878355  8.5
  156.443651  8.5
  26.715003  7
  26.716629  7
  66.225436  7
  67.339253  7
  85.912276  7
  99.187807  7
  118.505879  7
  0.000000  7.5
  49.034552  7.5
  49.105239  7.5
  77.079901  7.5
  82.969274  7.5
  99.485934  7.5
  118.497264  7.5
  22.583250  6
  22.592424  6
  52.871782  6
  55.731841  6
  70.420315  6
  85.828122  6
  0.000000  6.5
  40.621134  6.5
  40.918210  6.5
  60.597976  6.5
  69.664764  6.5
  85.856977  6.5
  18.432439  5
  18.480083  5
  39.839085  5
  45.183334  5
  58.512941  5
  0.000000  5.5
  31.938500  5.5
  32.954786  5.5
  46.825908  5.5
  58.421460  5.5
  14.209220  4
  14.425389  4
  28.484572  4
  36.244428  4
  0.000001  4.5
  23.048738  4.5
  25.558571  4.5
  36.510517  4.5
  9.808948  3
  10.574068  3
  19.892785  3
  0.000025  3.5
  14.866750  3.5
  19.224689  3.5
  5.448582  2
  7.236759  2
  0.001054  2.5
  8.561395  2.5
  2.093112  1
  0.031667  1.5
