  43.930212  10
  43.941279  10
  111.427412  10
  114.919230  10
  150.031847  10
  178.697283  10
  218.544125  10
  265.660154  10
  320.028558  10
  381.485100  10
  0.000000  10.5
  81.797969  10.5
  82.116032  10.5
  131.076059  10.5
  145.369747  10.5
  179.240362  10.5
  218.513854  10.5
  265.661067  10.5
  320.028544  10.5
  381.485100  10.5
  39.231635  9
  39.262796  9
  95.850599  9
  101.905548  9
  132.564456  9
  163.802982  9
  204.048332  9
  251.527430  9
  306.123137  9
  0.000000  9.5
  72.110972  9.5
  72.855754  9.5
  112.108487  9.5
  130.549802  9.5
  163.959995  9.5
  204.042408  9.5
  251.527540  9.5
  306.123136  9.5
  34.511264  8
  34.596074  8
  80.439975  8
  89.694818  8
  117.981320  8
  150.727479  8
  191.324913  8
  239.055449  8
  0.000000  8.5
  62.168025  8.5
  63.777706  8.5
  95.264519  8.5
  117.277263  8.5
  150.763051  8.5
  191.324098  8.5
  239.055456  8.5
  29.741786  7
  29.962266  7
  65.934921  7
  78.563480  7
  105.874700  7
  139.419586  7
  180.282408  7
  0.000000  7.5
  51.928115  7.5
  55.039200  7.5
  81.056946  7.5
  105.683739  7.5
  139.425270  7.5
  180.282348  7.5
  24.870797  6
  25.407744  6
  53.046706  6
  68.756359  6
  95.845425  6
  129.804265  6
  0.000004  6.5
  41.620678  6.5
  46.855400  6.5
  69.615714  6.5
  95.808869  6.5
  129.804750  6.5
  19.834771  5
  21.020583  5
  42.329097  5
  60.449176  5
  87.624925  5
  0.000040  5.5
  31.816719  5.5
  39.475858  5.5
  60.656551  5.5
  87.621151  5.5
  14.671412  4
  16.941919  4
  34.091172  4
  53.727231  4
  0.000405  4.5
  23.178658  4.5
  33.147707  4.5
  53.754377  4.5
  9.711580  3
  13.359173  3
  28.250901  3
  0.003794  3.5
  16.224925  3.5
  28.079994  3.5
  5.517972  2
  10.481156  2
  0.031032  2.5
  11.292803  2.5
  2.534971  1
  0.197325  1.5
