  84.086235  10
  121.450632  10
  268.352246  10
  468.620920  10
  739.014800  10
  1077.510559  10
  1483.936954  10
  1958.215644  10
  2500.311705  10
  3110.207556  10
  0.063924  10.5
  148.280157  10.5
  265.952121  10.5
  468.687875  10.5
  739.013933  10.5
  1077.510565  10.5
  1483.936954  10.5
  1958.215644  10.5
  2500.311705  10.5
  3110.207556  10.5
  72.540224  9
  113.706398  9
  257.099635  9
  458.344633  9
  728.907333  9
  1067.497577  9
  1473.978189  9
  1948.290942  9
  2490.409794  9
  0.114607  9.5
  133.945758  9.5
  255.681039  9.5
  458.375660  9.5
  728.907023  9.5
  1067.497579  9.5
  1473.978189  9.5
  1948.290942  9.5
  2490.409794  9.5
  61.721674  8
  106.542700  8
  247.251144  8
  449.191677  8
  719.893124  8
  1058.558145  8
  1465.081746  8
  1939.421504  8
  0.202682  8.5
  121.209303  8.5
  246.469206  8.5
  449.204647  8.5
  719.893028  8.5
  1058.558146  8.5
  1465.081746  8.5
  1939.421504  8.5
  51.728670  7
  100.005175  7
  238.725110  7
  441.149488  7
  711.962275  7
  1050.685726  7
  1457.242941  7
  0.352630  7.5
  110.101971  7.5
  238.330878  7.5
  441.154217  7.5
  711.962251  7.5
  1050.685726  7.5
  1457.242941  7.5
  42.639159  6
  94.140814  6
  231.452126  6
  434.206099  6
  705.106140  6
  1043.874562  6
  0.601766  6.5
  100.637063  6.5
  231.275764  6.5
  434.207521  6.5
  705.106136  6.5
  1043.874562  6.5
  34.508690  5
  88.999064  5
  225.375842  5
  428.350550  5
  699.317283  5
  1.004049  5.5
  92.806454  5.5
  225.309370  5.5
  428.350866  5.5
  699.317282  5.5
  27.368962  4
  84.633354  4
  220.452605  4
  423.573211  4
  1.632841  4.5
  86.577775  4.5
  220.433540  4.5
  423.573251  4.5
  21.226824  3
  81.102979  3
  216.650373  3
  2.581142  3.5
  81.893803  3.5
  216.647187  3.5
  16.063605  2
  78.475120  2
  3.958163  2.5
  78.675200  2.5
  11.834945  1
  5.882264  1.5
