  40.136292  10
  40.136425  10
  106.226408  10
  106.394862  10
  147.000867  10
  155.907120  10
  180.877591  10
  208.420857  10
  241.432305  10
  279.144592  10
  0.000000  10.5
  75.647185  10.5
  75.654283  10.5
  130.624769  10.5
  132.538082  10.5
  160.768876  10.5
  180.200809  10.5
  208.462798  10.5
  241.431040  10.5
  279.144607  10.5
  35.891381  9
  35.891994  9
  93.161705  9
  93.692461  9
  124.779524  9
  137.882557  9
  162.274283  9
  190.884617  9
  224.352515  9
  0.000000  9.5
  67.123471  9.5
  67.151352  9.5
  112.097216  9.5
  116.301391  9.5
  139.684575  9.5
  162.126207  9.5
  190.889999  9.5
  224.352440  9.5
  31.644358  8
  31.647098  8
  79.740771  8
  81.204556  8
  104.985893  8
  121.755285  8
  146.351622  8
  175.551555  8
  0.000000  8.5
  58.558536  8.5
  58.661320  8.5
  93.559827  8.5
  101.023510  8.5
  122.232390  8.5
  146.329744  8.5
  175.551912  8.5
  27.391773  7
  27.403519  7
  65.888353  7
  69.206344  7
  88.506093  7
  107.754989  7
  132.743621  7
  0.000000  7.5
  49.884069  7.5
  50.230310  7.5
  76.188290  7.5
  87.168089  7.5
  107.838576  7.5
  132.741948  7.5
  23.121956  6
  23.169453  6
  52.137866  6
  58.095709  6
  75.411156  6
  95.922627  6
  0.000000  6.5
  40.963977  6.5
  41.979080  6.5
  61.143212  6.5
  75.119401  6.5
  95.930174  6.5
  18.798285  5
  18.974379  5
  39.576216  5
  48.311237  5
  65.120315  5
  0.000000  5.5
  31.748357  5.5
  34.149094  5.5
  49.192524  5.5
  65.088023  5.5
  14.336948  4
  14.903126  4
  29.210886  4
  40.215796  4
  0.000007  4.5
  22.741000  4.5
  27.100655  4.5
  40.343146  4.5
  9.712903  3
  11.141261  3
  21.670643  3
  0.000185  3.5
  14.927550  3.5
  21.235611  3.5
  5.380605  2
  7.981047  2
  0.004028  2.5
  9.116650  2.5
  2.184360  1
  0.063873  1.5
