  157.767182  10
  467.562003  10
  1211.599884  10
  2322.844444  10
  3805.711118  10
  5659.645676  10
  7884.515323  10
  10480.269749  10
  13446.886511  10
  16784.354358  10
  8.058101  10.5
  480.734411  10.5
  1211.414893  10.5
  2322.845336  10.5
  3805.711116  10.5
  5659.645676  10.5
  7884.515323  10.5
  10480.269749  10.5
  13446.886511  10.5
  16784.354358  10.5
  142.433466  9
  458.453545  9
  1201.518811  9
  2313.041857  9
  3796.005587  9
  5649.989136  9
  7874.886882  9
  10470.658910  9
  13437.287424  9
  9.835405  9.5
  468.110562  9.5
  1201.410748  9.5
  2313.042269  9.5
  3796.005586  9.5
  5649.989136  9.5
  7874.886882  9.5
  10470.658910  9.5
  13437.287424  9.5
  128.069731  8
  450.169069  8
  1192.524450  8
  2304.279214  8
  3787.326717  8
  5641.352464  8
  7866.274400  8
  10462.061576  8
  11.943214  8.5
  456.977811  8.5
  1192.465434  8.5
  2304.279385  8.5
  3787.326717  8.5
  5641.352464  8.5
  7866.274400  8.5
  10462.061576  8.5
  114.669395  7
  442.735870  7
  1184.607334  7
  2296.553831  7
  3779.672831  7
  5633.734530  7
  7858.677064  7
  14.426181  7.5
  447.304019  7.5
  1184.577794  7.5
  2296.553893  7.5
  3779.672831  7.5
  5633.734530  7.5
  7858.677064  7.5
  102.221386  6
  436.182830  6
  1177.759583  6
  2289.863329  6
  3773.042449  6
  5627.134337  6
  17.331137  6.5
  439.053737  6.5
  1177.746443  6.5
  2289.863347  6.5
  3773.042449  6.5
  5627.134337  6.5
  90.710144  5
  430.540538  5
  1171.974781  5
  2284.205641  5
  3767.434290  5
  20.706478  5.5
  432.188744  5.5
  1171.969850  5.5
  2284.205645  5.5
  3767.434290  5.5
  80.115649  4
  425.841383  4
  1167.247846  4
  2279.579016  4
  24.601488  4.5
  426.668643  4.5
  1167.246436  4.5
  2279.579016  4.5
  70.413496  3
  422.119608  3
  1163.574903  3
  29.065610  3.5
  422.451497  3.5
  1163.574668  3.5
  61.575017  2
  419.411315  2
  34.147714  2.5
  419.494463  2.5
  53.567464  1
  39.895387  1.5
