  47.146779  10
  47.214713  10
  114.046565  10
  123.702598  10
  162.284385  10
  203.998098  10
  256.739470  10
  318.841706  10
  390.166765  10
  470.612421  10
  0.000000  10.5
  86.419522  10.5
  87.826979  10.5
  134.301236  10.5
  160.456084  10.5
  204.131045  10.5
  256.734378  10.5
  318.841815  10.5
  390.166764  10.5
  470.612421  10.5
  42.024830  9
  42.180574  9
  97.528376  9
  110.879297  9
  147.427822  9
  190.503670  9
  243.591068  9
  305.934014  9
  377.416179  9
  0.000000  9.5
  75.511177  9.5
  78.125471  9.5
  116.919048  9.5
  146.712310  9.5
  190.540597  9.5
  243.590091  9.5
  305.934027  9.5
  377.416178  9.5
  36.843102  8
  37.187431  8
  82.046242  8
  99.123953  8
  134.776826  8
  178.633395  8
  231.986799  8
  294.502196  8
  0.000001  8.5
  64.339533  8.5
  68.792298  8.5
  102.084526  8.5
  134.542576  8.5
  178.641542  8.5
  231.986667  8.5
  294.502197  8.5
  31.554091  7
  32.278512  7
  68.153227  7
  88.621289  7
  124.026679  7
  168.326618  7
  221.870786  7
  0.000006  7.5
  53.150518  7.5
  60.005767  7.5
  89.826336  7.5
  123.965621  7.5
  168.327897  7.5
  221.870776  7.5
  26.106013  6
  27.526816  6
  56.287235  6
  79.506336  6
  114.966131  6
  159.522428  6
  0.000045  6.5
  42.420617  6.5
  51.964238  6.5
  79.894851  6.5
  114.954718  6.5
  159.522536  6.5
  20.513881  5
  23.041210  5
  46.719622  5
  71.852878  5
  107.458981  5
  0.000320  5.5
  32.689241  5.5
  44.864470  5.5
  71.943095  5.5
  107.457819  5.5
  14.983467  4
  18.963405  4
  39.459202  4
  65.675327  4
  0.002160  4.5
  24.406427  4.5
  38.880609  4.5
  65.686903  4.5
  9.931084  3
  15.454870  3
  34.248848  3
  0.013525  3.5
  17.894752  3.5
  34.147546  3.5
  5.799326  2
  12.682803  2
  0.074467  2.5
  13.355010  2.5
  2.858743  1
  0.332418  1.5
