  64.306579  10
  69.061210  10
  143.556907  10
  208.756176  10
  306.309930  10
  428.712887  10
  576.064758  10
  748.193732  10
  945.033201  10
  1166.549629  10
  0.000290  10.5
  105.221977  10.5
  133.446421  10.5
  209.700529  10.5
  306.273170  10.5
  428.713641  10.5
  576.064749  10.5
  748.193732  10.5
  945.033201  10.5
  1166.549629  10.5
  55.962921  9
  62.484304  9
  129.394471  9
  197.516976  9
  295.249845  9
  417.876306  9
  565.348017  9
  737.552165  9
  934.441873  9
  0.000858  9.5
  90.746085  9.5
  123.048689  9.5
  197.963189  9.5
  295.236591  9.5
  417.876508  9.5
  565.348016  9.5
  737.552165  9.5
  934.441873  9.5
  47.619273  8
  56.234832  8
  117.240424  8
  187.529151  8
  285.451751  8
  408.240617  8
  555.802379  8
  728.063046  8
  0.002500  8.5
  77.455969  8.5
  113.572796  8.5
  187.718344  8.5
  285.447643  8.5
  408.240660  8.5
  555.802378  8.5
  728.063046  8.5
  39.451527  7
  50.387875  7
  107.007047  7
  178.786379  7
  276.879990  7
  399.785589  7
  547.413416  7
  0.007156  7.5
  65.535474  7.5
  105.091792  7.5
  178.856064  7.5
  276.878957  7.5
  399.785595  7.5
  547.413416  7.5
  31.682333  6
  45.022103  6
  98.544664  6
  171.272959  6
  269.505441  6
  392.493460  6
  0.019999  6.5
  55.133113  6.5
  97.666473  6.5
  171.294060  6.5
  269.505252  6.5
  392.493460  6.5
  24.541967  5
  40.217754  5
  91.680391  5
  164.967658  5
  263.304143  5
  0.054120  5.5
  46.363594  5.5
  91.343860  5.5
  164.972378  5.5
  263.304124  5.5
  18.230235  4
  36.056099  4
  86.254018  4
  159.847361  4
  0.140193  4.5
  39.304055  4.5
  86.156444  4.5
  159.847954  4.5
  12.891048  3
  32.621462  3
  82.138882  3
  0.342614  3.5
  33.982016  3.5
  82.122461  3.5
  8.599302  2
  30.006676  2
  0.777766  2.5
  30.358679  2.5
  5.354505  1
  1.619738  1.5
