  38.012043  10
  38.012043  10
  102.025138  10
  102.025138  10
  150.010476  10
  150.010539  10
  181.821985  10
  181.942388  10
  195.993461  10
  201.049553  10
  -0.000000  10.5
  72.020765  10.5
  72.020765  10.5
  128.023165  10.5
  128.023166  10.5
  167.974093  10.5
  167.977982  10.5
  190.944342  10.5
  192.358465  10.5
  201.553261  10.5
  34.010673  9
  34.010673  9
  90.020422  9
  90.020422  9
  129.994691  9
  129.996276  9
  153.284096  9
  154.247007  9
  163.074049  9
  0.000000  9.5
  64.017915  9.5
  64.017915  9.5
  112.015349  9.5
  112.015368  9.5
  143.904903  9.5
  143.968131  9.5
  158.293924  9.5
  162.418718  9.5
  30.009296  8
  30.009296  8
  78.015371  8
  78.015376  8
  109.956472  8
  109.986870  8
  124.598345  8
  127.871514  8
  0.000000  8.5
  56.015008  8.5
  56.015008  8.5
  96.005621  8.5
  96.006190  8.5
  119.547518  8.5
  120.164087  8.5
  128.703701  8.5
  26.007910  7
  26.007910  7
  66.009568  7
  66.009740  7
  89.738604  7
  90.104236  7
  98.432082  7
  -0.000000  7.5
  48.011998  7.5
  48.011999  7.5
  79.985728  7.5
  79.998764  7.5
  94.893360  7.5
  97.403468  7.5
  22.006507  6
  22.006507  6
  53.999853  6
  54.004630  6
  69.167978  6
  71.009954  6
  0.000000  6.5
  40.008766  6.5
  40.008806  6.5
  63.866206  6.5
  64.062531  6.5
  72.245064  6.5
  18.005067  5
  18.005073  5
  41.942690  5
  42.034647  5
  50.125790  5
  0.000000  5.5
  32.004372  5.5
  32.005754  5.5
  47.413382  5.5
  48.686380  5.5
  14.003418  4
  14.003679  4
  29.622666  4
  30.428392  4
  0.000000  4.5
  23.981906  4.5
  24.016893  4.5
  32.056652  4.5
  9.997165  3
  10.006227  3
  18.021290  3
  0.000000  3.5
  15.790604  3.5
  16.232050  3.5
  5.913604  2
  6.093834  2
  0.000000  2.5
  8.006086  2.5
  2.001014  1
  0.000338  1.5
