  107.680656  10
  217.792669  10
  525.857890  10
  977.251305  10
  1580.859620  10
  2335.776134  10
  3241.850037  10
  4299.022437  10
  5507.266979  10
  6866.570426  10
  0.956438  10.5
  237.452454  10.5
  525.140902  10.5
  977.259928  10.5
  1580.859571  10.5
  2335.776135  10.5
  3241.850037  10.5
  4299.022437  10.5
  5507.266979  10.5
  6866.570426  10.5
  94.509451  9
  209.337889  9
  515.443078  9
  967.294955  9
  1571.025828  9
  2326.005484  9
  3232.115692  9
  4289.310874  9
  5497.570646  9
  1.359951  9.5
  223.907836  9.5
  515.023100  9.5
  967.298940  9.5
  1571.025811  9.5
  2326.005484  9.5
  3232.115692  9.5
  4289.310874  9.5
  5497.570646  9.5
  82.280603  8
  201.592655  8
  506.203291  8
  958.406366  8
  1562.239757  8
  2317.271791  8
  3223.412101  8
  4280.626165  8
  1.914556  8.5
  211.968649  8.5
  505.973409  8.5
  958.408029  8.5
  1562.239752  8.5
  2317.271791  8.5
  3223.412101  8.5
  4280.626165  8.5
  71.017368  7
  194.591353  7
  498.108693  7
  950.579121  7
  1554.497195  7
  2309.572228  7
  3215.737235  7
  2.666168  7.5
  201.616235  7.5
  497.993415  7.5
  950.579726  7.5
  1554.497194  7.5
  2309.572228  7.5
  3215.737235  7.5
  60.732324  6
  188.370643  6
  491.134680  6
  943.807446  6
  1547.794437  6
  2302.904305  6
  3.669462  6.5
  192.820974  6.5
  491.083321  6.5
  943.807627  6.5
  1547.794437  6.5
  2302.904305  6.5
  51.427131  5
  182.970033  5
  485.261488  5
  938.086269  5
  1542.128279  5
  4.987442  5.5
  185.542556  5.5
  485.242190  5.5
  938.086309  5.5
  1542.128279  5.5
  43.092352  4
  178.432477  4
  480.473749  4
  933.411258  4
  6.690240  4.5
  179.730967  4.5
  480.468227  4.5
  933.411263  4.5
  35.707356  3
  174.804919  3
  476.760013  3
  8.853187  3.5
  175.328156  3.5
  476.759091  3.5
  29.240382  2
  172.138720  2
  11.554314  2.5
  172.270219  2.5
  23.648824  1
  14.871539  1.5
