  50.089642  10
  50.302473  10
  116.457908  10
  133.251156  10
  177.978987  10
  230.853315  10
  295.933125  10
  372.331800  10
  459.915535  10
  558.607261  10
  0.000000  10.5
  90.063480  10.5
  93.473423  10.5
  140.313566  10.5
  177.139560  10.5
  230.898734  10.5
  295.931784  10.5
  372.331822  10.5
  459.915535  10.5
  558.607261  10.5
  44.532787  9
  44.960448  9
  99.863020  9
  120.705808  9
  164.468315  9
  218.179724  9
  283.540820  9
  360.122614  9
  447.827288  9
  0.000001  9.5
  78.061757  9.5
  83.501926  9.5
  124.461143  9.5
  164.151946  9.5
  218.192146  9.5
  283.540564  9.5
  360.122616  9.5
  447.827288  9.5
  38.872073  8
  39.698822  8
  84.779888  8
  109.351502  8
  152.785310  8
  207.001410  8
  272.572300  8
  349.287009  8
  0.000007  8.5
  66.029894  8.5
  74.049209  8.5
  111.084758  8.5
  152.684219  8.5
  207.004121  8.5
  272.572266  8.5
  349.287009  8.5
  33.061259  7
  34.577688  7
  71.592805  7
  99.306519  7
  142.742457  7
  197.266468  7
  262.986717  7
  0.000039  7.5
  54.366823  7.5
  65.282832  7.5
  99.981876  7.5
  142.716512  7.5
  197.266890  7.5
  262.986714  7.5
  27.093512  6
  29.683900  6
  60.567449  6
  90.643519  6
  134.212559  6
  188.926918  6
  0.000220  6.5
  43.538622  6.5
  57.371276  6.5
  90.855407  6.5
  134.207757  6.5
  188.926953  6.5
  21.086528  5
  25.130359  5
  51.785552  5
  83.388980  5
  127.108963  5
  0.001206  5.5
  33.960786  5.5
  50.469474  5.5
  83.437420  5.5
  127.108477  5.5
  15.335910  4
  21.048849  4
  45.105522  4
  77.531444  4
  0.006313  4.5
  25.952747  4.5
  44.706642  4.5
  77.537606  4.5
  10.236482  3
  17.579586  3
  40.246053  3
  0.030677  3.5
  19.740350  3.5
  40.177282  3.5
  6.126250  2
  14.865558  2
  0.132215  2.5
  15.450386  2.5
  3.181022  1
  0.476419  1.5
