  48.685148  10
  48.813846  10
  115.247582  10
  128.502961  10
  170.046178  10
  217.596709  10
  276.691287  10
  346.152609  10
  425.841192  10
  515.669758  10
  0.000000  10.5
  88.391440  10.5
  90.715601  10.5
  137.089254  10.5
  168.840422  10.5
  217.671103  10.5
  276.688816  10.5
  346.152655  10.5
  425.841191  10.5
  515.669758  10.5
  43.342264  9
  43.616431  9
  98.627952  9
  115.819483  9
  155.977385  9
  204.569511  9
  263.974870  9
  333.643214  9
  413.467931  9
  0.000000  9.5
  76.894623  9.5
  80.859581  9.5
  120.524671  9.5
  155.516309  9.5
  204.589982  9.5
  263.974398  9.5
  333.643219  9.5
  413.467931  9.5
  37.916828  8
  38.479375  8
  83.324523  8
  104.278522  8
  143.890285  8
  193.093820  8
  252.733273  8
  322.551083  8
  0.000003  8.5
  65.235050  8.5
  71.453918  8.5
  106.504958  8.5
  143.741557  8.5
  193.098308  8.5
  252.733209  8.5
  322.551083  8.5
  32.358800  7
  33.455349  7
  69.795243  7
  94.027519  7
  133.548493  7
  183.113142  7
  242.919515  7
  0.000017  7.5
  53.760140  7.5
  62.673267  7.5
  94.910273  7.5
  133.510088  7.5
  183.113844  7.5
  242.919510  7.5
  26.635185  6
  28.625779  6
  58.382837  6
  85.165268  6
  124.792091  6
  174.573726  6
  0.000109  6.5
  42.957888  6.5
  54.700719  6.5
  85.445213  6.5
  124.784954  6.5
  174.573785  6.5
  20.814722  5
  24.102894  5
  49.252978  5
  77.737135  5
  117.515247  5
  0.000670  5.5
  33.302717  5.5
  47.710018  5.5
  77.801532  5.5
  117.514523  5.5
  15.159060  4
  20.023774  4
  42.322985  4
  71.741297  4
  0.003927  4.5
  25.169039  4.5
  41.849822  4.5
  71.749517  4.5
  10.080031  3
  16.538266  3
  37.313803  3
  0.021336  3.5
  18.822941  3.5
  37.231715  3.5
  5.963003  2
  13.799713  2
  0.102378  2.5
  14.422932  2.5
  3.023753  1
  0.405050  1.5
