  2145.144319  10
  15308.520828  10
  42422.584630  10
  83097.205438  10
  137331.008846  10
  205123.576660  10
  286474.789455  10
  381384.602435  10
  489852.995688  10
  611879.959257  10
  1319.437987  10.5
  15310.773200  10.5
  42422.583799  10.5
  83097.205438  10.5
  137331.008846  10.5
  205123.576660  10.5
  286474.789455  10.5
  381384.602435  10.5
  489852.995688  10.5
  611879.959257  10.5
  2096.550459  9
  15298.134100  9
  42412.684686  9
  83087.504676  9
  137321.387737  9
  205113.995389  9
  286465.230951  9
  381375.058161  9
  489843.460902  9
  1353.803184  9.5
  15299.772548  9.5
  42412.684201  9.5
  83087.504676  9.5
  137321.387737  9.5
  205113.995389  9.5
  286465.230951  9.5
  381375.058161  9.5
  489843.460902  9.5
  2048.764617  8
  15288.812496  8
  42403.827295  8
  83078.825266  8
  137312.779512  8
  205105.422763  8
  286456.678671  8
  381366.518597  8
  1388.853911  8.5
  15289.959634  8.5
  42403.827030  8.5
  83078.825266  8.5
  137312.779512  8.5
  205105.422763  8.5
  286456.678671  8.5
  381366.518597  8.5
  2001.780736  7
  15280.562535  7
  42396.012301  7
  83071.167136  7
  137305.184126  7
  205097.858754  7
  286449.132593  7
  1424.597623  7.5
  15281.327426  7.5
  42396.012168  7.5
  83071.167136  7.5
  137305.184126  7.5
  205097.858754  7.5
  286449.132593  7.5
  1955.592657  6
  15273.390776  6
  42389.239570  6
  83064.530220  6
  137298.601538  6
  205091.303334  6
  1461.041713  6.5
  15273.868904  6.5
  42389.239511  6.5
  83064.530220  6.5
  137298.601538  6.5
  205091.303334  6.5
  1910.194131  5
  15267.303820  5
  42383.508986  5
  83058.914464  5
  137293.031715  5
  1498.193506  5.5
  15267.577071  5.5
  42383.508964  5.5
  83058.914464  5.5
  137293.031715  5.5
  1865.578808  4
  15262.308308  4
  42378.820454  4
  83054.319819  4
  1536.060259  4.5
  15262.444948  4.5
  42378.820448  4.5
  83054.319819  4.5
  1821.740251  3
  15258.410918  3
  42375.173896  3
  1574.649154  3.5
  15258.465578  3.5
  42375.173895  3.5
  1778.671928  2
  15255.618364  2
  1613.967304  2.5
  15255.632030  2.5
  1736.367221  1
  1654.021742  1.5
