  74.451840  10
  91.249590  10
  192.517326  10
  315.008059  10
  483.966937  10
  695.729437  10
  950.145238  10
  1247.111216  10
  1586.582420  10
  1968.536224  10
  0.007554  10.5
  122.515106  10.5
  187.724494  10.5
  315.233720  10.5
  483.962147  10.5
  695.729491  10.5
  950.145237  10.5
  1247.111216  10.5
  1586.582420  10.5
  1968.536224  10.5
  64.137500  9
  83.993838  9
  180.241324  9
  304.390463  9
  473.550418  9
  685.445235  9
  939.936074  9
  1236.949181  9
  1576.451921  9
  0.016458  9.5
  107.913559  9.5
  177.363696  9.5
  304.495504  9.5
  473.548701  9.5
  685.445249  9.5
  939.936073  9.5
  1236.949181  9.5
  1576.451921  9.5
  54.259525  8
  77.218673  8
  169.633436  8
  294.949906  8
  464.279847  8
  676.276021  8
  930.824798  8
  1227.874308  8
  0.035344  8.5
  94.803824  8.5
  168.028391  8.5
  294.993966  8.5
  464.279317  8.5
  676.276025  8.5
  930.824798  8.5
  1227.874308  8.5
  44.984086  7
  70.981986  7
  160.567609  7
  286.670954  7
  456.138224  7
  668.210927  7
  922.803644  7
  0.074550  7.5
  83.266331  7.5
  159.751353  7.5
  286.687059  7.5
  456.138092  7.5
  668.210927  7.5
  922.803644  7.5
  36.460575  6
  65.342214  6
  152.924926  6
  279.537119  6
  449.110925  6
  661.240394  6
  0.153726  6.5
  73.361256  6.5
  152.557500  6.5
  279.541970  6.5
  449.110901  6.5
  661.240394  6.5
  28.810499  5
  60.358988  5
  146.603031  5
  273.532137  5
  443.185486  5
  0.308150  5.5
  65.124009  5.5
  146.463941  5.5
  273.533219  5.5
  443.185483  5.5
  22.120631  4
  56.094770  4
  141.520439  4
  268.641008  4
  0.596614  4.5
  58.558395  4.5
  141.480425  4.5
  268.641143  4.5
  16.439129  3
  52.617629  3
  137.616973  3
  1.108421  3.5
  53.629836  3.5
  137.610272  3.5
  11.773218  2
  50.005029  2
  1.965079  2.5
  50.263033  2.5
  8.087852  1
  3.312784  1.5
