  41.527317  10
  41.528507  10
  108.530475  10
  109.339275  10
  146.167622  10
  163.063995  10
  193.325966  10
  228.795879  10
  270.200278  10
  317.205478  10
  0.000000  10.5
  77.966562  10.5
  78.014185  10.5
  130.747766  10.5
  136.524913  10.5
  165.075697  10.5
  193.150713  10.5
  228.803563  10.5
  270.200107  10.5
  317.205479  10.5
  37.119906  9
  37.124206  9
  94.491018  9
  96.407854  9
  125.667875  9
  146.462792  9
  176.923776  9
  213.002356  9
  254.741635  9
  0.000000  9.5
  69.059894  9.5
  69.205349  9.5
  111.382808  9.5
  120.762863  9.5
  147.101330  9.5
  176.888014  9.5
  213.003306  9.5
  254.741625  9.5
  32.706264  8
  32.721310  8
  80.026026  8
  83.938705  8
  108.278104  8
  131.818603  8
  162.665472  8
  199.130368  8
  0.000000  8.5
  60.040251  8.5
  60.454862  8.5
  93.113275  8.5
  106.317205  8.5
  131.971770  8.5
  162.660414  8.5
  199.130430  8.5
  28.276285  7
  28.326696  7
  65.556017  7
  72.252288  7
  94.083626  7
  119.171531  7
  150.372342  7
  0.000000  7.5
  50.791546  7.5
  51.860047  7.5
  76.918025  7.5
  93.503249  7.5
  119.196886  7.5
  150.371966  7.5
  23.802590  6
  23.961537  6
  51.958896  6
  61.704584  6
  82.632840  6
  108.466454  6
  0.000000  6.5
  41.232412  6.5
  43.602534  6.5
  63.509717  6.5
  82.516084  6.5
  108.468669  6.5
  19.223672  5
  19.680951  5
  40.130143  5
  52.613942  5
  73.424181  5
  0.000003  5.5
  31.625572  5.5
  35.953366  5.5
  53.084253  5.5
  73.411791  5.5
  14.467501  4
  15.602713  4
  30.735614  4
  45.194611  4
  0.000053  4.5
  22.708601  4.5
  29.234807  4.5
  45.258654  4.5
  9.664475  3
  11.925061  3
  24.043700  3
  0.000819  3.5
  15.278209  3.5
  23.755466  3.5
  5.389781  2
  8.905190  2
  0.010967  2.5
  9.884843  2.5
  2.309329  1
  0.109749  1.5
