  73.948211  10
  89.904790  10
  189.305395  10
  308.337922  10
  472.862207  10
  679.083388  10
  926.854930  10
  1216.071729  10
  1546.688085  10
  1918.680994  10
  0.006589  10.5
  121.419159  10.5
  184.326074  10.5
  308.579722  10.5
  472.856926  10.5
  679.083450  10.5
  926.854930  10.5
  1216.071729  10.5
  1546.688085  10.5
  1918.680994  10.5
  63.715955  9
  82.678881  9
  176.954739  9
  297.696265  9
  462.422993  9
  668.779395  9
  916.627526  9
  1205.892425  9
  1536.540966  9
  0.014538  9.5
  106.810244  9.5
  173.961077  9.5
  297.808863  9.5
  462.421100  9.5
  668.779412  9.5
  916.627526  9.5
  1205.892425  9.5
  1536.540966  9.5
  53.899578  8
  75.927098  8
  166.289983  8
  288.235152  8
  453.133661  8
  659.593434  8
  907.500616  8
  1196.802615  8
  0.031619  8.5
  93.683886  8.5
  164.618496  8.5
  288.282396  8.5
  453.133077  8.5
  659.593438  8.5
  907.500616  8.5
  1196.802615  8.5
  44.668794  7
  69.708161  7
  157.183214  7
  279.939124  7
  444.976653  7
  651.514312  7
  899.466201  7
  0.067538  7.5
  82.123976  7.5
  156.332532  7.5
  279.956397  7.5
  444.976506  7.5
  651.514313  7.5
  899.466201  7.5
  36.177621  6
  64.081334  6
  149.512437  6
  272.791482  6
  437.936882  6
  644.532188  6
  0.141014  6.5
  72.193891  6.5
  149.129314  6.5
  272.796686  6.5
  437.936856  6.5
  644.532188  6.5
  28.552284  5
  59.107003  5
  143.171993  5
  266.775643  5
  432.001507  5
  0.286135  5.5
  63.932082  5.5
  143.026909  5.5
  266.776802  5.5
  432.001504  5.5
  21.883716  4
  54.848286  4
  138.077502  4
  261.876242  4
  0.560500  4.5
  57.345107  4.5
  138.035753  4.5
  261.876387  4.5
  16.223314  3
  51.373841  3
  134.166572  3
  1.052718  3.5
  52.400431  3.5
  134.159579  3.5
  11.580450  2
  48.761757  2
  1.884640  2.5
  49.023569  2.5
  7.921020  1
  3.204021  1.5
