  63.998873  10
  68.536853  10
  142.552522  10
  206.386922  10
  302.318822  10
  422.682480  10
  567.595135  10
  736.881381  10
  930.473688  10
  1148.338051  10
  0.000258  10.5
  104.833405  10.5
  132.227993  10.5
  207.373504  10.5
  302.279666  10.5
  422.683298  10.5
  567.595125  10.5
  736.881381  10.5
  930.473688  10.5
  1148.338051  10.5
  55.721859  9
  61.982952  9
  128.324440  9
  195.124423  9
  291.231645  9
  411.823118  9
  556.857525  9
  726.220143  9
  919.863485  9
  0.000772  9.5
  90.373758  9.5
  121.831559  9.5
  195.590968  9.5
  291.217523  9.5
  411.823337  9.5
  556.857523  9.5
  726.220143  9.5
  919.863485  9.5
  47.433726  8
  55.751209  8
  116.111131  8
  185.115303  8
  281.411581  8
  402.168231  8
  547.294059  8
  716.714054  8
  0.002275  8.5
  77.085369  8.5
  112.352141  8.5
  185.313228  8.5
  281.407203  8.5
  402.168278  8.5
  547.294059  8.5
  716.714054  8.5
  39.307380  7
  49.917123  7
  105.829965  7
  176.354030  7
  272.822033  7
  393.697189  7
  538.890025  7
  0.006585  7.5
  65.156777  7.5
  103.864419  7.5
  176.426960  7.5
  272.820932  7.5
  393.697196  7.5
  538.890025  7.5
  31.565716  6
  44.560028  6
  97.332796  6
  168.825240  6
  265.433193  6
  386.391879  6
  0.018608  6.5
  54.740321  6.5
  96.430707  6.5
  168.847329  6.5
  265.432992  6.5
  386.391879  6.5
  24.442048  5
  39.760954  5
  90.445252  5
  162.507685  5
  259.220580  5
  0.050909  5.5
  45.953889  5.5
  90.099353  5.5
  162.512627  5.5
  259.220560  5.5
  18.140450  4
  35.601957  4
  85.004234  4
  157.378013  4
  0.133301  4.5
  38.877469  4.5
  84.903906  4.5
  157.378634  4.5
  12.808888  3
  32.168045  3
  80.880230  3
  0.329134  3.5
  33.541180  3.5
  80.863341  3.5
  8.525309  2
  29.552643  2
  0.754166  2.5
  29.908115  2.5
  5.290930  1
  1.583094  1.5
