  39.299146  10
  39.299161  10
  104.642636  10
  104.675470  10
  148.630926  10
  152.644615  10
  175.412442  10
  196.587794  10
  223.577121  10
  254.647481  10
  0.000000  10.5
  74.227631  10.5
  74.228663  10.5
  130.036617  10.5
  130.572334  10.5
  161.123196  10.5
  173.523636  10.5
  196.755342  10.5
  223.570418  10.5
  254.647585  10.5
  35.150708  9
  35.150795  9
  92.066387  9
  92.201144  9
  126.024763  9
  133.597376  9
  154.214279  9
  177.265452  9
  204.824020  9
  0.000000  9.5
  65.915392  9.5
  65.920589  9.5
  112.580917  9.5
  114.195184  9.5
  137.362573  9.5
  153.750269  9.5
  177.288153  9.5
  204.823613  9.5
  31.001373  8
  31.001869  8
  79.313143  8
  79.805420  8
  104.735477  8
  116.192881  8
  136.455403  8
  160.429653  8
  0.000000  8.5
  57.587940  8.5
  57.612570  8.5
  94.572367  8.5
  98.413693  8.5
  117.350241  8.5
  136.382095  8.5
  160.431216  8.5
  26.849948  7
  26.852666  7
  66.173548  7
  67.673350  7
  86.226349  7
  100.895231  7
  121.470794  7
  0.000000  7.5
  49.214936  7.5
  49.322215  7.5
  76.764364  7.5
  83.746595  7.5
  101.116859  7.5
  121.464956  7.5
  22.691824  6
  22.705895  6
  52.677106  6
  56.168157  6
  71.349592  6
  87.926550  6
  0.000000  6.5
  40.704754  6.5
  41.116157  6.5
  60.569588  6.5
  70.742253  6.5
  87.947547  6.5
  18.508553  5
  18.575535  5
  39.714293  5
  45.797217  5
  59.875541  5
  0.000000  5.5
  31.898329  5.5
  33.177339  5.5
  47.225789  5.5
  59.803996  5.5
  14.238055  4
  14.516160  4
  28.581207  4
  37.066712  4
  0.000001  4.5
  22.958463  4.5
  25.860478  4.5
  37.290643  4.5
  9.784530  3
  10.685172  3
  20.246612  3
  0.000042  3.5
  14.855383  3.5
  19.641477  3.5
  5.426089  2
  7.391794  2
  0.001492  2.5
  8.670116  2.5
  2.111043  1
  0.037906  1.5
