  98.146925  10
  176.259249  10
  413.552290  10
  756.211350  10
  1215.198631  10
  1789.366401  10
  2478.556002  10
  3282.703799  10
  4201.781304  10
  5235.774196  10
  0.423166  10.5
  198.254506  10.5
  412.468512  10.5
  756.228646  10.5
  1215.198501  10.5
  1789.366401  10.5
  2478.556002  10.5
  3282.703799  10.5
  4201.781304  10.5
  5235.774196  10.5
  85.515483  9
  168.032651  9
  402.938817  9
  746.173044  9
  1205.295786  9
  1779.534447  9
  2468.764823  9
  3272.938221  9
  4192.032846  9
  0.643333  9.5
  184.417242  9.5
  402.302821  9.5
  746.181041  9.5
  1205.295739  9.5
  1779.534447  9.5
  2468.764823  9.5
  3272.938221  9.5
  4192.032846  9.5
  73.783331  8
  160.475513  8
  393.554486  8
  737.217090  8
  1196.452068  8
  1770.748669  8
  2460.012365  8
  3264.206675  8
  0.966884  8.5
  172.201182  8.5
  393.205851  8.5
  737.220427  8.5
  1196.452054  8.5
  1770.748669  8.5
  2460.012365  8.5
  3264.206675  8.5
  62.992333  7
  153.625093  7
  385.356798  7
  729.335250  7
  1188.661873  7
  1763.005315  7
  2452.295935  7
  1.434523  7.5
  161.600145  7.5
  385.181764  7.5
  729.336465  7.5
  1188.661869  7.5
  1763.005315  7.5
  2452.295935  7.5
  53.170685  6
  147.520823  6
  378.310632  6
  722.520033  6
  1181.920274  6
  1756.301081  6
  2.098083  6.5
  152.594047  6.5
  378.232578  6.5
  722.520398  6.5
  1181.920273  6.5
  1756.301081  6.5
  44.332451  5
  142.205119  5
  372.387813  5
  716.764799  5
  1176.223016  5
  3.020973  5.5
  145.148308  5.5
  372.358463  5.5
  716.764880  5.5
  1176.223016  5.5
  36.477192  4
  137.724257  4
  367.566522  4
  712.063846  4
  4.277480  4.5
  139.214317  4.5
  367.558119  4.5
  712.063856  4.5
  29.589717  3
  134.129273  3
  363.830608  3
  5.950737  3.5
  134.731122  3.5
  363.829205  3.5
  23.640010  2
  131.476739  2
  8.129476  2.5
  131.628250  2.5
  18.583479  1
  10.903968  1.5
