  48.814460  10
  48.949645  10
  115.353426  10
  128.925227  10
  170.744123  10
  218.783259  10
  278.420723  10
  348.511062  10
  428.915138  10
  519.546725  10
  0.000000  10.5
  88.550294  10.5
  90.964363  10.5
  137.359352  10.5
  169.578711  10.5
  218.854255  10.5
  278.418391  10.5
  348.511105  10.5
  428.915138  10.5
  519.546725  10.5
  43.452381  9
  43.738734  9
  98.732054  9
  116.254166  9
  156.732299  9
  205.791216  9
  265.736616  9
  336.031544  9
  416.570218  9
  0.000000  9.5
  77.005392  9.5
  81.096757  9.5
  120.862151  9.5
  156.287342  9.5
  205.810739  9.5
  265.736171  9.5
  336.031549  9.5
  416.570218  9.5
  38.005781  8
  38.589941  8
  83.447028  8
  104.730785  8
  144.686197  8
  194.345128  8
  254.522205  8
  324.964923  8
  0.000003  8.5
  65.308613  8.5
  71.686075  8.5
  106.905649  8.5
  144.542812  8.5
  194.349406  8.5
  254.522145  8.5
  324.964923  8.5
  32.424712  7
  33.556670  7
  69.949028  7
  94.499650  7
  134.374477  7
  184.388909  7
  244.731141  7
  0.000019  7.5
  53.813743  7.5
  62.906437  7.5
  95.360381  7.5
  134.337476  7.5
  184.389577  7.5
  244.731137  7.5
  26.678264  6
  28.720935  6
  58.573368  6
  85.656894  6
  125.640716  6
  175.869372  6
  0.000117  6.5
  43.007747  6.5
  54.939596  6.5
  85.929546  6.5
  125.633843  6.5
  175.869428  6.5
  20.839770  5
  24.195109  5
  49.477490  5
  78.245896  5
  118.381125  5
  0.000710  5.5
  33.359475  5.5
  47.957476  5.5
  78.308575  5.5
  118.380428  5.5
  15.174672  4
  20.115817  4
  42.572370  4
  72.263772  4
  0.004113  4.5
  25.237762  4.5
  42.106806  4.5
  72.271770  4.5
  10.093648  3
  16.631978  3
  37.578167  3
  0.022103  3.5
  18.904606  3.5
  37.497449  3.5
  5.977496  2
  13.895900  2
  0.104947  2.5
  14.515358  2.5
  3.037958  1
  0.411412  1.5
