  77.228075  10
  99.113646  10
  211.670631  10
  354.382379  10
  549.448968  10
  793.831365  10
  1087.365344  10
  1429.957173  10
  1821.565565  10
  2262.169731  10
  0.015315  10.5
  129.026867  10.5
  207.779510  10.5
  354.537856  10.5
  549.446135  10.5
  793.831393  10.5
  1087.365344  10.5
  1429.957173  10.5
  1821.565565  10.5
  2262.169731  10.5
  66.495523  9
  91.701165  9
  199.765200  9
  343.885285  9
  539.144142  9
  783.644834  9
  1077.246259  9
  1419.880458  9
  1811.517202  9
  0.031264  9.5
  114.481549  9.5
  197.443650  9.5
  343.957525  9.5
  539.143127  9.5
  783.644841  9.5
  1077.246259  9.5
  1419.880458  9.5
  1811.517202  9.5
  56.303242  8
  84.802556  8
  189.436139  8
  334.547081  8
  529.966040  8
  774.558310  8
  1068.212226  8
  1410.879407  8
  0.062914  8.5
  101.471278  8.5
  188.147404  8.5
  334.577342  8.5
  529.965727  8.5
  774.558311  8.5
  1068.212226  8.5
  1410.879407  8.5
  46.796683  7
  78.471455  7
  180.569749  7
  326.352824  7
  521.900333  7
  766.562505  7
  1060.256602  7
  0.124388  7.5
  90.059318  7.5
  179.916617  7.5
  326.363874  7.5
  521.900255  7.5
  766.562505  7.5
  1060.256602  7.5
  38.100953  6
  72.762183  6
  173.063675  6
  319.287316  6
  514.934615  6
  759.649249  6
  0.240620  6.5
  80.289693  6.5
  172.770393  6.5
  319.290642  6.5
  514.934601  6.5
  759.649249  6.5
  30.313905  5
  67.730663  5
  166.832139  5
  313.336015  5
  509.058272  5
  0.453208  5.5
  72.182462  5.5
  166.721303  5.5
  313.336756  5.5
  509.058270  5.5
  23.501973  4
  63.436135  4
  161.807754  4
  308.485770  4
  0.826777  4.5
  65.727891  4.5
  161.775905  4.5
  308.485863  4.5
  17.697699  3
  59.943705  3
  157.940976  3
  1.453435  3.5
  60.881902  3.5
  157.935646  3.5
  12.898154  2
  57.327554  2
  2.452056  2.5
  57.566054  2.5
  9.064090  1
  3.960291  1.5
