  64.615832  10
  69.595792  10
  144.591282  10
  211.181344  10
  310.393133  10
  434.879800  10
  584.724385  10
  759.758552  10
  959.916599  10
  1185.165449  10
  0.000326  10.5
  105.618811  10.5
  134.692835  10.5
  212.085062  10.5
  310.358633  10.5
  434.880495  10.5
  584.724378  10.5
  759.758553  10.5
  959.916599  10.5
  1185.165449  10.5
  56.205318  9
  62.995905  9
  130.494661  9
  199.965305  9
  299.359713  9
  424.065683  9
  574.028228  9
  749.136391  9
  949.343892  9
  0.000952  9.5
  91.127579  9.5
  124.293999  9.5
  200.391984  9.5
  299.347277  9.5
  424.065869  9.5
  574.028227  9.5
  749.136391  9.5
  949.343892  9.5
  47.806313  8
  56.728728  8
  118.399556  8
  189.998583  8
  289.583263  8
  414.448927  8
  564.500175  8
  739.664014  8
  0.002746  8.5
  77.836304  8.5
  114.821726  8.5
  190.179394  8.5
  289.579410  8.5
  414.448967  8.5
  564.500175  8.5
  739.664014  8.5
  39.597464  7
  50.868906  7
  108.213428  7
  181.274106  7
  281.029036  7
  406.009695  7
  556.126080  7
  0.007774  7.5
  65.924235  7.5
  106.347459  7.5
  181.340679  7.5
  281.028067  7.5
  406.009701  7.5
  556.126080  7.5
  31.800964  6
  45.494438  6
  99.785314  6
  173.775866  6
  273.668580  6
  398.730569  6
  0.021489  6.5
  55.536139  6.5
  98.930494  6.5
  173.796020  6.5
  273.668403  6.5
  398.730570  6.5
  24.643960  5
  40.684775  5
  92.943932  5
  167.482660  5
  267.478444  5
  0.057520  5.5
  46.783591  5.5
  92.616551  5.5
  167.487167  5.5
  267.478426  5.5
  18.322001  4
  36.520413  4
  87.531967  4
  162.371613  4
  0.147415  4.5
  39.740908  4.5
  87.437080  4.5
  162.372179  4.5
  12.974997  3
  33.085004  3
  83.425566  3
  0.356613  3.5
  34.433045  3.5
  83.409600  3.5
  8.674852  2
  30.470797  2
  0.802090  2.5
  30.819354  2.5
  5.419406  1
  1.657303  1.5
