  40.319660  10
  40.319850  10
  106.555566  10
  106.775024  10
  146.744358  10
  156.741854  10
  182.355649  10
  211.063822  10
  245.262706  10
  284.286008  10
  0.000000  10.5
  75.956034  10.5
  75.965769  10.5
  130.684280  10.5
  133.011895  10.5
  161.052189  10.5
  181.801447  10.5
  211.096263  10.5
  245.261773  10.5
  284.286019  10.5
  36.053504  9
  36.054349  9
  93.371285  9
  94.032195  9
  124.709100  9
  138.926639  9
  164.142185  9
  193.820071  9
  228.454993  9
  0.000000  9.5
  67.384339  9.5
  67.421036  9.5
  111.974489  9.5
  116.826280  9.5
  140.478454  9.5
  164.022634  9.5
  193.824204  9.5
  228.454938  9.5
  31.784860  8
  31.788490  8
  79.800294  8
  81.536664  8
  105.255279  8
  123.033248  8
  148.505151  8
  178.732070  8
  0.000000  8.5
  58.763818  8.5
  58.893559  8.5
  93.413566  8.5
  101.662054  8.5
  123.436014  8.5
  148.487639  8.5
  178.732343  8.5
  27.509604  7
  27.524548  7
  65.826539  7
  69.575802  7
  89.148217  7
  109.254863  7
  135.118809  7
  0.000000  7.5
  50.017789  7.5
  50.436343  7.5
  76.182220  7.5
  87.963738  7.5
  109.324635  7.5
  135.117477  7.5
  23.214202  6
  23.272210  6
  52.068229  6
  58.546136  6
  76.338800  6
  97.610398  6
  0.000000  6.5
  41.007799  6.5
  42.180404  6.5
  61.375242  6.5
  76.084576  6.5
  97.616657  6.5
  18.858146  5
  19.064464  5
  39.603747  5
  48.869294  5
  66.233860  5
  0.000000  5.5
  31.721926  5.5
  34.374842  5.5
  49.672376  5.5
  66.205951  5.5
  14.355895  4
  14.991635  4
  29.384839  4
  40.883297  4
  0.000010  4.5
  22.717396  4.5
  27.376692  4.5
  40.998037  4.5
  9.702096  3
  11.242712  3
  21.982308  3
  0.000236  3.5
  14.960859  3.5
  21.573372  3.5
  5.377206  2
  8.105332  2
  0.004747  2.5
  9.216024  2.5
  2.200607  1
  0.069724  1.5
