  51.672309  10
  52.022282  10
  118.020206  10
  139.047147  10
  187.815685  10
  246.802155  10
  318.898873  10
  403.438293  10
  500.295665  10
  609.402920  10
  0.000001  10.5
  91.822040  10.5
  96.745731  10.5
  144.700927  10.5
  187.247293  10.5
  246.829073  10.5
  318.898170  10.5
  403.438304  10.5
  500.295664  10.5
  609.402920  10.5
  45.859321  9
  46.522594  9
  101.544880  9
  126.662102  9
  174.804828  9
  234.464227  9
  306.812911  9
  391.513837  9
  488.478225  9
  0.000003  9.5
  79.307326  9.5
  86.668479  9.5
  129.585763  9.5
  174.593090  9.5
  234.471552  9.5
  306.812777  9.5
  391.513838  9.5
  488.478225  9.5
  39.920102  8
  41.127997  8
  86.750738  8
  115.506073  8
  163.489820  8
  223.567641  8
  296.103194  8
  380.921925  8
  0.000017  8.5
  66.935932  8.5
  77.179449  8.5
  116.826746  8.5
  163.422683  8.5
  223.569234  8.5
  296.103177  8.5
  380.921926  8.5
  33.820359  7
  35.905416  7
  73.949842  7
  105.669663  7
  153.724312  7
  214.065646  7
  286.734309  7
  0.000087  7.5
  55.124551  7.5
  68.435882  7.5
  106.176868  7.5
  153.707169  7.5
  214.065893  7.5
  286.734308  7.5
  27.589898  6
  30.945589  6
  63.328287  6
  97.202396  6
  145.407353  6
  205.915881  6
  0.000441  6.5
  44.297358  6.5
  60.590147  6.5
  97.360120  6.5
  145.404190  6.5
  205.915902  6.5
  21.395927  5
  26.360251  5
  54.888057  5
  90.115278  5
  138.467868  5
  0.002165  5.5
  34.810416  5.5
  53.778397  5.5
  90.151148  5.5
  138.467548  5.5
  15.554917  4
  22.274697  4
  48.444281  4
  84.389892  4
  0.010142  4.5
  26.933651  4.5
  48.111387  4.5
  84.394442  4.5
  10.434491  3
  18.819444  3
  43.725004  3
  0.044132  3.5
  20.856263  3.5
  43.667921  3.5
  6.325345  2
  16.127804  2
  0.171195  2.5
  16.674872  2.5
  3.366731  1
  0.563190  1.5
