  85.739573  10
  127.356761  10
  283.697178  10
  499.231139  10
  789.746208  10
  1153.383017  10
  1589.971175  10
  2099.434928  10
  2681.740458  10
  3336.870745  10
  0.084974  10.5
  153.513582  10.5
  281.541259  10.5
  499.286818  10.5
  789.745539  10.5
  1153.383021  10.5
  1589.971175  10.5
  2099.434928  10.5
  2681.740458  10.5
  3336.870745  10.5
  74.034598  9
  119.543488  9
  272.557425  9
  488.994818  9
  779.673614  9
  1143.400814  9
  1580.040879  9
  2089.537240  9
  2671.864587  9
  0.148519  9.5
  139.237666  9.5
  271.284959  9.5
  489.020609  9.5
  779.673374  9.5
  1143.400816  9.5
  1580.040879  9.5
  2089.537240  9.5
  2671.864587  9.5
  63.089090  8
  112.323991  8
  262.791103  8
  479.875116  8
  770.688423  8
  1134.487491  8
  1571.168883  8
  2080.691203  8
  0.256109  8.5
  126.567965  8.5
  262.090462  8.5
  479.885894  8.5
  770.688349  8.5
  1134.487492  8.5
  1571.168883  8.5
  2080.691203  8.5
  52.991788  7
  105.742470  7
  254.323083  7
  471.860081  7
  762.781488  7
  1126.636990  7
  1563.350847  7
  0.434650  7.5
  115.529583  7.5
  253.970121  7.5
  471.864010  7.5
  762.781469  7.5
  1126.636990  7.5
  1563.350847  7.5
  43.812044  6
  99.844631  6
  247.089954  6
  464.938434  6
  755.944811  6
  1119.843976  6
  0.723993  6.5
  106.130101  6.5
  246.932148  6.5
  464.939615  6.5
  755.944807  6.5
  1119.843976  6.5
  35.598045  5
  94.678777  5
  241.040422  5
  459.099912  5
  750.171502  5
  1.180225  5.5
  98.356446  5.5
  240.980970  5.5
  459.100174  5.5
  750.171502  5.5
  28.375637  4
  90.297255  4
  236.134793  4
  454.335536  4
  1.877738  4.5
  92.172695  4.5
  236.117746  4.5
  454.335569  4.5
  22.147487  3
  86.758186  3
  232.343915  3
  2.908854  3.5
  87.520063  3.5
  232.341067  3.5
  16.892535  2
  84.127271  2
  4.380207  2.5
  84.319864  2.5
  12.565928  1
  6.406060  1.5
