  70.826482  10
  82.148890  10
  171.255425  10
  270.325812  10
  409.488001  10
  584.009298  10
  793.779443  10
  1038.678654  10
  1318.655929  10
  1633.685598  10
  0.002664  10.5
  115.212266  10.5
  164.947320  10.5
  270.699592  10.5
  409.478221  10.5
  584.009435  10.5
  793.779442  10.5
  1038.678654  10.5
  1318.655929  10.5
  1633.685598  10.5
  61.145334  9
  75.117350  9
  158.391337  9
  259.519258  9
  398.889264  9
  573.566754  9
  783.424461  9
  1028.378644  9
  1308.392693  9
  0.006395  9.5
  100.582550  9.5
  154.559993  9.5
  259.693844  9.5
  398.885754  9.5
  573.566791  9.5
  783.424461  9.5
  1028.378644  9.5
  1308.392693  9.5
  51.744658  8
  68.517023  8
  147.327828  8
  249.916071  8
  389.468348  8
  564.263622  8
  774.188248  8
  1019.184467  8
  0.015131  8.5
  87.366647  8.5
  145.171860  8.5
  249.989488  8.5
  389.467263  8.5
  564.263630  8.5
  774.188247  8.5
  1019.184467  8.5
  42.812196  7
  62.412043  7
  137.930724  7
  241.501374  7
  381.203591  7
  556.086418  7
  766.061178  7
  0.035152  7.5
  75.672883  7.5
  136.827225  7.5
  241.528259  7.5
  381.203319  7.5
  556.086420  7.5
  766.061178  7.5
  34.530824  6
  56.867314  6
  130.059880  6
  234.257470  6
  374.076583  6
  549.023297  6
  0.079775  6.5
  65.586611  6.5
  129.560926  6.5
  234.265579  6.5
  374.076534  6.5
  549.023297  6.5
  27.058690  5
  51.948523  5
  123.587502  5
  228.165807  5
  368.071760  5
  0.175669  5.5
  57.166987  5.5
  123.398049  5.5
  228.167616  5.5
  368.071755  5.5
  20.515934  4
  47.723428  4
  118.408769  4
  223.208624  4
  0.372297  4.5
  50.439687  4.5
  118.354156  4.5
  223.208851  4.5
  14.977209  3
  44.264745  3
  114.445322  3
  0.752609  3.5
  45.387180  3.5
  114.436164  3.5
  10.467621  2
  41.654710  2
  1.439401  2.5
  41.942047  2.5
  6.960410  1
  2.589968  1.5
