  44.488932  10
  44.505129  10
  111.942839  10
  116.329797  10
  151.682501  10
  182.770962  10
  224.841114  10
  274.557699  10
  331.856704  10
  396.590253  10
  0.000000  10.5
  82.646936  10.5
  83.084056  10.5
  131.382245  10.5
  147.740906  10.5
  183.186257  10.5
  224.819669  10.5
  274.558302  10.5
  331.856695  10.5
  396.590253  10.5
  39.720015  9
  39.763707  9
  96.109853  9
  103.332740  9
  134.789173  9
  168.175547  9
  210.642788  9
  260.692722  9
  318.202970  9
  0.000000  9.5
  72.757827  9.5
  73.734210  9.5
  112.650621  9.5
  133.127565  9.5
  168.294366  9.5
  210.638612  9.5
  260.692795  9.5
  318.202970  9.5
  34.924015  8
  35.037893  8
  80.617905  8
  91.198321  8
  120.650828  8
  155.361473  8
  198.164582  8
  248.447502  8
  0.000000  8.5
  62.590518  8.5
  64.599075  8.5
  96.172772  8.5
  120.079936  8.5
  155.388212  8.5
  198.164010  8.5
  248.447506  8.5
  30.069342  7
  30.352675  7
  66.190993  7
  80.186733  7
  108.854725  7
  144.271892  7
  187.324199  7
  0.000001  7.5
  52.148943  7.5
  55.843660  7.5
  82.365758  7.5
  108.701466  7.5
  144.276146  7.5
  187.324158  7.5
  25.100164  6
  25.759868  6
  53.483736  6
  70.519953  6
  99.042140  6
  134.833397  6
  0.000006  6.5
  41.730303  6.5
  47.683170  6.5
  71.258673  6.5
  99.012978  6.5
  134.833759  6.5
  19.960946  5
  21.352864  5
  42.991716  5
  62.350330  5
  90.978378  5
  0.000062  5.5
  31.923410  5.5
  40.358208  5.5
  62.526871  5.5
  90.975377  5.5
  14.721005  4
  17.274558  4
  34.960192  4
  55.745354  4
  0.000574  4.5
  23.351022  4.5
  34.100920  4.5
  55.768349  4.5
  9.739088  3
  13.708034  3
  29.258382  3
  0.004943  3.5
  16.486382  3.5
  29.103994  3.5
  5.559754  2
  10.853282  2
  0.037187  2.5
  11.635726  2.5
  2.589328  1
  0.219267  1.5
