  64783.070238  10
  560309.439610  10
  1556311.458737  10
  3050319.416966  10
  5042331.000241  10
  7532345.791863  10
  10520363.672775  10
  14006384.598329  10
  17990408.548683  10
  22472435.513914  10
  59792.678217  10.5
  560309.811594  10.5
  1556311.458733  10.5
  3050319.416966  10.5
  5042331.000241  10.5
  7532345.791863  10.5
  10520363.672775  10.5
  14006384.598329  10.5
  17990408.548683  10.5
  22472435.513914  10.5
  64526.393804  9
  560298.802664  9
  1556301.562796  9
  3050309.718972  9
  5042321.381427  9
  7532336.212639  9
  10520354.116174  9
  14006375.055868  9
  17990399.015648  9
  60035.105234  9.5
  560299.073200  9.5
  1556301.562794  9.5
  3050309.718972  9.5
  5042321.381427  9.5
  7532336.212639  9.5
  10520354.116174  9.5
  14006375.055868  9.5
  17990399.015648  9.5
  64270.477426  8
  560289.280614  8
  1556292.708544  8
  3050301.041825  8
  5042312.775123  8
  7532327.641757  8
  10520345.565533  8
  14006366.517877  8
  60278.272019  8.5
  560289.469990  8.5
  1556292.708543  8.5
  3050301.041825  8.5
  5042312.775123  8.5
  7532327.641757  8.5
  10520345.565533  8.5
  14006366.517877  8.5
  64015.319996  7
  560280.874578  7
  1556284.895978  7
  3050293.385524  7
  5042305.181328  7
  7532320.079216  7
  10520338.020851  7
  60522.179717  7.5
  560281.000830  7.5
  1556284.895977  7.5
  3050293.385524  7.5
  5042305.181328  7.5
  7532320.079216  7.5
  10520338.020851  7.5
  63760.920404  6
  560273.585678  6
  1556278.125093  6
  3050286.750066  6
  5042298.600042  6
  7532313.525015  6
  60766.829473  6.5
  560273.664586  6.5
  1556278.125093  6.5
  3050286.750066  6.5
  5042298.600042  6.5
  7532313.525015  6.5
  63507.277538  5
  560267.415035  5
  1556272.395889  5
  3050281.135451  5
  5042293.031263  5
  61012.222428  5.5
  560267.460125  5.5
  1556272.395889  5.5
  3050281.135451  5.5
  5042293.031263  5.5
  63254.390283  4
  560262.363772  4
  1556267.708361  4
  3050276.541677  4
  61258.359722  4.5
  560262.386317  4.5
  1556267.708361  4.5
  3050276.541677  4.5
  63002.257522  3
  560258.433011  3
  1556264.062508  3
  61505.242492  3.5
  560258.442029  3.5
  1556264.062508  3.5
  62750.878136  2
  560255.623878  2
  61752.871873  2.5
  560255.626133  2.5
  62500.251003  1
  62001.248999  1.5
