  50.794903  10
  51.062681  10
  117.124845  10
  135.773745  10
  182.246844  10
  237.824019  10
  305.991363  10
  385.971066  10
  477.633189  10
  580.904943  10
  0.000000  10.5
  90.861930  10.5
  94.908404  10.5
  142.171083  10.5
  181.542861  10.5
  237.859855  10.5
  305.990362  10.5
  385.971082  10.5
  477.633189  10.5
  580.904943  10.5
  45.125918  9
  45.649702  9
  100.573195  9
  123.299547  9
  168.973184  9
  225.307223  9
  293.742273  9
  373.894878  9
  465.671378  9
  0.000002  9.5
  78.623515  9.5
  84.886864  9.5
  126.656710  9.5
  168.709366  9.5
  225.317000  9.5
  293.742083  9.5
  373.894880  9.5
  465.671378  9.5
  39.342748  8
  40.327883  8
  85.614584  8
  112.035216  8
  157.463831  8
  214.260556  8
  282.894663  8
  363.173055  8
  0.000010  8.5
  66.430394  8.5
  75.416041  8.5
  113.568754  8.5
  157.379847  8.5
  214.262686  8.5
  282.894638  8.5
  363.173055  8.5
  33.403466  7
  35.160567  7
  72.600007  7
  102.086057  7
  147.551229  7
  204.634442  7
  273.410265  7
  0.000056  7.5
  54.693958  7.5
  66.659110  7.5
  102.679422  7.5
  147.529728  7.5
  204.634773  7.5
  273.410263  7.5
  27.316851  6
  30.236605  6
  61.758843  6
  93.513681  6
  139.121008  6
  196.383514  6
  0.000303  6.5
  43.862962  6.5
  58.777284  6.5
  93.699045  6.5
  139.117035  6.5
  196.383542  6.5
  21.223657  5
  25.668590  5
  53.135308  5
  86.337020  5
  132.094090  5
  0.001579  5.5
  34.325339  5.5
  51.916825  5.5
  86.379290  5.5
  132.093689  5.5
  15.430872  4
  21.585452  4
  46.565818  4
  80.541097  4
  0.007853  4.5
  26.377044  4.5
  46.198320  4.5
  80.546467  4.5
  10.321940  3
  18.122938  3
  41.772065  3
  0.036263  3.5
  20.226644  3.5
  41.708869  3.5
  6.213000  2
  15.419491  2
  0.148857  2.5
  15.986856  2.5
  3.262605  1
  0.514216  1.5
