  52.047876  10
  52.438189  10
  118.427654  10
  140.495587  10
  190.287057  10
  250.752421  10
  324.563563  10
  411.093201  10
  510.218857  10
  621.874311  10
  0.000001  10.5
  92.223053  10.5
  97.551045  10.5
  145.857428  10.5
  189.767594  10.5
  250.776298  10.5
  324.562957  10.5
  411.093210  10.5
  510.218857  10.5
  621.874311  10.5
  46.171705  9
  46.901915  9
  101.991562  9
  128.148745  9
  177.379289  9
  238.486147  9
  312.542896  9
  399.229548  9
  498.459310  9
  0.000004  9.5
  79.596536  9.5
  87.451988  9.5
  130.905533  9.5
  177.186212  9.5
  238.492638  9.5
  312.542781  9.5
  399.229549  9.5
  498.459310  9.5
  40.164523  8
  41.476856  8
  87.270477  8
  117.037838  8
  166.141085  8
  227.649663  8
  301.888424  8
  388.689727  8
  0.000020  8.5
  67.155948  8.5
  77.956471  8.5
  118.277816  8.5
  166.079956  8.5
  227.651074  8.5
  301.888408  8.5
  388.689727  8.5
  33.996051  7
  36.231315  7
  74.560458  7
  107.247633  7
  156.434095  7
  218.197393  7
  292.565851  7
  0.000104  7.5
  55.317368  7.5
  69.219082  7.5
  107.722503  7.5
  156.418502  7.5
  218.197612  7.5
  292.565850  7.5
  27.705475  6
  31.256652  6
  64.029691  6
  98.822993  6
  148.162394  6
  210.088185  6
  0.000514  6.5
  44.493882  6.5
  61.388488  6.5
  98.970405  6.5
  148.159519  6.5
  210.088203  6.5
  21.470444  5
  26.664097  5
  55.663596  5
  91.771959  5
  141.257933  5
  0.002464  5.5
  35.028759  5.5
  54.596732  5.5
  91.805449  5.5
  141.257643  5.5
  15.610052  4
  22.577380  4
  49.270036  4
  86.074909  4
  0.011262  4.5
  27.181733  4.5
  48.950641  4.5
  86.079154  4.5
  10.484756  3
  19.124885  3
  44.580447  3
  0.047830  3.5
  21.134329  3.5
  44.525738  3.5
  6.374937  2
  16.437886  2
  0.181330  2.5
  16.976700  2.5
  3.412241  1
  0.584844  1.5
