  57.445926  10
  58.877369  10
  126.259548  10
  164.883195  10
  231.989217  10
  315.731895  10
  416.957089  10
  535.358142  10
  670.842496  10
  823.362983  10
  0.000016  10.5
  97.649748  10.5
  110.675322  10.5
  167.379909  10.5
  231.835145  10.5
  315.736728  10.5
  416.957004  10.5
  535.358143  10.5
  670.842495  10.5
  823.362983  10.5
  50.562843  9
  52.848730  9
  110.671255  9
  153.066027  9
  220.151341  9
  304.260890  9
  405.660690  9
  524.171516  9
  659.729037  9
  0.000061  9.5
  83.836793  9.5
  100.366841  9.5
  154.280680  9.5
  220.095206  9.5
  304.262192  9.5
  405.660674  9.5
  524.171516  9.5
  659.729037  9.5
  43.526193  8
  47.025641  8
  97.090269  8
  142.526219  8
  209.732043  8
  294.091564  8
  395.620845  8
  514.212892  8
  0.000237  8.5
  70.765963  8.5
  90.839418  8.5
  143.051663  8.5
  209.714513  8.5
  294.091845  8.5
  395.620842  8.5
  514.212892  8.5
  36.399129  7
  41.487028  7
  85.607365  7
  133.289415  7
  200.662348  7
  285.192330  7
  386.814825  7
  0.000895  7.5
  58.755357  7.5
  82.208242  7.5
  133.485573  7.5
  200.657918  7.5
  285.192374  7.5
  386.814825  7.5
  29.348020  6
  36.324070  6
  76.181820  6
  125.357745  6
  192.890237  6
  277.535327  6
  0.003304  6.5
  48.069600  6.5
  74.575668  6.5
  125.417672  6.5
  192.889425  6.5
  277.535331  6.5
  22.633421  5
  31.635737  5
  68.654457  5
  118.715531  5
  186.375433  5
  0.011806  5.5
  38.916635  5.5
  68.026589  5.5
  118.729014  5.5
  186.375352  5.5
  16.549002  4
  27.524337  4
  62.809282  4
  113.336463  4
  0.040253  4.5
  31.451490  4.5
  62.625032  4.5
  113.338162  4.5
  11.347994  3
  24.093748  3
  58.443567  3
  0.128211  3.5
  25.771644  3.5
  58.412345  3.5
  7.194477  2
  21.453346  2
  0.371106  2.5
  21.894644  2.5
  4.141197  1
  0.950160  1.5
