  376.566872  10
  1816.445461  10
  4950.275910  10
  9651.322436  10
  15920.396079  10
  23757.059781  10
  33161.191210  10
  44132.744399  10
  56671.698896  10
  70778.044469  10
  89.798243  10.5
  1823.022853  10.5
  4950.254723  10.5
  9651.322460  10.5
  15920.396079  10.5
  23757.059781  10.5
  33161.191210  10.5
  44132.744399  10.5
  56671.698896  10.5
  70778.044469  10.5
  354.633116  9
  1806.599466  9
  4940.341458  9
  9641.599862  9
  15910.756896  9
  23747.462384  9
  33151.617717  9
  44123.185856  9
  56662.150323  9
  97.661644  9.5
  1811.392128  9.5
  4940.329095  9.5
  9641.599874  9.5
  15910.756896  9.5
  23747.462384  9.5
  33151.617717  9.5
  44123.185856  9.5
  56662.150323  9.5
  333.597241  8
  1797.713383  8
  4931.457449  8
  9632.902626  8
  15902.133541  8
  23738.876035  8
  33143.052533  8
  44114.633907  8
  106.073487  8.5
  1801.073957  8.5
  4931.450704  8.5
  9632.902630  8.5
  15902.133541  8.5
  23738.876035  8.5
  33143.052533  8.5
  44114.633907  8.5
  313.446680  7
  1789.804100  7
  4923.622205  7
  9625.230090  7
  15894.525621  7
  23731.300468  7
  33135.495466  7
  115.057624  7.5
  1792.047847  7.5
  4923.618832  7.5
  9625.230092  7.5
  15894.525621  7.5
  23731.300468  7.5
  33135.495466  7.5
  294.167864  6
  1782.888945  6
  4916.834302  6
  9618.581695  6
  15887.932791  6
  23724.735449  6
  124.637757  6.5
  1784.293111  6.5
  4916.832803  6.5
  9618.581695  6.5
  15887.932791  6.5
  23724.735449  6.5
  275.746247  5
  1776.985674  5
  4911.092549  5
  9612.956953  5
  15882.354750  5
  134.837347  5.5
  1777.788937  5.5
  4911.091986  5.5
  9612.956953  5.5
  15882.354750  5.5
  258.166332  4
  1772.112465  4
  4906.395977  4
  9608.355452  4
  145.679540  4.5
  1772.514458  4.5
  4906.395816  4.5
  9608.355452  4.5
  241.411691  3
  1768.287904  3
  4902.743826  3
  157.187088  3.5
  1768.448814  3.5
  4902.743799  3.5
  225.465004  2
  1765.530968  2
  169.382276  2.5
  1765.571215  2.5
  210.308093  1
  182.286853  1.5
