  42.659721  10
  42.663677  10
  110.055841  10
  111.876856  10
  147.258495  10
  170.011378  10
  204.794388  10
  245.898571  10
  293.529689  10
  347.464853  10
  0.000000  10.5
  79.805085  10.5
  79.938436  10.5
  130.741739  10.5
  140.405702  10.5
  171.060225  10.5
  204.722666  10.5
  245.901153  10.5
  293.529642  10.5
  347.464853  10.5
  38.117112  9
  38.129615  9
  95.219522  9
  98.868838  9
  128.280083  9
  154.313108  9
  189.455467  9
  231.017994  9
  278.923272  9
  0.000000  9.5
  70.549950  9.5
  70.903580  9.5
  111.389892  9.5
  125.091958  9.5
  154.627284  9.5
  189.441197  9.5
  231.018308  9.5
  278.923269  9.5
  33.562386  8
  33.600608  8
  80.169954  8
  86.501181  8
  112.420804  8
  140.517754  8
  176.044468  8
  217.914274  8
  0.000000  8.5
  61.110172  8.5
  61.980749  8.5
  93.734715  8.5
  111.243314  8.5
  140.590526  8.5
  176.042484  8.5
  217.914295  8.5
  28.977870  7
  29.089635  7
  65.581556  7
  75.082408  7
  99.405045  7
  128.602909  7
  164.438315  7
  0.000000  7.5
  51.377206  7.5
  53.301184  7.5
  78.521107  7.5
  99.074591  7.5
  128.614703  7.5
  164.438169  7.5
  24.322965  6
  24.629865  6
  52.292948  6
  64.914819  6
  88.753098  6
  118.495258  6
  0.000001  6.5
  41.406024  6.5
  45.070843  6.5
  66.160836  6.5
  88.688593  6.5
  118.496275  6.5
  19.527748  5
  20.294028  5
  41.016960  5
  56.239857  5
  80.091494  5
  0.000012  5.5
  31.657204  5.5
  37.556091  5.5
  56.550035  5.5
  80.084760  5.5
  14.563155  4
  16.214832  4
  32.230465  4
  49.197699  4
  0.000158  4.5
  22.867403  4.5
  31.042050  4.5
  49.238951  4.5
  9.670331  3
  12.587868  3
  26.003962  3
  0.001866  3.5
  15.683831  3.5
  25.783273  3.5
  5.437873  2
  9.645257  2
  0.019138  2.5
  10.535198  2.5
  2.414072  1
  0.149675  1.5
