  47.264580  10
  47.336200  10
  114.135952  10
  124.055904  10
  162.841659  10
  205.005850  10
  258.227632  10
  320.886292  10
  392.843174  10
  473.997387  10
  0.000000  10.5
  86.576004  10.5
  88.043876  10.5
  134.486680  10.5
  161.072061  10.5
  205.132797  10.5
  258.222825  10.5
  320.886393  10.5
  392.843172  10.5
  473.997387  10.5
  42.126180  9
  42.289386  9
  97.603979  9
  111.242656  9
  148.053539  9
  191.550751  9
  245.115807  9
  308.012237  9
  380.124418  9
  0.000000  9.5
  75.621867  9.5
  78.329383  9.5
  117.167602  9.5
  147.362477  9.5
  191.585981  9.5
  245.114886  9.5
  308.012249  9.5
  380.124418  9.5
  36.926322  8
  37.284941  8
  82.132417  8
  99.504022  8
  135.451435  8
  179.713785  8
  233.542185  8
  296.609078  8
  0.000001  8.5
  64.409992  8.5
  68.989744  8.5
  102.399511  8.5
  135.225498  8.5
  179.721554  8.5
  233.542061  8.5
  296.609079  8.5
  31.617091  7
  32.366859  7
  68.266492  7
  89.021671  7
  124.736334  7
  169.434547  7
  223.451678  7
  0.000007  7.5
  53.195664  7.5
  60.203200  7.5
  90.197470  7.5
  124.677493  7.5
  169.435767  7.5
  223.451669  7.5
  26.147726  6
  27.608882  6
  56.436259  6
  79.927539  6
  115.701647  6
  160.652701  6
  0.000049  6.5
  42.458124  6.5
  52.167007  6.5
  80.306057  6.5
  115.690654  6.5
  160.652804  6.5
  20.537202  5
  23.120252  5
  46.904468  5
  72.292882  5
  108.213971  5
  0.000340  5.5
  32.732088  5.5
  45.076077  5.5
  72.380703  5.5
  108.212852  5.5
  14.996264  4
  19.042393  4
  39.671829  4
  66.130595  4
  0.002269  4.5
  24.461157  4.5
  39.102425  4.5
  66.141858  4.5
  9.941603  3
  15.535848  3
  34.478562  3
  0.014042  3.5
  17.962991  3.5
  34.378950  3.5
  5.811271  2
  12.766643  2
  0.076435  2.5
  13.434792  2.5
  2.871129  1
  0.337785  1.5
