  99.700884  10
  182.833924  10
  431.247237  10
  791.080532  10
  1272.892600  10
  1875.586025  10
  2599.003582  10
  3443.082583  10
  4407.794967  10
  5493.126628  10
  0.492446  10.5
  204.405184  10.5
  430.239939  10.5
  791.095818  10.5
  1272.892491  10.5
  1875.586025  10.5
  2599.003582  10.5
  3443.082583  10.5
  4407.794967  10.5
  5493.126628  10.5
  86.974758  9
  174.565897  9
  420.674045  9
  781.058433  9
  1263.003458  9
  1865.766229  9
  2589.223670  9
  3433.327711  9
  4398.056839  9
  0.739217  9.5
  190.618927  9.5
  420.083159  9.5
  781.065500  9.5
  1263.003419  9.5
  1865.766229  9.5
  2589.223670  9.5
  3433.327711  9.5
  4398.056839  9.5
  75.157370  8
  166.974666  8
  411.318975  8
  772.115816  8
  1254.171176  8
  1856.990777  8
  2580.480899  8
  3424.605448  8
  1.097263  8.5
  178.452204  8.5
  410.995168  8.5
  772.118765  8.5
  1254.171164  8.5
  1856.990777  8.5
  2580.480899  8.5
  3424.605448  8.5
  64.286829  7
  160.096925  7
  403.142102  7
  764.244794  7
  1246.390426  7
  1849.256105  7
  2572.772706  7
  1.608421  7.5
  167.896283  7.5
  402.979573  7.5
  764.245868  7.5
  1246.390423  7.5
  1849.256105  7.5
  2572.772706  7.5
  54.388149  6
  153.971583  6
  396.110454  6
  757.438207  6
  1239.656528  6
  1842.559067  6
  2.325270  6.5
  158.929025  6.5
  396.037990  6.5
  757.438529  6.5
  1239.656527  6.5
  1842.559067  6.5
  45.472835  5
  148.640519  5
  390.197581  5
  751.689724  5
  1233.965434  5
  3.311381  5.5
  151.514496  5.5
  390.170337  5.5
  751.689796  5.5
  1233.965434  5.5
  37.538556  4
  144.149413  4
  385.382987  4
  746.993913  4
  4.640473  4.5
  145.603567  4.5
  385.375188  4.5
  746.993922  4.5
  30.568929  3
  140.548570  3
  381.651484  3
  6.394369  3.5
  141.135641  3.5
  381.650182  3.5
  24.533474  2
  137.893624  2
  8.659873  2.5
  138.041365  2.5
  19.387882  1
  11.524952  1.5
