  46.181786  10
  46.224576  10
  113.315532  10
  120.894967  10
  157.974680  10
  195.953019  10
  244.788790  10
  302.366212  10
  368.557640  10
  443.248293  10
  0.000000  10.5
  85.102919  10.5
  86.073807  10.5
  132.960212  10.5
  155.574684  10.5
  196.149516  10.5
  244.780482  10.5
  302.366407  10.5
  368.557638  10.5
  443.248293  10.5
  41.191878  9
  41.295284  9
  96.956579  9
  107.995142  9
  142.495898  9
  182.110007  9
  231.313954  9
  289.159101  9
  355.524006  9
  0.000000  9.5
  74.570420  9.5
  76.486548  9.5
  115.064779  9.5
  141.537205  9.5
  182.165029  9.5
  231.312354  9.5
  289.159125  9.5
  355.524006  9.5
  36.155322  8
  36.396486  8
  81.413680  8
  96.101787  8
  129.399264  8
  169.943504  8
  219.436725  8
  277.472414  8
  0.000000  8.5
  63.744430  8.5
  67.212980  8.5
  99.662639  8.5
  129.081269  8.5
  169.955710  8.5
  219.436507  8.5
  277.472415  8.5
  31.029115  7
  31.564948  7
  67.306432  7
  85.425772  7
  118.332303  7
  159.391644  7
  209.093837  7
  0.000003  7.5
  52.786622  7.5
  58.430219  7.5
  86.906998  7.5
  118.248741  7.5
  159.393568  7.5
  209.093821  7.5
  25.755816  6
  26.866945  6
  55.141765  6
  76.129763  6
  109.039993  6
  150.388729  6
  0.000024  6.5
  42.135865  6.5
  50.344891  6.5
  76.614121  6.5
  109.024295  6.5
  150.388892  6.5
  20.319961  5
  22.407379  5
  45.265116  5
  68.310888  5
  101.359282  5
  0.000188  5.5
  32.365384  5.5
  43.169338  5.5
  68.424267  5.5
  101.357679  5.5
  14.882531  4
  18.329738  4
  37.759006  4
  61.998173  4
  0.001406  4.5
  23.982192  4.5
  37.096453  4.5
  62.012782  4.5
  9.850898  3
  14.803258  3
  32.395884  3
  0.009756  3.5
  17.353814  3.5
  32.279008  3.5
  5.705427  2
  12.005529  2
  0.059373  2.5
  12.713275  2.5
  2.758757  1
  0.289603  1.5
