  45.696838  10
  45.730005  10
  112.941193  10
  119.541184  10
  155.994015  10
  192.053070  10
  238.942501  10
  294.263022  10
  357.897347  10
  429.723003  10
  0.000000  10.5
  84.418032  10.5
  85.207260  10.5
  132.407099  10.5
  153.233820  10.5
  192.294389  10.5
  238.931739  10.5
  294.263286  10.5
  357.897343  10.5
  429.723003  10.5
  40.771546  9
  40.854052  9
  96.697594  9
  106.607766  9
  140.156011  9
  178.014918  9
  225.282852  9
  280.887059  9
  344.704321  9
  0.000000  9.5
  74.073204  9.5
  75.682996  9.5
  114.259995  9.5
  139.039325  9.5
  178.082830  9.5
  225.280774  9.5
  280.887091  9.5
  344.704321  9.5
  35.805711  8
  36.003847  8
  81.145139  8
  94.644732  8
  126.799899  8
  165.681673  8
  213.251550  8
  269.056826  8
  0.000000  8.5
  63.430470  8.5
  66.444293  8.5
  98.558301  8.5
  126.426463  8.5
  165.696790  8.5
  213.251267  8.5
  269.056828  8.5
  30.759239  7
  31.212811  7
  66.937110  7
  83.876768  7
  115.550254  7
  154.991670  7
  202.780847  7
  0.000002  7.5
  52.605770  7.5
  57.666287  7.5
  85.525778  7.5
  115.451632  7.5
  154.994058  7.5
  202.780826  7.5
  25.573687  6
  26.543413  6
  54.618922  6
  74.482053  6
  106.125933  6
  145.876814  6
  0.000017  6.5
  42.007728  6.5
  49.559040  6.5
  75.025946  6.5
  106.107350  6.5
  145.877017  6.5
  20.220034  5
  22.097902  5
  44.575943  5
  66.571459  5
  98.347150  5
  0.000140  5.5
  32.221633  5.5
  42.342964  5.5
  66.699401  5.5
  98.345249  5.5
  14.834338  4
  18.020176  4
  36.932837  4
  60.183096  4
  0.001111  4.5
  23.785918  4.5
  36.221311  4.5
  60.199624  4.5
  9.814873  3
  14.483451  3
  31.483109  3
  0.008157  3.5
  17.094383  3.5
  31.357032  3.5
  5.661051  2
  11.671142  2
  0.052467  2.5
  12.398485  2.5
  2.709467  1
  0.268847  1.5
