  39.183810  10
  39.183820  10
  104.415488  10
  104.439542  10
  148.885291  10
  152.277459  10
  174.924188  10
  195.000478  10
  221.044586  10
  251.069267  10
  0.000000  10.5
  74.030968  10.5
  74.031685  10.5
  129.908520  10.5
  130.325413  10.5
  161.432746  10.5
  172.712086  10.5
  195.211113  10.5
  221.035711  10.5
  251.069411  10.5
  35.048606  9
  35.048666  9
  91.898582  9
  92.002191  9
  126.328098  9
  133.085551  9
  153.205309  9
  175.345325  9
  201.975072  9
  0.000000  9.5
  65.747053  9.5
  65.750838  9.5
  112.616575  9.5
  113.945806  9.5
  137.282267  9.5
  152.646455  9.5
  175.374230  9.5
  201.974529  9.5
  30.912620  8
  30.912980  8
  79.229905  8
  79.628007  8
  104.863746  8
  115.472841  8
  135.080980  8
  158.226889  8
  0.000000  8.5
  57.450381  8.5
  57.469178  8.5
  94.749056  8.5
  98.101532  8.5
  116.804638  8.5
  134.991266  8.5
  158.228895  8.5
  26.774865  7
  26.776929  7
  66.204347  7
  67.484850  7
  86.034469  7
  99.945550  7
  119.832721  7
  0.000000  7.5
  49.115227  7.5
  49.201077  7.5
  76.929932  7.5
  83.309597  7.5
  100.205993  7.5
  119.825511  7.5
  22.631481  6
  22.642675  6
  52.782409  6
  55.922843  6
  70.826443  6
  86.766938  6
  0.000000  6.5
  40.659337  6.5
  41.005140  6.5
  60.574421  6.5
  70.142236  6.5
  86.791889  6.5
  18.466407  5
  18.522236  5
  39.778005  5
  45.455091  5
  59.121506  5
  0.000000  5.5
  31.920809  5.5
  33.052413  5.5
  46.997142  5.5
  59.039745  5.5
  14.222276  4
  14.465352  4
  28.523490  4
  36.612083  4
  0.000001  4.5
  23.006480  4.5
  25.692173  4.5
  36.858036  4.5
  9.797747  3
  10.623238  3
  20.049767  3
  0.000032  3.5
  14.859748  3.5
  19.411089  3.5
  5.437844  2
  7.306158  2
  0.001239  2.5
  8.609508  2.5
  2.101051  1
  0.034424  1.5
