  69.683501  10
  79.559291  10
  165.448590  10
  257.841590  10
  388.631909  10
  552.683629  10
  749.907099  10
  980.175905  10
  1243.436789  10
  1539.662948  10
  0.001865  10.5
  113.186371  10.5
  158.575883  10.5
  258.280971  10.5
  388.619606  10.5
  552.683813  10.5
  749.907098  10.5
  980.175905  10.5
  1243.436789  10.5
  1539.662948  10.5
  60.221299  9
  72.602831  9
  152.375866  9
  246.967777  9
  377.965892  9
  542.182969  9
  739.498664  9
  969.825360  9
  1233.124967  9
  0.004629  9.5
  98.561706  9.5
  148.182511  9.5
  247.173297  9.5
  377.961473  9.5
  542.183018  9.5
  739.498664  9.5
  969.825360  9.5
  1233.124967  9.5
  50.987827  8
  66.060679  8
  141.145935  8
  237.306000  8
  368.489642  8
  532.830726  8
  730.216682  8
  960.587509  8
  0.011323  8.5
  85.320122  8.5
  138.777836  8.5
  237.392515  8.5
  368.488276  8.5
  532.830737  8.5
  730.216682  8.5
  960.587509  8.5
  42.174736  7
  59.999014  7
  131.625671  7
  228.842006  7
  360.179666  7
  524.612444  7
  722.050838  7
  0.027197  7.5
  73.580429  7.5
  130.410431  7.5
  228.873711  7.5
  360.179324  7.5
  524.612446  7.5
  722.050838  7.5
  33.974922  6
  54.485009  6
  123.669357  6
  221.557941  6
  353.016100  6
  517.515422  6
  0.063801  6.5
  63.437099  6.5
  123.118883  6.5
  221.567508  6.5
  353.016037  6.5
  517.515422  6.5
  26.559152  5
  49.586567  5
  117.140625  5
  215.434577  5
  346.982204  5
  0.145156  5.5
  54.957701  5.5
  116.931358  5.5
  215.436712  5.5
  346.982197  5.5
  20.059775  4
  45.373415  4
  111.926088  4
  210.453223  4
  0.317499  4.5
  48.175794  4.5
  111.865717  4.5
  210.453490  4.5
  14.561435  3
  41.919960  3
  107.940479  3
  0.661140  3.5
  43.080384  3.5
  107.930350  3.5
  10.096165  2
  39.310085  2
  1.298634  2.5
  39.607616  2.5
  6.640625  1
  2.390625  1.5
