  43.486964  10
  43.494919  10
  110.984092  10
  113.832450  10
  148.899706  10
  175.571751  10
  213.654077  10
  258.693461  10
  310.727636  10
  369.576132  10
  0.000000  10.5
  81.112079  10.5
  81.353085  10.5
  130.905362  10.5
  143.568653  10.5
  176.249560  10.5
  213.613729  10.5
  258.694750  10.5
  310.727614  10.5
  369.576133  10.5
  38.843390  9
  38.866637  9
  95.641573  9
  100.813069  9
  130.936542  9
  160.418232  9
  198.894115  9
  244.324538  9
  296.600504  9
  0.000000  9.5
  71.580407  9.5
  72.168004  9.5
  111.774743  9.5
  128.579672  9.5
  160.616196  9.5
  198.886180  9.5
  244.324694  9.5
  296.600502  9.5
  34.181774  8
  34.247455  8
  80.326250  8
  88.544318  8
  115.953943  8
  147.113535  8
  185.954001  8
  231.652777  8
  0.000000  8.5
  61.815067  8.5
  63.139899  8.5
  94.641757  8.5
  115.116784  8.5
  147.158675  8.5
  185.952906  8.5
  231.652787  8.5
  29.478222  7
  29.655562  7
  65.774453  7
  77.314936  7
  103.566704  7
  135.613436  7
  174.733343  7
  0.000000  7.5
  51.745176  7.5
  54.418400  7.5
  80.097596  7.5
  103.337386  7.5
  135.620680  7.5
  174.733263  7.5
  24.683896  6
  25.132831  6
  52.743785  6
  67.389003  6
  93.343641  6
  125.842361  6
  0.000002  6.5
  41.541035  6.5
  46.217113  6.5
  68.362760  6.5
  93.299491  6.5
  125.842981  6.5
  19.731124  5
  20.762511  5
  41.838685  5
  58.963027  5
  84.984391  5
  0.000028  5.5
  31.747396  5.5
  38.792208  5.5
  59.200177  5.5
  84.979818  5.5
  14.633080  4
  16.683582  4
  33.422871  4
  52.138895  4
  0.000299  4.5
  23.056490  4.5
  32.403466  4.5
  52.170084  4.5
  9.693605  3
  13.086665  3
  27.460423  3
  0.003019  3.5
  16.027245  3.5
  27.274362  3.5
  5.487476  2
  10.188164  2
  0.026552  2.5
  11.025043  2.5
  2.492373  1
  0.180351  1.5
