  39.461669  10
  39.461694  10
  104.959419  10
  105.008030  10
  148.273841  10
  153.199073  10
  176.243148  10
  198.846965  10
  227.108177  10
  259.582582  10
  0.000000  10.5
  74.504339  10.5
  74.505973  10.5
  130.196869  10.5
  130.929549  10.5
  160.807410  10.5
  174.720439  10.5
  198.970668  10.5
  227.103543  10.5
  259.582650  10.5
  35.294562  9
  35.294700  9
  92.296249  9
  92.483830  9
  125.653977  9
  134.356005  9
  155.693166  9
  179.948330  9
  208.755089  9
  0.000000  9.5
  66.151897  9.5
  66.159656  9.5
  112.512014  9.5
  114.564223  9.5
  137.596543  9.5
  155.331079  9.5
  179.964844  9.5
  208.754810  9.5
  31.126377  8
  31.127121  8
  79.419542  8
  80.061757  8
  104.632722  8
  117.230265  8
  138.387392  8
  163.470743  8
  0.000000  8.5
  57.780324  8.5
  57.814978  8.5
  94.335401  8.5
  98.875473  8.5
  118.188110  8.5
  138.331238  8.5
  163.471870  8.5
  26.955587  7
  26.959437  7
  66.123921  7
  67.949147  7
  86.559392  7
  102.230708  7
  123.734367  7
  0.000000  7.5
  49.352386  7.5
  49.494480  7.5
  76.571024  7.5
  84.378837  7.5
  102.409678  7.5
  123.729944  7.5
  22.776431  6
  22.795227  6
  52.541891  6
  56.523316  6
  72.106880  6
  89.530002  6
  0.000000  6.5
  40.764229  6.5
  41.276007  6.5
  60.604069  6.5
  71.588808  6.5
  89.546739  6.5
  18.566999  5
  18.651333  5
  39.646315  5
  46.281035  5
  60.921724  5
  0.000000  5.5
  31.866720  5.5
  33.357483  5.5
  47.569907  5.5
  60.861716  5.5
  14.259243  4
  14.588877  4
  28.677073  4
  37.696261  4
  0.000002  4.5
  22.899431  4.5
  26.098689  4.5
  37.894068  4.5
  9.767417  3
  10.772814  3
  20.523585  3
  0.000060  3.5
  14.856455  3.5
  19.960354  3.5
  5.412324  2
  7.510089  2
  0.001887  2.5
  8.755895  2.5
  2.125168  1
  0.042852  1.5
