  38.675789  10
  38.675789  10
  103.395044  10
  103.398640  10
  149.851184  10
  150.951046  10
  174.296623  10
  188.259743  10
  209.525740  10
  234.171664  10
  0.000000  10.5
  73.162025  10.5
  73.162104  10.5
  129.206850  10.5
  129.294126  10.5
  163.750212  10.5
  169.633298  10.5
  188.954605  10.5
  209.485598  10.5
  234.172510  10.5
  34.598737  9
  34.598743  9
  91.117778  9
  91.138431  9
  128.031467  9
  131.160535  9
  149.485035  9
  166.663631  9
  188.541986  9
  0.000000  9.5
  65.001171  9.5
  65.001723  9.5
  112.592995  9.5
  112.976669  9.5
  138.069607  9.5
  148.043903  9.5
  166.768937  9.5
  188.539396  9.5
  30.521306  8
  30.521358  8
  78.783305  8
  78.890015  8
  106.116875  8
  112.518720  8
  129.023155  8
  147.858203  8
  0.000000  8.5
  56.835430  8.5
  56.839061  8.5
  95.540828  8.5
  96.909668  8.5
  115.177119  8.5
  128.760923  8.5
  147.865960  8.5
  26.443149  7
  26.443540  7
  66.264968  7
  66.735305  7
  85.815402  7
  95.733678  7
  112.148168  7
  0.000000  7.5
  48.655556  7.5
  48.677588  7.5
  77.985244  7.5
  81.534192  7.5
  96.340081  7.5
  112.125593  7.5
  22.362929  6
  22.365730  6
  53.331536  6
  54.925031  6
  68.763482  6
  81.334618  6
  0.000000  6.5
  40.423109  6.5
  40.541851  6.5
  60.987851  6.5
  67.504764  6.5
  81.397791  6.5
  18.273957  5
  18.292452  5
  40.261933  5
  43.959949  5
  55.635161  5
  0.000000  5.5
  32.009791  5.5
  32.536697  5.5
  46.218825  5.5
  55.468172  5.5
  14.143548  4
  14.250619  4
  28.413926  4
  34.489660  4
  0.000000  4.5
  23.294288  4.5
  24.958134  4.5
  34.893357  4.5
  9.867999  3
  10.353011  3
  19.178383  3
  0.000006  3.5
  14.952066  3.5
  18.333340  3.5
  5.518379  2
  6.903158  2
  0.000404  2.5
  8.345146  2.5
  2.057351  1
  0.019358  1.5
