  91.695173  10
  149.940385  10
  343.183440  10
  617.274874  10
  985.251161  10
  1445.681924  10
  1998.402101  10
  2643.343007  10
  3380.473910  10
  4209.779350  10
  0.203192  10.5
  173.913741  10.5
  341.671521  10.5
  617.305266  10.5
  985.250875  10.5
  1445.681925  10.5
  1998.402101  10.5
  2643.343007  10.5
  3380.473910  10.5
  4209.779350  10.5
  79.498806  9
  141.908123  9
  332.352483  9
  607.151991  9
  975.276374  9
  1435.786211  9
  1988.551856  9
  2633.521319  9
  3370.671323  9
  0.328906  9.5
  159.852885  9.5
  331.463269  9.5
  607.166054  9.5
  975.276272  9.5
  1435.786212  9.5
  1988.551856  9.5
  2633.521319  9.5
  3370.671323  9.5
  68.146734  8
  134.510399  8
  322.810353  8
  598.126285  8
  966.372656  8
  1426.946290  8
  1979.748632  8
  2624.741136  8
  0.525750  8.5
  147.413484  8.5
  322.322063  8.5
  598.132157  8.5
  966.372624  8.5
  1426.946290  8.5
  1979.748632  8.5
  2624.741136  8.5
  57.700753  7
  127.787398  7
  314.500758  7
  590.187805  7
  958.532921  7
  1419.157436  7
  1971.989040  7
  0.828327  7.5
  136.602867  7.5
  314.255279  7.5
  590.189944  7.5
  958.532913  7.5
  1419.157436  7.5
  1971.989040  7.5
  48.206225  6
  121.781240  6
  307.376885  6
  583.327368  6
  951.750954  6
  1412.415490  6
  1.283728  6.5
  127.412415  6.5
  307.267304  6.5
  583.328010  6.5
  951.750953  6.5
  1412.415490  6.5
  39.691219  5
  116.536944  5
  301.401121  5
  577.536756  5
  946.021394  5
  1.953179  5.5
  119.815859  5.5
  301.359884  5.5
  577.536899  5.5
  946.021394  5.5
  32.165889  4
  112.103591  4
  296.544384  4
  572.808862  4
  2.912330  4.5
  113.768772  4.5
  296.532570  4.5
  572.808880  4.5
  25.622006  3
  108.535581  3
  292.785244  3
  4.249619  3.5
  109.209811  3.5
  292.783271  3.5
  20.032714  2
  105.893834  2
  6.062596  2.5
  106.063865  2.5
  15.352672  1
  8.452629  1.5
