  61.396273  10
  64.381852  10
  134.987723  10
  187.985643  10
  271.243343  10
  375.620446  10
  501.427967  10
  648.453279  10
  816.620233  10
  1005.890404  10
  0.000092  10.5
  101.768414  10.5
  122.732496  10.5
  189.412979  10.5
  271.176339  10.5
  375.622084  10.5
  501.427944  10.5
  648.453279  10.5
  816.620233  10.5
  1005.890404  10.5
  53.683601  9
  58.028229  9
  120.203591  9
  176.516052  9
  259.902128  9
  364.549701  9
  490.496927  9
  637.609882  9
  805.835357  9
  0.000304  9.5
  87.489848  9.5
  112.355839  9.5
  177.196678  9.5
  259.877887  9.5
  364.550141  9.5
  490.496923  9.5
  637.609882  9.5
  805.835357  9.5
  45.880028  8
  51.951193  8
  107.467194  8
  166.314498  8
  249.877152  8
  354.716817  8
  480.768349  8
  627.946742  8
  0.000987  8.5
  74.241793  8.5
  102.850334  8.5
  166.604919  8.5
  249.869621  8.5
  354.716912  8.5
  480.768348  8.5
  627.946742  8.5
  38.123986  7
  46.229055  7
  96.750681  7
  157.384180  7
  241.122290  7
  346.097422  7
  472.224829  7
  0.003151  7.5
  62.257574  7.5
  94.305415  7.5
  157.491615  7.5
  241.120393  7.5
  346.097437  7.5
  472.224829  7.5
  30.630980  6
  40.946552  6
  87.930091  6
  149.713975  6
  233.600926  6
  338.670100  6
  0.009823  6.5
  51.726321  6.5
  86.797459  6.5
  149.746601  6.5
  233.600580  6.5
  338.670101  6.5
  23.655590  5
  36.191675  5
  80.824213  5
  143.283254  5
  227.283543  5
  0.029638  5.5
  42.795820  5.5
  80.387293  5.5
  143.290567  5.5
  227.283508  5.5
  17.438761  4
  32.053703  4
  75.245794  4
  138.066893  4
  0.085451  4.5
  35.572129  4.5
  75.118599  4.5
  138.067812  4.5
  12.165902  3
  28.624075  3
  71.039030  3
  0.231385  3.5
  30.109180  3.5
  71.017573  3.5
  7.943915  2
  26.001681  2
  0.576734  2.5
  26.388282  2.5
  4.790675  1
  1.300386  1.5
