  103.077019  10
  197.392367  10
  470.552356  10
  868.469652  10
  1400.923065  10
  2066.907811  10
  2866.269574  10
  3798.947466  10
  4864.914233  10
  6064.156180  10
  0.666260  10.5
  218.103844  10.5
  469.686010  10.5
  868.481508  10.5
  1400.922988  10.5
  2066.907812  10.5
  2866.269574  10.5
  3798.947466  10.5
  4864.914233  10.5
  6064.156180  10.5
  90.155155  9
  189.040391  9
  460.054861  9
  858.478548  9
  1391.060063  9
  2057.111217  9
  2856.511171  9
  3789.213035  9
  4855.195830  9
  0.975458  9.5
  204.424015  9.5
  459.547018  9.5
  858.484029  9.5
  1391.060036  9.5
  2057.111217  9.5
  2856.511171  9.5
  3789.213035  9.5
  4855.195830  9.5
  78.158898  8
  181.379985  8
  450.754836  8
  849.561418  8
  1382.249600  8
  2048.355477  8
  2847.786892  8
  3780.508495  8
  1.412991  8.5
  192.358679  8.5
  450.476693  8.5
  849.563704  8.5
  1382.249591  8.5
  2048.355477  8.5
  2847.786892  8.5
  3780.508495  8.5
  67.119270  7
  174.446767  7
  442.617188  7
  841.711053  7
  1374.486878  7
  2040.637377  7
  2840.094428  7
  2.022749  7.5
  181.894312  7.5
  442.477642  7.5
  841.711885  7.5
  1374.486876  7.5
  2040.637377  7.5
  2840.094428  7.5
  57.055317  6
  168.278613  6
  435.612965  6
  834.920943  6
  1367.767679  6
  2033.954080  6
  2.858516  6.5
  173.005053  6.5
  435.550770  6.5
  834.921193  6.5
  1367.767679  6.5
  2033.954080  6.5
  47.973789  5
  162.916332  5
  429.718933  5
  829.185349  5
  1362.088354  5
  3.983861  5.5
  165.652657  5.5
  429.695556  5.5
  829.185404  5.5
  1362.088354  5.5
  39.868880  4
  158.404387  4
  424.917062  4
  824.499355  4
  5.471092  4.5
  159.787320  4.5
  424.910371  4.5
  824.499361  4.5
  32.722078  3
  154.791587  3
  421.193959  3
  7.399221  3.5
  155.349407  3.5
  421.192842  3.5
  26.502173  2
  152.131654  2
  9.851113  2.5
  152.271944  2.5
  21.165537  1
  12.910152  1.5
