  53.368338  10
  53.928128  10
  119.986276  10
  145.823794  10
  199.398161  10
  265.177637  10
  345.187681  10
  438.916946  10
  546.250932  10
  667.129229  10
  0.000002  10.5
  93.594353  10.5
  100.480070  10.5
  150.272095  10.5
  199.017074  10.5
  265.193476  10.5
  345.187315  10.5
  438.916951  10.5
  546.250932  10.5
  667.129229  10.5
  47.262662  9
  48.265715  9
  103.714085  9
  133.610656  9
  186.815448  9
  253.142967  9
  333.377933  9
  427.249976  9
  534.678801  9
  0.000008  9.5
  80.606251  9.5
  90.313083  9.5
  135.857186  9.5
  186.674750  9.5
  253.147260  9.5
  333.377863  9.5
  427.249977  9.5
  534.678801  9.5
  41.011590  8
  42.736674  8
  89.259598  8
  122.652568  8
  175.821706  8
  242.500714  8
  322.902108  8
  416.878773  8
  0.000040  8.5
  67.953174  8.5
  80.800140  8.5
  123.649996  8.5
  175.777363  8.5
  242.501645  8.5
  322.902099  8.5
  416.878773  8.5
  34.602257  7
  37.413449  7
  76.864916  7
  113.015823  7
  166.302439  7
  233.209234  7
  313.729432  7
  0.000187  7.5
  56.038690  7.5
  72.086199  7.5
  113.394563  7.5
  166.291162  7.5
  233.209378  7.5
  313.729431  7.5
  28.107629  6
  32.388783  6
  66.638307  6
  104.730998  6
  158.176658  6
  225.231277  6
  0.000856  6.5
  45.236227  6.5
  64.307371  6.5
  104.847950  6.5
  158.174583  6.5
  225.231289  6.5
  21.737354  5
  27.771631  5
  58.514126  5
  97.797439  5
  151.385452  5
  0.003784  5.5
  35.848011  5.5
  57.582225  5.5
  97.823926  5.5
  151.385242  5.5
  15.813867  4
  23.680222  4
  52.282152  4
  92.192314  4
  0.015952  4.5
  28.101752  4.5
  52.004936  4.5
  92.195665  4.5
  10.671378  3
  20.235941  3
  47.687954  3
  0.062543  3.5
  22.154411  3.5
  47.640631  3.5
  6.556579  2
  17.563535  2
  0.219845  2.5
  18.075144  2.5
  3.577036  1
  0.664474  1.5
