  10933.361559  10
  89159.162464  10
  247561.460890  10
  485169.418548  10
  801981.001514  10
  1197995.792902  10
  1673213.673599  10
  2227634.598937  10
  2861258.549062  10
  3574085.514047  10
  8942.378732  10.5
  89160.095098  10.5
  247561.460832  10.5
  485169.418548  10.5
  801981.001514  10.5
  1197995.792902  10.5
  1673213.673599  10.5
  2227634.598937  10.5
  2861258.549062  10.5
  3574085.514047  10.5
  10826.608726  9
  89148.601063  9
  247551.564371  9
  485159.720145  9
  801971.382360  9
  1197986.213375  9
  1673204.116716  9
  2227625.056207  9
  2861249.015767  9
  9034.885229  9.5
  89149.279368  9.5
  247551.564337  9.5
  485159.720145  9.5
  801971.382360  9.5
  1197986.213375  9.5
  1673204.116716  9.5
  2227625.056207  9.5
  2861249.015767  9.5
  10720.630760  8
  89139.139483  8
  247542.709664  8
  485151.042663  8
  801962.775772  8
  1197977.642235  8
  1673195.565833  8
  2227616.517984  8
  9128.115749  8.5
  89139.614312  8.5
  247542.709645  8.5
  485151.042663  8.5
  801962.775772  8.5
  1197977.642235  8.5
  1673195.565833  8.5
  2227616.517984  8.5
  10615.424962  7
  89130.780501  7
  247534.896743  7
  485143.386091  7
  801955.181742  7
  1197970.079476  7
  1673188.020944  7
  9222.073233  7.5
  89131.097063  7.5
  247534.896734  7.5
  485143.386091  7.5
  801955.181742  7.5
  1197970.079476  7.5
  1673188.020944  7.5
  10510.988614  6
  89123.526901  6
  247528.125589  6
  485136.750418  6
  801948.600263  6
  1197963.525095  6
  9316.760611  6.5
  89123.724757  6.5
  247528.125585  6.5
  485136.750418  6.5
  801948.600263  6.5
  1197963.525095  6.5
  10407.318986  5
  89117.381473  5
  247522.396182  5
  485131.135634  5
  801943.031330  5
  9412.180799  5.5
  89117.494536  5.5
  247522.396180  5.5
  485131.135634  5.5
  801943.031330  5.5
  10304.413332  4
  89112.347012  4
  247517.708506  4
  485126.541731  4
  9508.336699  4.5
  89112.403545  4.5
  247517.708505  4.5
  485126.541731  4.5
  10202.268889  3
  89108.426321  3
  247514.062549  3
  9605.231200  3.5
  89108.448935  3.5
  247514.062549  3.5
  10100.882881  2
  89105.622207  2
  9702.867178  2.5
  89105.627860  2.5
  10000.252519  1
  9801.247494  1.5
