  68.787854  10
  77.621977  10
  161.193322  10
  248.584597  10
  373.149860  10
  529.413491  10
  717.305642  10
  936.694117  10
  1187.523760  10
  1469.766816  10
  0.001397  10.5
  111.686889  10.5
  153.847987  10.5
  249.083567  10.5
  373.135118  10.5
  529.413723  10.5
  717.305640  10.5
  936.694117  10.5
  1187.523760  10.5
  1469.766816  10.5
  59.502902  9
  70.725761  9
  147.950227  9
  237.655499  9
  362.427464  9
  518.864288  9
  706.852586  9
  926.301405  9
  1177.171408  9
  0.003563  9.5
  97.071787  9.5
  143.450909  9.5
  237.889185  9.5
  362.422167  9.5
  518.864350  9.5
  706.852586  9.5
  926.301405  9.5
  1177.171408  9.5
  50.406081  8
  64.230183  8
  136.582228  8
  227.945257  8
  352.904925  8
  509.471042  8
  697.532411  8
  917.027121  8
  0.008955  8.5
  83.813293  8.5
  134.033470  8.5
  228.043719  8.5
  352.903287  8.5
  509.471056  8.5
  697.532411  8.5
  917.027121  8.5
  41.690660  7
  58.203026  7
  126.958744  7
  219.440317  7
  344.557167  7
  501.218476  7
  689.334219  7
  0.022098  7.5
  72.039126  7.5
  125.647813  7.5
  219.476424  7.5
  344.556756  7.5
  501.218478  7.5
  689.334219  7.5
  33.556858  6
  52.713300  6
  118.930444  6
  212.122809  6
  337.363078  6
  494.093172  6
  0.053256  6.5
  61.851381  6.5
  118.335687  6.5
  212.133710  6.5
  337.363003  6.5
  494.093172  6.5
  26.185543  5
  47.830750  5
  112.354219  5
  205.973016  5
  331.304925  5
  0.124431  5.5
  53.324564  5.5
  112.127880  5.5
  205.975450  5.5
  331.304917  5.5
  19.719192  4
  43.626756  4
  107.109575  4
  200.971502  4
  0.279279  4.5
  46.498735  4.5
  107.044235  4.5
  200.971807  4.5
  14.250881  3
  40.177143  3
  103.105397  3
  0.595838  3.5
  41.368428  3.5
  103.094430  3.5
  9.818555  2
  37.567133  2
  1.196225  2.5
  37.872978  2.5
  6.401866  1
  2.243623  1.5
