  156.556947  10
  461.075339  10
  1193.698953  10
  2287.743624  10
  3747.681902  10
  5572.956573  10
  7763.434628  10
  10319.065669  10
  13239.827210  10
  16525.707981  10
  7.808457  10.5
  474.343612  10.5
  1193.509570  10.5
  2287.744551  10.5
  3747.681900  10.5
  5572.956573  10.5
  7763.434628  10.5
  10319.065669  10.5
  13239.827210  10.5
  16525.707981  10.5
  141.269385  9
  451.976946  9
  1183.614618  9
  2277.939385  9
  3737.975001  9
  5563.298812  9
  7753.805053  9
  10309.453751  9
  13230.227081  9
  9.549280  9.5
  461.705447  9.5
  1183.503987  9.5
  2277.939813  9.5
  3737.975000  9.5
  5563.298812  9.5
  7753.805053  9.5
  10309.453751  9.5
  13230.227081  9.5
  126.952189  8
  443.700743  8
  1174.617829  8
  2269.175392  8
  3729.294984  8
  5554.661101  8
  7745.191595  8
  10300.855480  8
  11.617579  8.5
  450.560655  8.5
  1174.557409  8.5
  2269.175570  8.5
  3729.294984  8.5
  5554.661101  8.5
  7745.191595  8.5
  10300.855480  8.5
  113.599028  7
  436.274141  7
  1166.698933  7
  2261.448917  7
  3721.640148  7
  5547.042292  7
  7737.593428  7
  14.058194  7.5
  440.877080  7.5
  1166.668691  7.5
  2261.448982  7.5
  3721.640148  7.5
  5547.042292  7.5
  7737.593428  7.5
  101.199007  6
  429.726152  6
  1159.849898  6
  2254.757546  6
  3715.008991  6
  5540.441373  6
  16.918213  6.5
  432.619175  6.5
  1159.836444  6.5
  2254.757565  6.5
  3715.008991  6.5
  5540.441373  6.5
  89.736673  5
  424.087519  5
  1154.064183  5
  2249.099178  5
  3709.400211  5
  20.246355  5.5
  425.748545  5.5
  1154.059134  5.5
  2249.099182  5.5
  3709.400211  5.5
  79.192040  4
  419.390808  4
  1149.336610  4
  2244.472034  4
  24.092268  4.5
  420.224553  4.5
  1149.335167  4.5
  2244.472034  4.5
  69.540663  3
  415.670469  3
  1145.663234  3
  28.505795  3.5
  416.004975  3.5
  1145.662994  3.5
  60.753762  2
  412.962838  2
  33.536220  2.5
  413.046645  2.5
  52.798407  1
  39.231540  1.5
