  272.428145  10
  1141.366558  10
  3077.277978  10
  5980.127206  10
  9851.635442  10
  14691.348064  10
  20499.140708  10
  27274.966581  10
  35018.804853  10
  43730.645097  10
  43.804274  10.5
  1149.694205  10.5
  3077.234282  10.5
  5980.127286  10.5
  9851.635442  10.5
  14691.348064  10.5
  20499.140708  10.5
  27274.966581  10.5
  35018.804853  10.5
  43730.645097  10.5
  253.311783  9
  1131.725846  9
  3067.317499  9
  5970.389326  9
  9841.983575  9
  14681.739355  9
  20489.556703  9
  27265.398031  9
  35009.246613  9
  48.956224  9.5
  1137.801014  9.5
  3067.291997  9.5
  5970.389363  9.5
  9841.983575  9.5
  14681.739355  9.5
  20489.556703  9.5
  27265.398031  9.5
  35009.246613  9.5
  235.120638  8
  1123.006263  8
  3058.413662  8
  5961.679580  8
  9833.349605  8
  14673.143379  8
  20480.982468  8
  27256.837396  8
  54.598304  8.5
  1127.270625  8.5
  3058.399746  8.5
  5961.679596  8.5
  9833.349605  8.5
  14673.143379  8.5
  20480.982468  8.5
  27256.837396  8.5
  217.841715  7
  1115.228033  7
  3050.563524  7
  5953.996938  7
  9825.732893  7
  14665.559706  7
  20473.417695  7
  60.760950  7.5
  1118.077866  7.5
  3050.556563  7.5
  5953.996943  7.5
  9825.732893  7.5
  14665.559706  7.5
  20473.417695  7.5
  201.460354  6
  1108.412088  6
  3043.764596  6
  5947.340488  6
  9819.132878  6
  14658.987956  6
  67.474639  6.5
  1110.196992  6.5
  3043.761501  6.5
  5947.340490  6.5
  9819.132878  6.5
  14658.987956  6.5
  185.960250  5
  1102.580072  5
  3038.014818  5
  5941.709443  5
  9813.549074  5
  74.769726  5.5
  1103.601837  5.5
  3038.013657  5.5
  5941.709444  5.5
  9813.549074  5.5
  171.323492  4
  1097.754333  4
  3033.312526  4
  5937.103135  4
  82.676260  4.5
  1098.265961  4.5
  3033.312194  4.5
  5937.103135  4.5
  157.530608  3
  1093.957909  3
  3029.656425  3
  91.223828  3.5
  1094.162792  3.5
  3029.656370  3.5
  144.560619  2
  1091.214499  2
  100.441388  2.5
  1091.265761  2.5
  132.391105  1
  110.357121  1.5
