  61.006170  10
  63.798833  10
  133.987797  10
  185.462803  10
  266.970795  10
  369.131223  10
  492.292658  10
  636.235605  10
  800.882482  10
  986.194127  10
  0.000078  10.5
  101.338436  10.5
  121.424936  10.5
  186.971238  10.5
  266.898132  10.5
  369.133043  10.5
  492.292633  10.5
  636.235605  10.5
  800.882482  10.5
  986.194127  10.5
  53.377522  9
  57.476134  9
  119.121096  9
  173.960645  9
  255.587200  9
  358.025627  9
  481.329763  9
  625.362237  9
  790.068888  9
  0.000262  9.5
  87.094553  9.5
  111.052758  9.5
  174.681039  9.5
  255.560898  9.5
  358.026116  9.5
  481.329758  9.5
  625.362237  9.5
  790.068888  9.5
  45.648497  8
  51.423075  8
  106.303400  8
  163.728272  8
  245.528243  8
  348.163420  8
  471.574014  8
  615.673274  8
  0.000865  8.5
  73.857027  8.5
  101.544011  8.5
  164.035983  8.5
  245.520068  8.5
  348.163526  8.5
  471.574013  8.5
  615.673274  8.5
  37.951057  7
  45.718248  7
  95.516821  7
  154.770550  7
  236.746072  7
  339.519606  7
  463.007556  7
  0.002806  7.5
  61.866706  7.5
  92.990498  7.5
  154.884461  7.5
  236.744012  7.5
  339.519622  7.5
  463.007556  7.5
  30.497982  6
  40.447150  6
  86.642965  6
  147.077243  6
  229.202870  6
  332.072218  6
  0.008883  6.5
  51.319012  6.5
  85.470898  6.5
  147.111853  6.5
  229.202494  6.5
  332.072219  6.5
  23.546133  5
  35.698849  5
  79.500731  5
  140.627960  5
  222.868249  5
  0.027221  5.5
  42.366758  5.5
  79.048120  5.5
  140.635720  5.5
  222.868212  5.5
  17.342000  4
  31.563795  4
  73.899411  4
  135.397357  4
  0.079694  4.5
  35.120259  4.5
  73.767564  4.5
  135.398333  4.5
  12.077098  3
  28.134501  3
  69.678921  3
  0.219000  3.5
  29.637314  3.5
  69.656671  3.5
  7.863205  2
  25.510760  2
  0.553282  2.5
  25.902326  2.5
  4.721068  1
  1.261889  1.5
