  93.680704  10
  157.858445  10
  364.261947  10
  658.948688  10
  1054.236995  10
  1548.798687  10
  2142.470718  10
  2835.186181  10
  3626.915130  10
  4517.642506  10
  0.259795  10.5
  181.183132  10.5
  362.904505  10.5
  658.974001  10.5
  1054.236773  10.5
  1548.798688  10.5
  2142.470718  10.5
  2835.186181  10.5
  3626.915130  10.5
  4517.642506  10.5
  81.341988  9
  149.762180  9
  353.508078  9
  648.855264  9
  1044.287353  9
  1538.925246  9
  2132.641100  9
  2825.384084  9
  3617.131441  9
  0.411695  9.5
  167.192842  9.5
  352.710364  9.5
  648.866974  9.5
  1044.287274  9.5
  1538.925247  9.5
  2132.641100  9.5
  2825.384084  9.5
  3617.131441  9.5
  69.867695  8
  142.312063  8
  344.021858  8
  639.853883  8
  1035.404599  8
  1530.104234  8
  2123.855602  8
  2816.620882  8
  0.644475  8.5
  154.825329  8.5
  343.584091  8.5
  639.858771  8.5
  1035.404574  8.5
  1530.104234  8.5
  2123.855602  8.5
  2816.620882  8.5
  59.312629  7
  135.547254  7
  335.751859  7
  631.935169  7
  1027.582168  7
  1522.331269  7
  2116.111080  7
  0.994868  7.5
  144.083213  7.5
  335.531886  7.5
  631.936950  7.5
  1027.582162  7.5
  1522.331269  7.5
  2116.111080  7.5
  49.716082  6
  129.508945  6
  328.655420  6
  625.090519  6
  1020.814299  6
  1515.602489  6
  1.511737  6.5
  134.953773  6.5
  328.557260  6.5
  625.091054  6.5
  1020.814298  6.5
  1515.602489  6.5
  41.101132  5
  124.241274  5
  322.698295  5
  619.312261  5
  1015.096018  5
  2.257285  5.5
  127.407644  5.5
  322.661367  5.5
  619.312380  5.5
  1015.096018  5.5
  33.474118  4
  119.792395  4
  317.854000  4
  614.593773  4
  3.306960  4.5
  121.398687  4.5
  317.843423  4.5
  614.593788  4.5
  26.824257  3
  116.215609  3
  314.102991  3
  4.747622  3.5
  116.865440  3.5
  314.101225  3.5
  21.123463  2
  113.570415  2
  6.673971  2.5
  113.734192  2.5
  16.326531  1
  9.183673  1.5
