  49.882659  10
  50.081080  10
  116.270307  10
  132.528672  10
  176.762021  10
  228.847977  10
  293.032693  10
  368.393510  10
  454.795578  10
  552.160477  10
  0.000000  10.5
  89.824182  10.5
  93.058926  10.5
  139.798449  10.5
  175.877468  10.5
  228.896730  10.5
  293.031229  10.5
  368.393534  10.5
  454.795578  10.5
  552.160477  10.5
  44.358108  9
  44.760090  9
  99.666253  9
  119.962605  9
  163.176810  9
  216.125926  9
  280.596072  9
  356.143211  9
  442.668269  9
  0.000001  9.5
  77.894228  9.5
  83.103074  9.5
  123.844117  9.5
  162.842818  9.5
  216.139270  9.5
  280.595793  9.5
  356.143214  9.5
  442.668269  9.5
  38.732802  8
  39.516425  8
  84.548127  8
  108.581405  8
  151.439476  8
  204.906902  8
  269.590168  8
  345.272451  8
  0.000006  8.5
  65.912880  8.5
  73.656322  8.5
  110.378804  8.5
  151.332624  8.5
  204.909816  8.5
  269.590131  8.5
  345.272451  8.5
  32.959541  7
  34.409160  7
  71.310405  7
  98.507368  7
  141.356098  7
  195.138314  7
  259.973319  7
  0.000035  7.5
  54.273823  7.5
  64.887431  7.5
  99.209299  7.5
  141.328653  7.5
  195.138768  7.5
  259.973316  7.5
  27.027188  6
  29.524475  6
  60.229693  6
  89.816644  6
  132.795308  6
  186.771378  6
  0.000199  6.5
  43.447601  6.5
  56.967031  6.5
  90.037174  6.5
  132.790225  6.5
  186.771416  6.5
  21.046427  5
  24.975288  5
  51.399331  5
  82.538149  5
  125.668001  5
  0.001111  5.5
  33.858095  5.5
  50.052698  5.5
  82.588606  5.5
  125.667486  5.5
  15.308829  4
  20.894202  4
  44.685088  4
  76.661609  4
  0.005908  4.5
  25.832117  4.5
  44.276314  4.5
  76.668030  4.5
  10.212263  3
  17.422792  3
  39.805226  3
  0.029156  3.5
  19.600913  3.5
  39.734692  3.5
  6.101392  2
  14.705453  2
  0.127546  2.5
  15.295620  2.5
  3.157421  1
  0.465581  1.5
