  64.409491  10
  69.238254  10
  143.898325  10
  209.558277  10
  307.660641  10
  430.753171  10
  578.929928  10
  752.020273  10
  949.957901  10
  1172.709429  10
  0.000301  10.5
  105.353321  10.5
  133.858744  10.5
  210.488910  10.5
  307.624650  10.5
  430.753905  10.5
  578.929920  10.5
  752.020273  10.5
  949.957901  10.5
  1172.709429  10.5
  56.043569  9
  62.653685  9
  129.757810  9
  198.326813  9
  296.609491  9
  419.924113  9
  568.220081  9
  741.385204  9
  939.372807  9
  0.000888  9.5
  90.872217  9.5
  123.460623  9.5
  198.766428  9.5
  296.596516  9.5
  419.924310  9.5
  568.220079  9.5
  741.385204  9.5
  939.372807  9.5
  47.681450  8
  56.398308  8
  117.623448  8
  188.346044  8
  286.818648  8
  410.294764  8
  558.680330  8
  731.901691  8
  0.002579  8.5
  77.581652  8.5
  113.985926  8.5
  188.532404  8.5
  286.814627  8.5
  410.294806  8.5
  558.680330  8.5
  731.901691  8.5
  39.499971  7
  50.547063  7
  107.405881  7
  179.609393  7
  278.252759  7
  401.845026  7
  550.296346  7
  0.007356  7.5
  65.663929  7.5
  105.507165  7.5
  179.678026  7.5
  278.251748  7.5
  401.845032  7.5
  550.296346  7.5
  31.721650  6
  45.178394  6
  98.954978  6
  172.101054  6
  270.882930  6
  394.557251  6
  0.020485  6.5
  55.266304  6.5
  98.084635  6.5
  172.121835  6.5
  270.882745  6.5
  394.557251  6.5
  24.575731  5
  40.372278  5
  92.098378  5
  165.799802  5
  264.685369  5
  0.055232  5.5
  46.502436  5.5
  91.764921  5.5
  165.804451  5.5
  264.685351  5.5
  18.260601  4
  36.209726  4
  86.676833  4
  160.682603  4
  0.142563  4.5
  39.448518  4.5
  86.580162  4.5
  160.683186  4.5
  12.918830  3
  32.774837  3
  82.564624  3
  0.347222  3.5
  34.131212  3.5
  82.548355  3.5
  8.624311  2
  30.160249  2
  0.785792  2.5
  30.511100  2.5
  5.375989  1
  1.632156  1.5
