  65.553017  10
  71.263813  10
  147.882977  10
  218.808138  10
  323.221241  10
  454.238494  10
  611.897734  10
  796.040362  10
  1006.603312  10
  1243.554843  10
  0.000459  10.5
  106.862094  10.5
  138.608121  10.5
  219.599013  10.5
  323.192765  10.5
  454.239036  10.5
  611.897728  10.5
  796.040362  10.5
  1006.603312  10.5
  1243.554843  10.5
  56.940981  9
  64.595139  9
  133.984430  9
  207.660713  9
  312.265324  9
  443.489903  9
  601.261645  9
  785.474851  9
  996.084981  9
  0.001300  9.5
  92.330106  9.5
  128.207096  9.5
  208.033295  9.5
  312.255068  9.5
  443.490048  9.5
  601.261644  9.5
  785.474851  9.5
  996.084981  9.5
  48.377029  8
  58.274982  8
  122.063986  8
  197.756136  8
  302.551902  8
  433.928392  8
  591.784924  8
  776.051358  8
  0.003628  8.5
  79.038668  8.5
  118.746245  8.5
  197.913779  8.5
  302.548726  8.5
  433.928423  8.5
  591.784924  8.5
  776.051358  8.5
  40.046682  7
  52.376586  7
  112.016302  7
  189.085320  7
  294.048795  7
  425.535265  7
  583.454241  7
  0.009944  7.5
  67.153815  7.5
  110.292286  7.5
  189.143300  7.5
  294.047997  7.5
  425.535269  7.5
  583.454241  7.5
  32.169565  6
  46.975906  6
  103.687914  6
  181.631493  6
  286.729461  6
  418.294105  6
  0.026608  6.5
  56.809518  6.5
  102.900147  6.5
  181.649032  6.5
  286.729315  6.5
  418.294106  6.5
  24.962933  5
  42.150062  5
  96.912972  5
  175.373626  5
  280.571909  5
  0.068957  5.5
  48.108229  5.5
  96.611775  5.5
  175.377547  5.5
  280.571894  5.5
  18.609666  4
  37.977290  4
  91.542846  4
  170.289595  4
  0.171220  4.5
  41.115971  4.5
  91.455639  4.5
  170.290087  4.5
  13.238013  3
  34.539284  3
  87.461864  3
  0.401916  3.5
  35.850186  3.5
  87.447200  3.5
  8.911242  2
  31.926587  2
  0.879640  2.5
  32.264949  2.5
  5.622431  1
  1.775811  1.5
