  58.540685  10
  60.320478  10
  128.384841  10
  170.772656  10
  242.024857  10
  331.111382  10
  438.689740  10
  564.485800  10
  708.412005  10
  870.423918  10
  0.000026  10.5
  98.749196  10.5
  113.770302  10.5
  172.911030  10.5
  241.902909  10.5
  331.114946  10.5
  438.689681  10.5
  564.485800  10.5
  708.412005  10.5
  870.423918  10.5
  51.433504  9
  54.199053  9
  113.010319  9
  159.055695  9
  230.341325  9
  319.762790  9
  427.504972  9
  553.403926  9
  697.398755  9
  0.000098  9.5
  84.779523  9.5
  103.437397  9.5
  160.089039  9.5
  230.296998  9.5
  319.763749  9.5
  427.504961  9.5
  553.403926  9.5
  697.398755  9.5
  44.182652  8
  48.302943  8
  99.666843  8
  148.615674  8
  220.043627  8
  309.696287  8
  417.560147  8
  543.535423  8
  0.000360  8.5
  71.642154  8.5
  93.913338  8.5
  149.060636  8.5
  220.029808  8.5
  309.696493  8.5
  417.560146  8.5
  543.535423  8.5
  36.873657  7
  42.711463  7
  88.408772  7
  139.470659  7
  211.070522  7
  300.882500  7
  408.834196  7
  0.001294  7.5
  59.630069  7.5
  85.305791  7.5
  139.636269  7.5
  211.067033  7.5
  300.882532  7.5
  408.834196  7.5
  29.691288  6
  37.514337  6
  79.166165  6
  131.618044  6
  203.375094  6
  293.295565  6
  0.004546  6.5
  48.984157  6.5
  77.709298  6.5
  131.668539  6.5
  203.374455  6.5
  293.295568  6.5
  22.898811  5
  32.807507  5
  71.768426  5
  125.040113  5
  196.920547  5
  0.015456  5.5
  39.893362  5.5
  71.201369  5.5
  125.051460  5.5
  196.920482  5.5
  16.776452  4
  28.689420  4
  66.005656  4
  119.710607  4
  0.050155  4.5
  32.497644  4.5
  65.839682  4.5
  119.712036  4.5
  11.557345  3
  25.260127  3
  61.688854  3
  0.152240  3.5
  26.881353  3.5
  61.660769  3.5
  7.387845  2
  22.625765  2
  0.421464  2.5
  23.050837  2.5
  4.309623  1
  1.038968  1.5
