  42.542297  10
  42.545843  10
  109.912055  10
  111.606580  10
  147.079811  10
  169.253104  10
  203.567043  10
  244.103467  10
  291.102180  10
  344.332427  10
  0.000000  10.5
  79.616931  10.5
  79.738398  10.5
  130.732767  10.5
  139.978504  10.5
  170.371904  10.5
  203.488851  10.5
  244.106335  10.5
  291.102126  10.5
  344.332428  10.5
  38.013858  9
  38.025201  9
  95.153978  9
  98.602890  9
  127.948944  9
  153.470293  9
  188.134785  9
  229.141266  9
  276.419420  9
  0.000000  9.5
  70.399563  9.5
  70.725903  9.5
  111.361069  9.5
  124.618035  9.5
  153.806930  9.5
  188.119196  9.5
  229.141616  9.5
  276.419417  9.5
  33.474028  8
  33.509137  8
  80.152582  8
  86.222535  8
  111.949693  8
  139.597529  8
  174.648445  8
  215.968735  8
  0.000000  8.5
  61.004980  8.5
  61.819372  8.5
  93.635079  8.5
  110.711253  8.5
  139.675718  8.5
  174.646274  8.5
  215.968758  8.5
  28.905986  7
  29.009933  7
  65.565863  7
  74.776312  7
  98.831228  7
  127.616766  7
  162.980837  7
  0.000000  7.5
  51.321449  7.5
  53.146992  7.5
  78.322559  7.5
  98.482194  7.5
  127.629459  7.5
  162.980677  7.5
  24.270427  6
  24.559505  6
  52.242099  6
  64.572120  6
  88.109651  6
  117.455532  6
  0.000001  6.5
  41.387881  6.5
  44.913028  6.5
  65.864504  6.5
  88.041355  6.5
  117.456627  6.5
  19.497699  5
  20.228927  5
  40.911206  5
  55.858500  5
  79.399559  5
  0.000011  5.5
  31.648795  5.5
  37.384956  5.5
  56.181427  5.5
  79.392420  5.5
  14.553317  4
  16.149738  4
  32.067518  4
  48.781993  4
  0.000143  4.5
  22.845117  4.5
  30.851657  4.5
  48.825024  4.5
  9.668223  3
  12.518078  3
  25.799039  3
  0.001730  3.5
  15.638037  3.5
  25.572604  3.5
  5.431711  2
  9.568476  2
  0.018185  2.5
  10.466689  2.5
  2.403081  1
  0.145425  1.5
