  63.388066  10
  67.517709  10
  140.630444  10
  201.810208  10
  294.603142  10
  411.016532  10
  551.205403  10
  714.986766  10
  902.291205  10
  1113.083751  10
  0.000204  10.5
  104.079831  10.5
  129.872032  10.5
  202.886235  10.5
  294.558746  10.5
  411.017495  10.5
  551.205391  10.5
  714.986767  10.5
  902.291205  10.5
  1113.083751  10.5
  55.243590  9
  61.009890  9
  126.271734  9
  190.500711  9
  283.460462  9
  400.110639  9
  540.425180  9
  704.285372  9
  891.642478  9
  0.000625  9.5
  89.655448  9.5
  119.478782  9.5
  191.010424  9.5
  283.444440  9.5
  400.110897  9.5
  540.425178  9.5
  704.285372  9.5
  891.642478  9.5
  47.066875  8
  54.813677  8
  113.939043  8
  180.448427  8
  273.595457  8
  390.416547  8
  530.825321  8
  694.744648  8
  0.001882  8.5
  76.372256  8.5
  109.992619  8.5
  180.664923  8.5
  273.590488  8.5
  390.416603  8.5
  530.825321  8.5
  694.744648  8.5
  39.024197  7
  49.005354  7
  103.560715  7
  171.649533  7
  264.969562  7
  381.912812  7
  522.390528  7
  0.005570  7.5
  64.428477  7.5
  101.491524  7.5
  171.729371  7.5
  264.968312  7.5
  381.912820  7.5
  522.390528  7.5
  31.338288  6
  43.665563  6
  94.992411  6
  164.089425  6
  257.551538  6
  374.580598  6
  0.016092  6.5
  53.984347  6.5
  94.040913  6.5
  164.113620  6.5
  257.551310  6.5
  374.580599  6.5
  24.248225  5
  38.876926  5
  88.057164  5
  157.746875  5
  251.315829  5
  0.045013  5.5
  45.164266  5.5
  87.691858  5.5
  157.752290  5.5
  251.315806  5.5
  17.966637  4
  34.723099  4
  82.586131  4
  152.598075  4
  0.120453  4.5
  38.054014  4.5
  82.480092  4.5
  152.598755  4.5
  12.649768  3
  31.290497  3
  78.443982  3
  0.303652  3.5
  32.689000  3.5
  78.426124  3.5
  8.381842  2
  28.673746  2
  0.709043  2.5
  29.036232  2.5
  5.167622  1
  1.512465  1.5
