  41.595058  10
  41.596350  10
  108.630663  10
  109.487007  10
  146.191039  10
  163.454975  10
  193.986389  10
  229.806073  10
  271.593054  10
  319.023283  10
  0.000000  10.5
  78.077949  10.5
  78.129081  10.5
  130.744087  10.5
  136.741637  10.5
  165.386299  10.5
  193.820960  10.5
  229.813230  10.5
  271.592897  10.5
  319.023284  10.5
  37.179643  9
  37.184270  9
  94.541859  9
  96.548593  9
  125.783855  9
  146.913697  9
  177.660124  9
  214.076406  9
  256.193915  9
  0.000000  9.5
  69.151414  9.5
  69.306093  9.5
  111.366436  9.5
  121.005871  9.5
  147.523895  9.5
  177.626433  9.5
  214.077291  9.5
  256.193906  9.5
  32.757714  8
  32.773756  8
  80.034279  8
  84.083925  8
  108.497286  8
  132.327540  8
  163.461468  8
  200.258066  8
  0.000000  8.5
  60.107759  8.5
  60.544317  8.5
  93.127847  8.5
  106.598200  8.5
  132.473503  8.5
  163.456710  8.5
  200.258123  8.5
  28.318757  7
  28.372004  7
  65.549602  7
  72.413565  7
  94.386971  7
  119.731275  7
  151.216378  7
  0.000000  7.5
  50.829942  7.5
  51.943370  7.5
  76.992483  7.5
  93.827207  7.5
  119.755398  7.5
  151.216025  7.5
  23.834581  6
  24.000893  6
  51.968320  6
  61.890409  6
  82.993516  6
  109.067844  6
  0.000000  6.5
  41.243088  6.5
  43.686894  6.5
  63.653777  6.5
  82.881172  6.5
  109.069949  6.5
  19.242824  5
  19.716691  5
  40.174050  5
  52.827652  5
  73.823490  5
  0.000004  5.5
  31.624244  5.5
  36.046136  5.5
  53.285505  5.5
  73.811583  5.5
  14.473339  4
  15.638321  4
  30.819774  4
  45.434195  4
  0.000057  4.5
  22.714230  4.5
  29.341126  4.5
  45.496429  4.5
  9.663841  3
  11.964076  3
  24.160060  3
  0.000867  3.5
  15.299993  3.5
  23.876777  3.5
  5.391856  2
  8.949535  2
  0.011392  2.5
  9.923106  2.5
  2.315518  1
  0.112071  1.5
