  39.338837  10
  39.338854  10
  104.720365  10
  104.756668  10
  148.543190  10
  152.776108  10
  175.601057  10
  197.137274  10
  224.443281  10
  255.863479  10
  0.000000  10.5
  74.295253  10.5
  74.296413  10.5
  130.077936  10.5
  130.658551  10.5
  161.033432  10.5
  173.810447  10.5
  197.292554  10.5
  224.437172  10.5
  255.863572  10.5
  35.185842  9
  35.185940  9
  92.123247  9
  92.269919  9
  125.928118  9
  133.778767  9
  154.569861  9
  177.922968  9
  205.792446  9
  0.000000  9.5
  65.973229  9.5
  65.978986  9.5
  112.565945  9.5
  114.283426  9.5
  137.407364  9.5
  154.133752  9.5
  177.943925  9.5
  205.792076  9.5
  31.031908  8
  31.032458  8
  79.340286  8
  79.867337  8
  104.702303  8
  116.443894  8
  136.927755  8
  161.178662  8
  0.000000  8.5
  57.635083  8.5
  57.661961  8.5
  94.513065  8.5
  98.524175  8.5
  117.547999  8.5
  136.859193  8.5
  161.180102  8.5
  26.875764  7
  26.878735  7
  66.162018  7
  67.739630  7
  86.301326  7
  101.221647  7
  122.028094  7
  0.000000  7.5
  49.248835  7.5
  49.364113  7.5
  76.712963  7.5
  83.899298  7.5
  101.431710  7.5
  122.022650  7.5
  22.712533  6
  22.727685  6
  52.642663  6
  56.253906  6
  71.532551  6
  88.321214  6
  0.000000  6.5
  40.719753  6.5
  41.154832  6.5
  60.573773  6.5
  70.948877  6.5
  88.341048  6.5
  18.522927  5
  18.593972  5
  39.695449  5
  45.915187  5
  60.132690  5
  0.000000  5.5
  31.890579  5.5
  33.220903  5.5
  47.307616  5.5
  60.064237  5.5
  14.243338  4
  14.533800  4
  28.603137  4
  37.221569  4
  0.000001  4.5
  22.943152  4.5
  25.918540  4.5
  37.438638  4.5
  9.780191  3
  10.706536  3
  20.314293  3
  0.000046  3.5
  14.854911  3.5
  19.719929  3.5
  5.422443  2
  7.420921  2
  0.001584  2.5
  8.691025  2.5
  2.114488  1
  0.039110  1.5
