  46.798803  10
  46.856667  10
  113.783360  10
  122.672477  10
  160.676748  10
  201.053760  10
  252.380975  10
  312.845186  10
  382.310884  10
  460.671674  10
  0.000000  10.5
  85.951895  10.5
  87.190061  10.5
  133.780968  10.5
  158.661930  10.5
  201.206422  10.5
  252.374922  10.5
  312.845319  10.5
  382.310883  10.5
  460.671674  10.5
  41.725019  9
  41.860131  9
  97.312707  9
  109.820306  9
  145.608912  9
  187.439244  9
  239.120590  9
  299.834618  9
  369.462989  9
  0.000000  9.5
  75.179082  9.5
  77.528107  9.5
  116.212628  9.5
  144.815073  9.5
  187.481760  9.5
  239.119427  9.5
  299.834634  9.5
  369.462989  9.5
  36.596325  8
  36.900646  8
  81.803061  8
  98.015394  8
  132.806914  8
  175.467127  8
  227.422570  8
  288.315183  8
  0.000001  8.5
  64.128872  8.5
  68.215025  8.5
  101.178131  8.5
  132.545902  8.5
  175.476525  8.5
  227.422412  8.5
  288.315184  8.5
  31.366620  7
  32.019149  7
  67.831081  7
  87.451661  7
  121.948913  7
  165.076131  7
  217.228573  7
  0.000005  7.5
  53.018242  7.5
  59.429068  7.5
  88.748423  7.5
  121.880697  7.5
  165.077609  7.5
  217.228562  7.5
  25.981515  6
  27.286345  6
  55.858531  6
  78.273633  6
  112.809056  6
  156.203631  6
  0.000036  6.5
  42.313324  6.5
  51.371752  6.5
  78.693683  6.5
  112.796284  6.5
  156.203756  6.5
  20.444592  5
  22.809858  5
  46.182731  5
  70.562946  5
  105.242320  5
  0.000266  5.5
  32.566821  5.5
  44.245365  5.5
  70.660746  5.5
  105.241018  5.5
  14.946276  4
  18.732167  4
  38.837552  4
  64.338811  4
  0.001860  4.5
  24.248441  4.5
  38.230544  4.5
  64.351377  4.5
  9.900919  3
  15.217509  3
  33.574839  3
  0.012072  3.5
  17.695961  3.5
  33.468295  3.5
  5.764643  2
  12.436660  2
  0.068815  2.5
  13.121195  2.5
  2.822389  1
  0.316743  1.5
