  71.880297  10
  84.654901  10
  176.989014  10
  282.514087  10
  429.827367  10
  614.538768  10
  836.522914  10
  1095.665491  10
  1391.917420  10
  1725.254001  10
  0.003658  10.5
  117.195601  10.5
  171.163746  10.5
  282.836374  10.5
  429.819440  10.5
  614.538873  10.5
  836.522913  10.5
  1095.665491  10.5
  1391.917420  10.5
  1725.254001  10.5
  62.005145  9
  77.555967  9
  164.307806  9
  271.766263  9
  419.286288  9
  604.146183  9
  826.213911  9
  1085.408968  9
  1381.696008  9
  0.008524  9.5
  102.567661  9.5
  160.783119  9.5
  271.916625  9.5
  419.283444  9.5
  604.146211  9.5
  826.213910  9.5
  1085.408968  9.5
  1381.696008  9.5
  52.457482  8
  70.903278  8
  153.387976  8
  262.213926  8
  409.912871  8
  594.885286  8
  817.017079  8
  1076.252383  8
  0.019580  8.5
  89.379082  8.5
  151.410374  8.5
  262.277102  8.5
  409.911992  8.5
  594.885292  8.5
  817.017079  8.5
  1076.252383  8.5
  43.419955  7
  64.759098  7
  144.096201  7
  253.841837  7
  401.686974  7
  586.743424  7
  808.923384  7
  0.044166  7.5
  77.729311  7.5
  143.086155  7.5
  253.864958  7.5
  401.686754  7.5
  586.743425  7.5
  808.923384  7.5
  35.065794  6
  59.186332  6
  136.298140  6
  246.632562  6
  394.591409  6
  579.709480  6
  0.097336  6.5
  67.695836  6.5
  135.842118  6.5
  246.639532  6.5
  394.591369  6.5
  579.709480  6.5
  27.541901  5
  54.248754  5
  129.873741  5
  240.568200  5
  388.611605  5
  0.208252  5.5
  59.330461  5.5
  129.700762  5.5
  240.569755  5.5
  388.611601  5.5
  20.957884  4
  50.012441  4
  124.725568  4
  235.631827  4
  0.429249  4.5
  52.652015  4.5
  124.675737  4.5
  235.632022  4.5
  15.379905  3
  46.548651  3
  120.781111  3
  0.845447  3.5
  47.637439  3.5
  120.772758  3.5
  10.827264  2
  43.938169  2
  1.579570  2.5
  44.216515  2.5
  7.270413  1
  2.785739  1.5
