  561.190048  10
  3091.395458  10
  8489.803584  10
  16588.873834  10
  27388.627217  10
  40888.636750  10
  57088.781482  10
  75989.016001  10
  97589.320112  10
  121889.683715  10
  188.540293  10.5
  3096.423867  10.5
  8489.794219  10.5
  16588.873840  10.5
  27388.627217  10.5
  40888.636750  10.5
  57088.781482  10.5
  75989.016001  10.5
  97589.320112  10.5
  121889.683715  10.5
  535.054596  9
  3081.361381  9
  8479.885982  9
  16579.161614  9
  27378.996612  9
  40879.047007  9
  57079.215102  9
  75979.464230  9
  97579.778082  9
  200.531364  9.5
  3085.022439  9.5
  8479.880519  9.5
  16579.161617  9.5
  27378.996612  9.5
  40879.047007  9.5
  57079.215102  9.5
  75979.464230  9.5
  97579.778082  9.5
  509.788349  8
  3072.323353  8
  8471.014906  8
  16570.472839  8
  27370.380439  8
  40870.467171  8
  57070.656042  8
  75970.918158  8
  213.121495  8.5
  3074.888622  8.5
  8471.011926  8.5
  16570.472840  8.5
  27370.380439  8.5
  40870.467171  8.5
  57070.656042  8.5
  75970.918158  8.5
  485.380214  7
  3064.294902  7
  8463.189453  7
  16562.807141  7
  27362.778467  7
  40862.897089  7
  57063.104190  7
  226.328544  7.5
  3066.006570  7.5
  8463.187963  7.5
  16562.807142  7.5
  27362.778467  7.5
  40862.897089  7.5
  57063.104190  7.5
  461.818547  6
  3057.289800  6
  8456.408850  6
  16556.164195  6
  27356.190498  6
  40856.336626  6
  240.170188  6.5
  3058.360398  6.5
  8456.408187  6.5
  16556.164195  6.5
  27356.190498  6.5
  40856.336626  6.5
  439.091158  5
  3051.322056  5
  8450.672447  5
  16550.543717  5
  27350.616357  5
  254.663893  5.5
  3051.934217  5.5
  8450.672199  5.5
  16550.543717  5.5
  27350.616357  5.5
  417.185327  4
  3046.405917  4
  8445.979712  4
  16545.945470  4
  269.826876  4.5
  3046.712157  4.5
  8445.979641  4.5
  16545.945470  4.5
  396.087821  3
  3042.555848  3
  8442.330222  3
  285.676076  3.5
  3042.678393  3.5
  8442.330211  3.5
  375.784907  2
  3039.786531  2
  302.228121  2.5
  3039.817176  2.5
  356.262372  1
  319.499302  1.5
