  42.350381  10
  42.353325  10
  109.670116  10
  111.168568  10
  146.818884  10
  168.031551  10
  201.578571  10
  241.180524  10
  287.140329  10
  339.213033  10
  0.000000  10.5
  79.308102  10.5
  79.411774  10.5
  130.724396  10.5
  139.292334  10.5
  169.276676  10.5
  201.488268  10.5
  241.183940  10.5
  287.140262  10.5
  339.213034  10.5
  37.845019  9
  37.854639  9
  95.042735  9
  98.173598  9
  127.435215  9
  152.106331  9
  185.986599  9
  226.079262  9
  272.327579  9
  0.000000  9.5
  70.151644  9.5
  70.436374  9.5
  111.327979  9.5
  123.855380  9.5
  152.483967  9.5
  185.968532  9.5
  226.079680  9.5
  272.327575  9.5
  33.329398  8
  33.359799  8
  80.126106  8
  85.773395  8
  111.198197  8
  138.102306  8
  172.371738  8
  212.789556  8
  0.000000  8.5
  60.830220  8.5
  61.557244  8.5
  93.488881  8.5
  109.851712  8.5
  138.190442  8.5
  172.369216  8.5
  212.789583  8.5
  28.788053  7
  28.879981  7
  65.546639  7
  74.282075  7
  97.903348  7
  126.009419  7
  160.599455  7
  0.000000  7.5
  51.228095  7.5
  52.897341  7.5
  78.012920  7.5
  97.521027  7.5
  126.023770  7.5
  160.599269  7.5
  24.183854  6
  24.445048  6
  52.166575  6
  64.016733  6
  87.062351  6
  115.756968  6
  0.000001  6.5
  41.358536  6.5
  44.657794  6.5
  65.389864  6.5
  86.987227  6.5
  115.758209  6.5
  19.447895  5
  20.123282  5
  40.744725  5
  55.237928  5
  78.269475  5
  0.000009  5.5
  31.637520  5.5
  37.107643  5.5
  55.583281  5.5
  78.261604  5.5
  14.537242  4
  16.044138  4
  31.804866  4
  48.103182  4
  0.000121  4.5
  22.811368  4.5
  30.541986  4.5
  48.149354  4.5
  9.665475  3
  12.404548  3
  25.465005  3
  0.001523  3.5
  15.564911  3.5
  25.228645  3.5
  5.422168  2
  9.443068  2
  0.016680  2.5
  10.355257  2.5
  2.385184  1
  0.138534  1.5
