  104.915435  10
  205.466921  10
  492.414315  10
  911.483544  10
  1472.076135  10
  2173.229833  10
  3014.791784  10
  3996.701954  10
  5118.933472  10
  6381.472839  10
  0.774678  10.5
  225.742775  10.5
  491.612727  10.5
  911.493947  10.5
  1472.076071  10.5
  2173.229834  10.5
  3014.791784  10.5
  3996.701954  10.5
  5118.933472  10.5
  6381.472839  10.5
  91.891854  9
  197.072394  9
  481.952322  9
  901.507241  9
  1462.225585  9
  2163.444296  9
  3005.043634  9
  3986.977268  9
  5109.224473  9
  1.120345  9.5
  212.118312  9.5
  481.482592  9.5
  901.512049  9.5
  1462.225562  9.5
  2163.444296  9.5
  3005.043634  9.5
  3986.977268  9.5
  5109.224473  9.5
  79.801318  8
  189.376890  8
  472.678145  8
  892.602270  8
  1453.425518  8
  2154.697952  8
  2996.328171  8
  3978.281179  8
  1.603523  8.5
  200.104966  8.5
  472.420943  8.5
  892.604276  8.5
  1453.425511  8.5
  2154.697952  8.5
  2996.328171  8.5
  3978.281179  8.5
  68.671513  7
  182.415507  7
  464.558953  7
  884.761756  7
  1445.671389  7
  2146.987751  7
  2988.643206  7
  2.269012  7.5
  189.686987  7.5
  464.429940  7.5
  884.762486  7.5
  1445.671387  7.5
  2146.987751  7.5
  2988.643206  7.5
  58.518701  6
  176.225612  6
  457.567666  6
  877.979502  6
  1438.959196  6
  2140.311006  6
  3.171040  6.5
  180.836853  6.5
  457.510175  6.5
  877.979721  6.5
  1438.959196  6.5
  2140.311006  6.5
  49.347428  5
  170.847475  5
  451.682546  5
  872.250051  5
  1433.285482  5
  4.373019  5.5
  173.515365  5.5
  451.660940  5.5
  872.250100  5.5
  1433.285482  5.5
  41.150307  4
  166.324938  4
  446.886710  4
  867.568737  4
  5.946410  4.5
  167.672552  4.5
  446.880527  4.5
  867.568744  4.5
  33.907887  3
  162.706042  3
  443.167603  3
  7.968730  3.5
  163.249385  3.5
  443.166571  3.5
  27.588683  2
  160.043535  2
  10.520845  2.5
  160.180143  2.5
  22.149468  1
  13.683853  1.5
