  38.020596  10
  38.020596  10
  102.042987  10
  102.042987  10
  150.017781  10
  150.018022  10
  181.665448  10
  181.928075  10
  195.639371  10
  202.148288  10
  -0.000000  10.5
  72.035511  10.5
  72.035511  10.5
  128.039599  10.5
  128.039602  10.5
  167.953004  10.5
  167.964289  10.5
  190.372143  10.5
  192.611221  10.5
  202.481707  10.5
  34.018253  9
  34.018253  9
  90.034920  9
  90.034920  9
  129.989818  9
  129.994431  9
  152.868262  9
  154.421710  9
  163.745449  9
  0.000000  9.5
  64.030638  9.5
  64.030638  9.5
  112.026202  9.5
  112.026276  9.5
  143.820839  9.5
  143.960020  9.5
  157.940804  9.5
  163.280191  9.5
  30.015899  8
  30.015899  8
  78.026273  8
  78.026292  8
  109.917432  8
  109.984769  8
  124.275171  8
  128.529426  8
  -0.000000  8.5
  56.025665  8.5
  56.025665  8.5
  96.009215  8.5
  96.010874  8.5
  119.268346  8.5
  120.280384  8.5
  129.161761  8.5
  26.013528  7
  26.013528  7
  66.016243  7
  66.016745  7
  89.569168  7
  90.178209  7
  98.722910  7
  0.000000  7.5
  48.020516  7.5
  48.020520  7.5
  79.972077  7.5
  80.001075  7.5
  94.618183  7.5
  97.889866  7.5
  22.011128  6
  22.011129  6
  53.998460  6
  54.009115  6
  68.949624  6
  71.354821  6
  0.000000  6.5
  40.014963  6.5
  40.015081  6.5
  63.776201  6.5
  64.106940  6.5
  72.414153  6.5
  18.008662  5
  18.008680  5
  41.903151  5
  42.059261  5
  50.213987  5
  0.000000  5.5
  32.007105  5.5
  32.010193  5.5
  47.253326  5.5
  48.917335  5.5
  14.005776  4
  14.006360  4
  29.516779  4
  30.570558  4
  0.000000  4.5
  23.969231  4.5
  24.028894  4.5
  32.096722  4.5
  9.995164  3
  10.010651  3
  18.036404  3
  0.000000  3.5
  15.730639  3.5
  16.308110  3.5
  5.888474  2
  6.124249  2
  0.000000  2.5
  8.010410  2.5
  2.001735  1
  0.000579  1.5
