  1225.459092  10
  8049.848163  10
  22260.752999  10
  43579.997792  10
  72006.636713  10
  107540.249879  10
  150180.717519  10
  199927.994697  10
  256782.061439  10
  320742.907755  10
  626.124463  10.5
  8052.956608  10.5
  22260.750807  10.5
  43579.997792  10.5
  72006.636713  10.5
  107540.249879  10.5
  150180.717519  10.5
  199927.994697  10.5
  256782.061439  10.5
  320742.907755  10.5
  1188.120011  9
  8039.572331  9
  22250.849193  9
  43570.294444  9
  71997.013462  9
  107530.666696  9
  150171.157237  9
  199918.448731  9
  256772.525018  9
  649.254119  9.5
  8041.833964  9.5
  22250.847914  9.5
  43570.294444  9.5
  71997.013462  9.5
  107530.666696  9.5
  150171.157237  9.5
  199918.448731  9.5
  256772.525018  9.5
  1151.609096  8
  8030.339742  8
  22241.988791  8
  43561.612921  8
  71988.403444  8
  107522.092444  8
  150162.603427  8
  199909.907699  8
  673.043358  8.5
  8031.923478  8.5
  22241.988093  8.5
  43561.612921  8.5
  71988.403444  8.5
  107522.092444  8.5
  150162.603427  8.5
  199909.907699  8.5
  1115.918427  7
  8022.159206  7
  22234.171483  7
  43553.953084  7
  71980.806572  7
  107514.527065  7
  150155.056047  7
  697.502742  7.5
  8023.215378  7.5
  22234.171135  7.5
  43553.953084  7.5
  71980.806572  7.5
  107514.527065  7.5
  150155.056047  7.5
  1081.039893  6
  8015.039617  6
  22227.397002  6
  43547.314808  6
  71974.222770  6
  107507.970507  6
  722.642727  6.5
  8015.699914  6.5
  22227.396847  6.5
  43547.314808  6.5
  71974.222770  6.5
  107507.970507  6.5
  1046.965189  5
  8008.989954  5
  22221.665118  5
  43541.697986  5
  71968.651973  5
  748.473656  5.5
  8009.367358  5.5
  22221.665060  5.5
  43541.697986  5.5
  71968.651973  5.5
  1013.685821  4
  8004.019274  4
  22216.975643  4
  43537.102528  4
  775.005749  4.5
  8004.208013  4.5
  22216.975626  4.5
  43537.102528  4.5
  981.193116  3
  8000.136711  3
  22213.328425  3
  802.249099  3.5
  8000.212218  3.5
  22213.328423  3.5
  949.478220  2
  7997.351474  2
  830.213666  2.5
  7997.370353  2.5
  918.532104  1
  858.909267  1.5
