  141.799260  10
  383.505511  10
  979.864289  10
  1868.399053  10
  3054.398768  10
  4537.259259  10
  6316.844405  10
  8393.102453  10
  10766.010297  10
  13435.556349  10
  5.052142  10.5
  398.108581  10.5
  979.605319  10.5
  1868.400618  10.5
  3054.398764  10.5
  4537.259259  10.5
  6316.844405  10.5
  8393.102453  10.5
  10766.010297  10.5
  13435.556349  10.5
  127.091527  9
  374.545694  9
  969.730244  9
  1858.570124  9
  3044.671354  9
  4527.583228  9
  6307.197865  9
  8383.474394  9
  10756.394580  9
  6.353987  9.5
  385.272541  9.5
  969.578904  9.5
  1858.570846  9.5
  3044.671352  9.5
  4527.583228  9.5
  6307.197865  9.5
  8383.474394  9.5
  10756.394580  9.5
  113.357315  8
  366.383534  8
  960.696558  8
  1849.785934  8
  3035.974182  8
  4518.929978  8
  6298.569808  8
  8374.862118  8
  7.942025  8.5
  373.960037  8.5
  960.613878  8.5
  1849.786236  8.5
  3035.974182  8.5
  4518.929978  8.5
  6298.569808  8.5
  8374.862118  8.5
  100.594297  7
  359.047982  7
  952.750690  7
  1842.043138  7
  3028.305148  7
  4511.298091  7
  6290.959214  7
  9.863228  7.5
  364.139318  7.5
  952.709294  7.5
  1842.043248  7.5
  3028.305148  7.5
  4511.298091  7.5
  6290.959214  7.5
  88.794545  6
  352.569809  6
  945.882240  6
  1835.338763  6
  3021.662397  6
  4504.686316  6
  12.167908  6.5
  355.773957  6.5
  945.863820  6.5
  1835.338796  6.5
  3021.662397  6.5
  4504.686316  6.5
  77.944500  5
  346.981800  5
  940.082768  5
  1829.670223  5
  3016.044322  5
  14.908988  5.5
  348.823490  5.5
  940.075855  5.5
  1829.670231  5.5
  3016.044322  5.5
  68.024984  4
  342.318921  4
  935.345625  4
  1825.035325  4
  18.141112  4.5
  343.244186  4.5
  935.343648  4.5
  1825.035326  4.5
  59.011263  3
  338.618423  3
  931.665768  3
  21.919669  3.5
  338.989909  3.5
  931.665438  3.5
  50.873177  2
  335.919893  2
  26.299767  2.5
  336.013012  2.5
  43.575365  1
  31.335220  1.5
