  45.128001  10
  45.152051  10
  112.486354  10
  118.000726  10
  153.846169  10
  187.603497  10
  232.219677  10
  284.900632  10
  345.548039  10
  414.028784  10
  0.000000  10.5
  83.595310  10.5
  84.201627  10.5
  131.861886  10.5
  150.586016  10.5
  187.913286  10.5
  232.204914  10.5
  284.901018  10.5
  345.548033  10.5
  414.028784  10.5
  40.277128  9
  40.339170  9
  96.412851  9
  105.033289  9
  137.541406  9
  173.316638  9
  218.321834  9
  271.307826  9
  332.150555  9
  0.000000  9.5
  73.467731  9.5
  74.756305  9.5
  113.429911  9.5
  136.199173  9.5
  173.404426  9.5
  218.318973  9.5
  271.307873  9.5
  332.150555  9.5
  35.392378  8
  35.546957  8
  80.871938  8
  92.988878  8
  123.843796  8
  160.769737  8
  206.092499  8
  259.293442  8
  0.000000  8.5
  63.046262  8.5
  65.563217  8.5
  97.366970  8.5
  123.389810  8.5
  160.789368  8.5
  206.092108  8.5
  259.293445  8.5
  30.437485  7
  30.804860  7
  66.554020  7
  82.108800  7
  112.355085  7
  149.902440  7
  195.457781  7
  0.000001  7.5
  52.392779  7.5
  56.793740  7.5
  83.985149  7.5
  112.234360  7.5
  149.905550  7.5
  195.457753  7.5
  25.354360  6
  26.170535  6
  54.053485  6
  72.590918  6
  102.759732  6
  140.643968  6
  0.000011  6.5
  41.869850  6.5
  48.661082  6.5
  73.217099  6.5
  102.736889  6.5
  140.644233  6.5
  20.100065  5
  21.742482  5
  43.805411  5
  64.564238  5
  94.854768  5
  0.000097  5.5
  32.070180  5.5
  41.395206  5.5
  64.712529  5.5
  94.852425  5.5
  14.779833  4
  17.664536  4
  35.988404  4
  58.079359  4
  0.000825  4.5
  23.571104  4.5
  35.212396  4.5
  58.098584  4.5
  9.776578  3
  14.114596  3
  30.427084  3
  0.006512  3.5
  16.801075  3.5
  30.288754  3.5
  5.611614  2
  11.283492  2
  0.044932  2.5
  12.035562  2.5
  2.652433  1
  0.245127  1.5
