  703.303198  10
  4115.185744  10
  11332.783437  10
  22161.140400  10
  36599.936831  10
  54648.748836  10
  76307.455944  10
  101576.012938  10
  130454.399711  10
  162942.606208  10
  273.937233  10.5
  4119.539740  10.5
  11332.777380  10.5
  22161.140403  10.5
  36599.936831  10.5
  54648.748836  10.5
  76307.455944  10.5
  101576.012938  10.5
  130454.399711  10.5
  162942.606208  10.5
  674.375814  9
  4105.067843  9
  11322.871529  9
  22151.431787  9
  36590.309216  9
  54639.161760  9
  76297.892044  9
  101566.463527  9
  130444.859961  9
  288.693972  9.5
  4108.236996  9.5
  11322.867996  9.5
  22151.431788  9.5
  36590.309216  9.5
  54639.161760  9.5
  76297.892044  9.5
  101566.463527  9.5
  130444.859961  9.5
  646.303893  8
  4095.962268  8
  11314.004847  8
  22142.745961  8
  36581.695545  8
  54630.584194  8
  76289.335118  8
  101557.919504  8
  304.071358  8.5
  4098.182311  8.5
  11314.002919  8.5
  22142.745961  8.5
  36581.695545  8.5
  54630.584194  8.5
  76289.335118  8.5
  101557.919504  8.5
  619.077294  7
  4087.880957  7
  11306.182737  7
  22135.082645  7
  36574.095646  7
  54623.016024  7
  76281.785084  7
  320.084649  7.5
  4089.361949  7.5
  11306.181773  7.5
  22135.082645  7.5
  36574.095646  7.5
  54623.016024  7.5
  76281.785084  7.5
  592.685471  6
  4080.836028  6
  11299.404641  6
  22128.441597  6
  36567.509372  6
  54616.457148  6
  336.748944  6.5
  4081.762169  6.5
  11299.404212  6.5
  22128.441597  6.5
  36567.509372  6.5
  54616.457148  6.5
  567.117483  5
  4074.839772  5
  11293.670084  5
  22122.822606  5
  36561.936590  5
  354.079156  5.5
  4075.369247  5.5
  11293.669923  5.5
  22122.822606  5.5
  36561.936590  5.5
  542.362000  4
  4069.904648  4
  11288.978678  4
  22118.225493  4
  372.089995  4.5
  4070.169489  4.5
  11288.978632  4.5
  22118.225493  4.5
  518.407316  3
  4066.043280  3
  11285.330114  3
  390.795948  3.5
  4066.149249  3.5
  11285.330106  3.5
  495.241358  2
  4063.268446  2
  410.211255  2.5
  4063.294944  2.5
  472.851701  1
  430.349899  1.5
