  227.395254  10
  865.213746  10
  2311.771035  10
  4479.623434  10
  7371.166332  10
  10985.927316  10
  15323.780226  10
  20384.677536  10
  26168.598078  10
  32675.531254  10
  27.343596  10.5
  874.806672  10.5
  2311.703285  10.5
  4479.623601  10.5
  7371.166332  10.5
  10985.927316  10.5
  15323.780226  10.5
  20384.677536  10.5
  26168.598078  10.5
  32675.531254  10.5
  209.652467  9
  855.716882  9
  2301.786537  9
  4469.871971  9
  7361.503208  9
  10976.308568  9
  15314.186893  9
  20375.100107  9
  26159.031262  9
  31.212720  9.5
  862.722415  9.5
  2301.746989  9.5
  4469.872048  9.5
  7361.503208  9.5
  10976.308568  9.5
  15314.186893  9.5
  20375.100107  9.5
  26159.031262  9.5
  192.851128  8
  847.114408  8
  2292.864521  8
  4461.151123  8
  7352.859816  8
  10967.704050  8
  15305.604628  8
  20366.531767  8
  35.529600  8.5
  852.036435  8.5
  2292.842937  8.5
  4461.151155  8.5
  7352.859816  8.5
  10967.704050  8.5
  15305.604628  8.5
  20366.531767  8.5
  176.978806  7
  839.428672  7
  2285.000815  7
  4453.459511  7
  7345.235302  7
  10960.113184  7
  15298.033018  7
  40.329103  7.5
  842.720740  7.5
  2284.990017  7.5
  4453.459522  7.5
  7345.235302  7.5
  10960.113184  7.5
  15298.033018  7.5
  162.020801  6
  832.682955  6
  2278.191911  6
  4446.795914  6
  7338.628912  6
  10953.535462  6
  45.646446  6.5
  834.746319  6.5
  2278.187110  6.5
  4446.795918  6.5
  7338.628912  6.5
  10953.535462  6.5
  147.960174  5
  826.901484  5
  2272.434916  5
  4441.159277  5
  7333.039995  5
  51.516931  5.5
  828.083370  5.5
  2272.433115  5.5
  4441.159277  5.5
  7333.039995  5.5
  134.777786  4
  822.109439  4
  2267.727508  4
  4436.548703  4
  57.975675  4.5
  822.701537  4.5
  2267.726993  4.5
  4436.548703  4.5
  122.452356  3
  818.332939  3
  2264.067890  3
  65.057348  3.5
  818.570139  3.5
  2264.067804  3.5
  110.960537  2
  815.599019  2
  72.795910  2.5
  815.658384  2.5
  100.277008  1
  81.224377  1.5
