  75.351187  10
  93.714467  10
  198.456507  10
  327.285010  10
  504.396283  10
  726.345161  10
  992.975643  10
  1304.187914  10
  1659.938296  10
  2060.204798  10
  0.009579  10.5
  124.537767  10.5
  193.978604  10.5
  327.484694  10.5
  504.392253  10.5
  726.345204  10.5
  992.975642  10.5
  1304.187914  10.5
  1659.938296  10.5
  2060.204798  10.5
  64.895058  9
  86.406498  9
  186.308089  9
  316.708669  9
  494.018363  9
  716.094662  9
  982.797551  9
  1294.055303  9
  1649.836117  9
  0.020418  9.5
  109.951711  9.5
  183.625598  9.5
  316.801558  9.5
  494.016918  9.5
  716.094674  9.5
  982.797550  9.5
  1294.055303  9.5
  1649.836117  9.5
  54.910687  8
  79.590328  8
  175.796820  8
  307.303264  8
  484.779721  8
  706.953975  8
  973.712914  8
  1285.005884  8
  0.042898  8.5
  96.872861  8.5
  174.303163  8.5
  307.342208  8.5
  484.779276  8.5
  706.953978  8.5
  973.712914  8.5
  1285.005884  8.5
  45.557682  7
  73.322408  7
  166.800332  7
  299.053460  7
  476.664298  7
  698.912779  7
  965.714355  7
  0.088528  7.5
  85.375753  7.5
  166.041662  7.5
  299.067690  7.5
  476.664186  7.5
  698.912779  7.5
  965.714355  7.5
  36.977317  6
  67.659763  6
  159.205182  6
  291.943167  6
  469.658242  6
  691.961996  6
  0.178652  6.5
  75.515062  6.5
  158.863975  6.5
  291.947452  6.5
  469.658222  6.5
  691.961996  6.5
  29.282991  5
  62.660739  5
  152.914693  5
  285.956692  5
  463.749733  5
  0.350646  5.5
  67.320962  5.5
  152.785605  5.5
  285.957647  5.5
  463.749731  5.5
  22.554423  4
  58.386684  4
  147.852286  4
  281.079658  4
  0.665332  4.5
  60.792571  4.5
  147.815164  4.5
  281.079778  4.5
  16.834307  3
  54.904658  3
  143.961507  3
  1.213109  3.5
  55.891917  3.5
  143.955292  3.5
  12.126278  2
  52.291029  2
  2.114762  2.5
  52.542442  2.5
  8.393751  1
  3.513700  1.5
