  123.470299  10
  291.709784  10
  727.647990  10
  1373.574376  10
  2236.261403  10
  3314.998883  10
  4609.644696  10
  6120.144350  10
  7846.473489  10
  9788.619890  10
  2.432005  10.5
  308.561708  10.5
  727.229605  10.5
  1373.577869  10.5
  2236.261389  10.5
  3314.998883  10.5
  4609.644696  10.5
  6120.144350  10.5
  7846.473489  10.5
  9788.619890  10.5
  109.540257  9
  282.977700  9
  717.409564  9
  1363.696028  9
  2226.492848  9
  3305.286233  9
  4599.964162  9
  6110.483955  9
  7836.826549  9
  3.219230  9.5
  295.400675  9.5
  717.164860  9.5
  1363.697641  9.5
  2226.492843  9.5
  3305.286233  9.5
  4599.964162  9.5
  6110.483955  9.5
  7836.826549  9.5
  96.578989  8
  275.003412  8
  708.298883  8
  1354.871388  8
  2217.761282  8
  3296.601843  8
  4591.306857  8
  6101.843627  8
  4.227809  8.5
  283.806679  8.5
  708.165104  8.5
  1354.872061  8.5
  2217.761280  8.5
  3296.601843  8.5
  4591.306857  8.5
  6101.843627  8.5
  84.593354  7
  267.818285  7
  700.297130  7
  1347.095889  7
  2210.063790  7
  3288.943753  7
  4583.671371  7
  5.506080  7.5
  273.751440  7.5
  700.230111  7.5
  1347.096134  7.5
  2210.063790  7.5
  3288.943753  7.5
  4583.671371  7.5
  73.582584  6
  261.455795  6
  693.388755  6
  1340.365457  6
  2203.397808  6
  3282.310233  6
  7.107976  6.5
  265.199399  6.5
  693.358921  6.5
  1340.365531  6.5
  2203.397808  6.5
  3282.310233  6.5
  63.538188  5
  255.951875  5
  687.561213  5
  1334.676537  5
  2197.761112  5
  9.092226  5.5
  258.108385  5.5
  687.550010  5.5
  1334.676553  5.5
  2197.761112  5.5
  54.443900  4
  251.345225  4
  682.804679  4
  1330.026105  4
  11.521196  4.5
  252.430621  4.5
  682.801475  4.5
  1330.026107  4.5
  46.275701  3
  247.677579  3
  679.111767  3
  14.459461  3.5
  248.113971  3.5
  679.111233  3.5
  39.001946  2
  244.993854  2
  17.972193  2.5
  245.103353  2.5
  32.583631  1
  22.123504  1.5
