  81.708595  10
  113.285184  10
  247.342803  10
  426.540795  10
  669.238904  10
  973.130770  10
  1338.045050  10
  1763.899037  10
  2250.655958  10
  2798.297299  10
  0.040857  10.5
  141.132790  10.5
  244.523539  10.5
  426.629222  10.5
  669.237623  10.5
  973.130780  10.5
  1338.045050  10.5
  1763.899037  10.5
  2250.655958  10.5
  2798.297299  10.5
  70.413712  9
  105.647366  9
  235.900851  9
  416.198865  9
  659.073637  9
  963.066843  9
  1328.039189  9
  1753.929657  9
  2240.710989  9
  0.076265  9.5
  126.717750  9.5
  234.230347  9.5
  416.239871  9.5
  659.073178  9.5
  963.066845  9.5
  1328.039189  9.5
  1753.929657  9.5
  2240.710989  9.5
  59.792049  8
  98.569263  8
  225.914034  8
  406.991117  8
  650.011367  8
  954.084211  8
  1319.102312  8
  1745.021526  8
  0.140387  8.5
  113.884658  8.5
  224.991499  8.5
  407.008268  8.5
  650.011226  8.5
  954.084211  8.5
  1319.102312  8.5
  1745.021526  8.5
  49.956676  7
  92.098890  7
  217.290289  7
  398.904099  7
  642.040934  7
  946.175537  7
  1311.229164  7
  0.254099  7.5
  102.674447  7.5
  216.824519  7.5
  398.910355  7.5
  642.040899  7.5
  946.175537  7.5
  1311.229164  7.5
  40.999695  6
  86.285377  6
  209.950300  6
  391.924776  6
  635.152610  6
  939.334362  6
  0.450701  6.5
  93.109731  6.5
  209.741721  6.5
  391.926657  6.5
  635.152604  6.5
  939.334362  6.5
  32.988988  5
  81.180060  5
  203.829198  5
  386.041074  5
  629.338038  5
  0.780502  5.5
  85.190681  5.5
  203.750525  5.5
  386.041492  5.5
  629.338037  5.5
  25.966181  4
  76.838110  4
  198.876590  4
  381.242300  4
  1.314709  4.5
  78.891210  4.5
  198.854013  4.5
  381.242352  4.5
  19.945330  3
  73.320643  3
  195.055502  3
  2.146794  3.5
  74.157282  3.5
  195.051727  3.5
  14.912015  2
  70.697106  2
  3.389599  2.5
  70.909074  2.5
  10.823002  1
  5.167778  1.5
