  50.298746  10
  50.526904  10
  116.651071  10
  133.989207  10
  179.224882  10
  232.897702  10
  298.886745  10
  376.339813  10
  465.124202  10
  565.164163  10
  0.000000  10.5
  90.302887  10.5
  93.895174  10.5
  140.847838  10.5
  178.428436  10.5
  232.940010  10.5
  298.885517  10.5
  376.339833  10.5
  465.124202  10.5
  565.164163  10.5
  44.708978  9
  45.163725  9
  100.067131  9
  121.464876  9
  165.787130  9
  220.271908  9
  286.538124  9
  364.171173  9
  453.074489  9
  0.000001  9.5
  78.229695  9.5
  83.908322  9.5
  125.097158  9.5
  165.487495  9.5
  220.283471  9.5
  286.537891  9.5
  364.171175  9.5
  453.074489  9.5
  39.012245  8
  39.884092  8
  85.020103  8
  110.137516  8
  154.157402  8
  209.133737  8
  275.606470  8
  353.370246  8
  0.000008  8.5
  66.148287  8.5
  74.449888  8.5
  111.808615  8.5
  154.061769  8.5
  209.136259  8.5
  275.606438  8.5
  353.370246  8.5
  33.163417  7
  34.749094  7
  71.884188  7
  100.121449  7
  144.154393  7
  199.431975  7
  266.051727  7
  0.000043  7.5
  54.462135  7.5
  65.686175  7.5
  100.771167  7.5
  144.129868  7.5
  199.432368  7.5
  266.051725  7.5
  27.160141  6
  29.846226  6
  60.914157  6
  91.485926  6
  135.654923  6
  191.119437  6
  0.000242  6.5
  43.632493  6.5
  57.783500  6.5
  91.689496  6.5
  135.650386  6.5
  191.119470  6.5
  21.127095  5
  25.288337  5
  52.180289  5
  84.255067  5
  128.574708  5
  0.001308  5.5
  34.066513  5.5
  50.894171  5.5
  84.301569  5.5
  128.574249  5.5
  15.363630  4
  21.206374  4
  45.533983  4
  78.416293  4
  0.006744  4.5
  26.076408  4.5
  45.144773  4.5
  78.422206  4.5
  10.261349  3
  17.739203  3
  40.694590  3
  0.032268  3.5
  19.882721  3.5
  40.627541  3.5
  6.151641  2
  15.028421  2
  0.137030  2.5
  15.607957  2.5
  3.205021  1
  0.487484  1.5
