  63.692704  10
  68.022442  10
  141.577301  10
  204.072083  10
  298.417352  10
  416.784885  10
  559.310348  10
  725.814612  10
  916.229208  10
  1130.519656  10
  0.000230  10.5
  104.452789  10.5
  131.036779  10.5
  205.102538  10.5
  298.375653  10.5
  416.785773  10.5
  559.310337  10.5
  725.814612  10.5
  916.229208  10.5
  1130.519656  10.5
  55.482095  9
  61.491571  9
  127.283781  9
  192.786150  9
  287.302646  9
  405.902421  9
  548.551579  9
  715.133432  9
  905.599873  9
  0.000694  9.5
  90.010307  9.5
  120.641837  9.5
  193.273852  9.5
  287.287602  9.5
  405.902658  9.5
  548.551577  9.5
  715.133432  9.5
  905.599873  9.5
  47.249612  8
  55.277580  8
  115.010917  8
  182.755543  8
  277.460280  8
  396.228067  8
  538.970040  8
  705.610142  8
  0.002070  8.5
  76.724222  8.5
  111.158996  8.5
  182.962565  8.5
  277.455615  8.5
  396.228118  8.5
  538.970040  8.5
  705.610142  8.5
  39.164957  7
  49.456372  7
  104.681430  7
  173.975563  7
  268.852688  7
  387.740790  7
  530.550731  7
  0.006057  7.5
  64.787867  7.5
  102.664576  7.5
  174.051876  7.5
  268.851515  7.5
  387.740798  7.5
  530.550731  7.5
  31.451054  6
  44.107937  6
  96.148955  6
  166.431211  6
  261.449358  6
  380.422119  6
  0.017307  6.5
  54.357488  6.5
  95.222433  6.5
  166.454331  6.5
  261.449143  6.5
  380.422120  6.5
  24.344151  5
  39.314100  5
  89.237754  5
  160.101240  5
  255.225275  5
  0.047877  5.5
  45.554202  5.5
  88.882266  5.5
  160.106414  5.5
  255.225254  5.5
  18.052599  4
  35.157712  4
  83.781851  4
  154.962068  4
  0.126726  4.5
  38.460877  4.5
  83.678702  4.5
  154.962718  4.5
  12.728475  3
  31.724479  3
  79.648843  3
  0.316152  3.5
  33.110264  3.5
  79.631476  3.5
  8.452835  2
  29.108422  2
  0.731265  2.5
  29.467388  2.5
  5.228646  1
  1.547345  1.5
