  72.839749  10
  87.036036  10
  182.528213  10
  294.181569  10
  449.279961  10
  643.721804  10
  877.370664  10
  1150.116732  10
  1461.912560  10
  1812.734266  10
  0.004833  10.5
  119.100085  10.5
  177.111817  10.5
  294.463443  10.5
  449.273403  10.5
  643.721885  10.5
  877.370664  10.5
  1150.116732  10.5
  1461.912560  10.5
  1812.734266  10.5
  62.794935  9
  79.877308  9
  170.005136  9
  283.484490  9
  438.787934  9
  633.371828  9
  867.100896  9
  1139.897332  9
  1451.726860  9
  0.010974  9.5
  104.478590  9.5
  166.738082  9.5
  283.615875  9.5
  438.785582  9.5
  633.371850  9.5
  867.100896  9.5
  1139.897332  9.5
  1451.726860  9.5
  53.119389  8
  73.178031  8
  159.208029  8
  273.975863  8
  429.454981  8
  624.146966  8
  857.937681  8
  1130.772846  8
  0.024564  8.5
  91.317581  8.5
  157.379368  8.5
  274.031029  8.5
  429.454255  8.5
  624.146971  8.5
  857.937681  8.5
  1130.772846  8.5
  43.990150  7
  66.998800  7
  150.005559  7
  265.640279  7
  421.262221  7
  616.035269  7
  849.872482  7
  0.053993  7.5
  79.709002  7.5
  149.073210  7.5
  265.660458  7.5
  421.262039  7.5
  616.035270  7.5
  849.872482  7.5
  35.571525  6
  61.400781  6
  142.269017  6
  258.460612  6
  414.193485  6
  609.026236  6
  0.115980  6.5
  69.723590  6.5
  141.848585  6.5
  258.466693  6.5
  414.193452  6.5
  609.026236  6.5
  28.000574  5
  56.446117  5
  135.885182  5
  252.419571  5
  408.235039  5
  0.241973  5.5
  61.406781  5.5
  135.725834  5.5
  252.420927  5.5
  408.235036  5.5
  21.377915  4
  52.199458  4
  130.762912  4
  247.500969  4
  0.486821  4.5
  54.771516  4.5
  130.717033  4.5
  247.501139  4.5
  15.762560  3
  48.730816  3
  126.834604  3
  0.937387  3.5
  49.790118  3.5
  126.826916  3.5
  11.168970  2
  46.119702  2
  1.716104  2.5
  46.390195  2.5
  7.565342  1
  2.974155  1.5
