  39.260079  10
  39.260092  10
  104.565906  10
  104.595554  10
  148.717313  10
  152.517733  10
  175.236699  10
  196.048506  10
  222.721972  10
  253.443175  10
  0.000000  10.5
  74.161043  10.5
  74.161959  10.5
  129.994566  10.5
  130.488100  10.5
  161.219819  10.5
  173.245006  10.5
  196.229314  10.5
  222.714614  10.5
  253.443290  10.5
  35.116125  9
  35.116202  9
  92.009974  9
  92.133608  9
  126.123759  9
  133.421412  9
  153.868264  9
  176.616689  9
  203.865030  9
  0.000000  9.5
  65.858417  9.5
  65.863100  9.5
  112.594352  9.5
  114.109534  9.5
  137.326834  9.5
  153.374569  9.5
  176.641287  9.5
  203.864583  9.5
  30.971315  8
  30.971761  8
  79.285680  8
  79.744909  8
  104.773502  8
  115.947383  8
  135.990151  8
  159.688058  8
  0.000000  8.5
  57.541439  8.5
  57.563979  8.5
  94.631536  8.5
  98.306452  8.5
  117.160388  8.5
  135.911754  8.5
  159.689756  8.5
  26.824526  7
  26.827009  7
  66.184458  7
  67.608809  7
  86.156887  7
  100.573753  7
  120.919157  7
  0.000000  7.5
  49.181362  7.5
  49.281081  7.5
  76.817704  7.5
  83.597426  7.5
  100.807607  7.5
  120.912896  7.5
  22.671412  6
  22.684465  6
  52.711906  6
  56.084408  6
  71.170906  6
  87.535968  6
  0.000000  6.5
  40.689679  6.5
  41.078324  6.5
  60.568318  6.5
  70.538948  6.5
  87.558203  6.5
  18.494340  5
  18.557435  5
  39.734344  5
  45.681218  5
  59.621302  5
  0.000000  5.5
  31.905958  5.5
  33.134741  5.5
  47.146767  5.5
  59.546513  5.5
  14.232783  4
  14.498873  4
  28.560626  4
  36.913521  4
  0.000001  4.5
  22.974128  4.5
  25.803400  4.5
  37.144547  4.5
  9.788904  3
  10.664169  3
  20.179966  3
  0.000038  3.5
  14.856348  3.5
  19.563857  3.5
  5.429870  2
  7.362959  2
  0.001403  2.5
  8.649562  2.5
  2.107656  1
  0.036724  1.5
