  70.710922  10
  81.881025  10
  170.648939  10
  269.029012  10
  407.322711  10
  580.758092  10
  789.226764  10
  1032.608309  10
  1310.851505  10
  1623.930574  10
  0.002572  10.5
  115.001583  10.5
  164.285699  10.5
  269.408938  10.5
  407.312703  10.5
  580.758233  10.5
  789.226763  10.5
  1032.608309  10.5
  1310.851505  10.5
  1623.930574  10.5
  61.051518  9
  74.856983  9
  157.764230  9
  258.215825  9
  396.717401  9
  570.309861  9
  778.866550  9
  1022.303352  9
  1300.583513  9
  0.006193  9.5
  100.372035  9.5
  153.897699  9.5
  258.393307  9.5
  396.713809  9.5
  570.309899  9.5
  778.866549  9.5
  1022.303352  9.5
  1300.583513  9.5
  51.667379  8
  68.262473  8
  146.684396  8
  248.606879  8
  387.291075  8
  561.001923  8
  769.625856  8
  1013.104898  8
  0.014701  8.5
  87.153341  8.5
  144.507885  8.5
  248.681521  8.5
  387.289965  8.5
  561.001931  8.5
  769.625856  8.5
  1013.104898  8.5
  42.746725  7
  62.161835  7
  137.275268  7
  240.187345  7
  379.021895  7
  552.820698  7
  761.494990  7
  0.034267  7.5
  75.454844  7.5
  136.160976  7.5
  240.214681  7.5
  379.021616  7.5
  552.820700  7.5
  761.494990  7.5
  34.473471  6
  56.620198  6
  129.396098  6
  232.939506  6
  371.891309  6
  545.754257  6
  0.078021  6.5
  65.362790  6.5
  128.892176  6.5
  232.947751  6.5
  371.891258  6.5
  545.754258  6.5
  27.007022  5
  51.703467  5
  122.918231  5
  226.844739  5
  365.883639  5
  0.172364  5.5
  56.937164  5.5
  122.726870  5.5
  226.846578  5.5
  365.883634  5.5
  20.468717  4
  47.479591  4
  117.736006  4
  221.885189  4
  0.366435  4.5
  50.204418  4.5
  117.680839  4.5
  221.885419  4.5
  14.934179  3
  44.021451  3
  113.770394  3
  0.742933  3.5
  45.147656  3.5
  113.761142  3.5
  10.429185  2
  41.411449  2
  1.424643  2.5
  41.699796  2.5
  6.927302  1
  2.569205  1.5
