  51.229371  10
  51.535823  10
  117.558627  10
  137.375578  10
  184.968562  10
  242.226541  10
  312.326767  10
  394.549108  10
  488.766160  10
  594.907549  10
  0.000000  10.5
  91.341653  10.5
  95.810696  10.5
  143.393605  10.5
  184.335762  10.5
  242.257608  10.5
  312.325928  10.5
  394.549120  10.5
  488.766160  10.5
  594.907549  10.5
  45.489709  9
  46.079691  9
  101.041919  9
  124.945482  9
  171.829111  9
  229.800417  9
  300.160397  9
  382.549829  9
  476.877510  9
  0.000002  9.5
  78.963817  9.5
  85.760705  9.5
  128.079974  9.5
  171.592701  9.5
  229.808881  9.5
  300.160238  9.5
  382.549830  9.5
  476.877510  9.5
  39.629760  8
  40.721548  8
  86.163571  8
  113.735286  8
  160.418755  8
  218.829838  8
  289.382688  8
  371.893841  8
  0.000013  8.5
  66.679429  8.5
  76.280306  8.5
  115.158895  8.5
  160.343651  8.5
  218.831681  8.5
  289.382667  8.5
  371.893841  8.5
  33.611070  7
  35.526573  7
  73.255000  7
  103.842820  7
  150.580906  7
  209.266642  7
  279.956830  7
  0.000070  7.5
  54.903781  7.5
  67.529792  7.5
  104.391533  7.5
  150.561704  7.5
  209.266929  7.5
  279.956829  7.5
  27.452643  6
  30.584633  6
  62.523901  6
  95.323494  6
  142.208154  6
  201.066984  6
  0.000366  6.5
  44.073757  6.5
  59.665963  6.5
  95.494504  6.5
  142.204608  6.5
  201.067008  6.5
  21.308677  5
  26.007954  5
  53.992956  5
  88.192129  5
  135.225559  5
  0.001851  5.5
  34.561165  5.5
  52.829984  5.5
  88.231072  5.5
  135.225200  5.5
  15.491469  4
  21.923673  4
  47.487252  4
  82.431928  4
  0.008932  4.5
  26.648661  4.5
  47.137456  4.5
  82.436871  4.5
  10.376815  3
  18.464902  3
  42.731317  3
  0.040028  3.5
  20.534953  3.5
  42.671252  3.5
  6.268017  2
  15.767479  2
  0.159687  2.5
  16.324608  2.5
  3.313790  1
  0.538189  1.5
