  38.661818  10
  38.661818  10
  103.366581  10
  103.369930  10
  149.870433  10
  150.921842  10
  174.328535  10
  188.083191  10
  209.198249  10
  233.669111  10
  0.000000  10.5
  73.138069  10.5
  73.138142  10.5
  129.184610  10.5
  129.266840  10.5
  163.837110  10.5
  169.563312  10.5
  188.805321  10.5
  209.156026  10.5
  233.670009  10.5
  34.586362  9
  34.586368  9
  91.095449  9
  91.114883  9
  128.084698  9
  131.116885  9
  149.410360  9
  166.418085  9
  188.143187  9
  0.000000  9.5
  64.980568  9.5
  64.981081  9.5
  112.587400  9.5
  112.953055  9.5
  138.125069  9.5
  147.925760  9.5
  166.528025  9.5
  188.140456  9.5
  30.510537  8
  30.510585  8
  78.769171  8
  78.870679  8
  106.170644  8
  112.444149  8
  128.858170  8
  147.550924  8
  0.000000  8.5
  56.818333  8.5
  56.821747  8.5
  95.560841  8.5
  96.881817  8.5
  115.158936  8.5
  128.586487  8.5
  147.559044  8.5
  26.434007  7
  26.434374  7
  66.264236  7
  66.716763  7
  85.829079  7
  95.616969  7
  111.921405  7
  0.000000  7.5
  48.642468  7.5
  48.663402  7.5
  78.022567  7.5
  81.489755  7.5
  96.240248  7.5
  111.897944  7.5
  22.355485  6
  22.358144  6
  53.348191  6
  54.899935  6
  68.715593  6
  81.174427  6
  0.000000  6.5
  40.415697  6.5
  40.529740  6.5
  61.011182  6.5
  67.432316  6.5
  81.239600  6.5
  18.268504  5
  18.286250  5
  40.281317  5
  43.919099  5
  55.534090  5
  0.000000  5.5
  32.011725  5.5
  32.523461  5.5
  46.204959  5.5
  55.363080  5.5
  14.141126  4
  14.244953  4
  28.415547  4
  34.427239  4
  0.000000  4.5
  23.304358  4.5
  24.938115  4.5
  34.837564  4.5
  9.870240  3
  10.345638  3
  19.154287  3
  0.000006  3.5
  14.956978  3.5
  18.301560  3.5
  5.521536  2
  6.891200  2
  0.000388  2.5
  8.337935  2.5
  2.056156  1
  0.018950  1.5
