  147.662531  10
  413.972607  10
  1063.795518  10
  2033.006609  10
  3326.540986  10
  4943.815813  10
  6884.696339  10
  9149.131414  10
  11737.098205  10
  14648.585267  10
  6.081947  10.5
  428.005384  10.5
  1063.568282  10.5
  2033.007866  10.5
  3326.540983  10.5
  4943.815813  10.5
  6884.696339  10.5
  9149.131414  10.5
  11737.098205  10.5
  14648.585267  10.5
  132.720413  9
  404.953931  9
  1053.683720  9
  2023.188623  9
  3316.822667  9
  4934.147881  9
  6875.057320  9
  9139.510510  9
  11727.489398  9
  7.556597  9.5
  415.253530  9.5
  1053.550948  9.5
  2023.189204  9.5
  3316.822666  9.5
  4934.147881  9.5
  6875.057320  9.5
  9139.510510  9.5
  11727.489398  9.5
  118.750983  8
  396.743302  8
  1044.666526  8
  2014.413386  8
  3308.133101  8
  4925.501520  8
  6866.435735  8
  9130.904442  8
  9.334861  8.5
  404.012677  8.5
  1044.594001  8.5
  2014.413628  8.5
  3308.133101  8.5
  4925.501520  8.5
  6866.435735  8.5
  9130.904442  8.5
  105.750077  7
  389.369025  7
  1036.732696  7
  2006.677826  7
  3300.470362  7
  4917.875431  7
  6858.830649  7
  11.462911  7.5
  394.250759  7.5
  1036.696388  7.5
  2006.677914  7.5
  3300.470362  7.5
  4917.875431  7.5
  6858.830649  7.5
  93.708390  6
  382.861138  6
  1029.872897  6
  1999.979215  6
  3293.832750  6
  4911.268468  6
  13.989773  6.5
  385.931610  6.5
  1029.856743  6.5
  1999.979242  6.5
  3293.832750  6.5
  4911.268468  6.5
  82.611457  5
  377.251572  5
  1024.079546  5
  1994.315185  5
  3288.218795  5
  16.966629  5.5
  379.015563  5.5
  1024.073483  5.5
  1994.315191  5.5
  3288.218795  5.5
  72.439678  4
  372.574284  4
  1019.346655  4
  1989.683724  4
  20.446022  4.5
  373.460158  4.5
  1019.344921  4.5
  1989.683725  4.5
  63.168379  3
  368.865341  3
  1015.669674  3
  24.480972  3.5
  369.220902  3.5
  1015.669385  3.5
  54.767949  2
  366.162952  2
  29.124085  2.5
  366.252058  2.5
  47.204042  1
  34.426663  1.5
