  84.444513  10
  122.715358  10
  271.628712  10
  475.164501  10
  749.861307  10
  1093.733415  10
  1506.609726  10
  1988.412487  10
  2539.107026  10
  3158.675889  10
  0.068112  10.5
  149.396625  10.5
  269.284519  10.5
  475.228793  10.5
  749.860488  10.5
  1093.733421  10.5
  1506.609726  10.5
  1988.412487  10.5
  2539.107026  10.5
  3158.675889  10.5
  72.863043  9
  114.955828  9
  260.401772  9
  464.897246  9
  739.761741  9
  1083.727404  9
  1496.657407  9
  1978.493901  9
  2529.211010  9
  0.121423  9.5
  135.074773  9.5
  259.016686  9.5
  464.927036  9.5
  739.761448  9.5
  1083.727405  9.5
  1496.657407  9.5
  1978.493901  9.5
  2529.211010  9.5
  62.016342  8
  107.779787  8
  250.571989  8
  455.751811  8
  730.754104  8
  1074.793884  8
  1487.766500  8
  1969.629762  8
  0.213527  8.5
  122.352841  8.5
  249.808710  8.5
  455.764263  8.5
  730.754014  8.5
  1074.793885  8.5
  1487.766500  8.5
  1969.629762  8.5
  52.000397  7
  101.232543  7
  242.059163  7
  447.715768  7
  722.828671  7
  1066.926428  7
  1479.932397  7
  0.369440  7.5
  111.260644  7.5
  241.674409  7.5
  447.720307  7.5
  722.828648  7.5
  1066.926428  7.5
  1479.932397  7.5
  42.891209  6
  95.360797  6
  234.795247  6
  440.777300  6
  715.976942  6
  1060.119373  6
  0.627042  6.5
  101.810193  6.5
  234.623149  6.5
  440.778665  6.5
  715.976938  6.5
  1060.119373  6.5
  34.742652  5
  90.213736  5
  228.725044  5
  434.925606  5
  710.191605  5
  1.040784  5.5
  93.992236  5.5
  228.660186  5.5
  434.925910  5.5
  710.191605  5.5
  27.585089  4
  85.844549  4
  223.805804  4
  430.151202  4
  1.684281  4.5
  87.773581  4.5
  223.787202  4.5
  430.151240  4.5
  21.424411  3
  82.312268  3
  220.006146  3
  2.650408  3.5
  83.096626  3.5
  220.003037  3.5
  16.241392  2
  79.683749  2
  4.047817  2.5
  79.882154  2.5
  11.991548  1
  5.993963  1.5
