  420.637950  10
  2113.378356  10
  5774.466973  10
  11266.763785  10
  18590.831187  10
  27746.235768  10
  38732.855669  10
  51550.645114  10
  66199.583741  10
  82679.661361  10
  111.731728  10.5
  2119.470757  10.5
  5774.450198  10.5
  11266.763801  10.5
  18590.831187  10.5
  27746.235768  10.5
  38732.855669  10.5
  51550.645114  10.5
  66199.583741  10.5
  82679.661361  10.5
  397.624954  9
  2103.474130  9
  5764.538387  9
  11257.044767  9
  18581.194950  9
  27736.641000  9
  38723.284620  9
  51541.088897  9
  66190.037416  9
  120.649162  9.5
  2107.912183  9.5
  5764.528599  9.5
  11257.044775  9.5
  18581.194950  9.5
  27736.641000  9.5
  38723.284620  9.5
  51541.088897  9.5
  66190.037416  9.5
  375.501304  8
  2094.540946  8
  5755.658869  8
  11248.350437  8
  18572.574062  8
  27728.056888  8
  38714.721539  8
  51532.538967  8
  130.131017  8.5
  2097.652107  8.5
  5755.653529  8.5
  11248.350440  8.5
  18572.574062  8.5
  27728.056888  8.5
  38714.721539  8.5
  51532.538967  8.5
  354.254784  7
  2086.594682  7
  5747.827018  7
  11240.680250  7
  18564.968185  7
  27720.483204  7
  38707.166263  7
  140.199276  7.5
  2088.671453  7.5
  5747.824347  7.5
  11240.680252  7.5
  18564.968185  7.5
  27720.483204  7.5
  38707.166263  7.5
  333.872333  6
  2079.651588  6
  5741.041638  6
  11234.033726  6
  18558.377025  6
  27713.919750  6
  150.875747  6.5
  2080.951014  6.5
  5741.040451  6.5
  11234.033727  6.5
  18558.377025  6.5
  27713.919750  6.5
  314.340068  5
  2073.728278  5
  5735.301730  5
  11228.410449  5
  18552.800323  5
  162.181995  5.5
  2074.471506  5.5
  5735.301285  5.5
  11228.410449  5.5
  18552.800323  5.5
  295.643295  4
  2068.841724  4
  5730.606480  4
  11223.810066  4
  174.139290  4.5
  2069.213625  4.5
  5730.606353  4.5
  11223.810066  4.5
  277.766539  3
  2065.009241  3
  5726.955244  3
  186.768537  3.5
  2065.158090  3.5
  5726.955223  3.5
  260.693569  2
  2062.248471  2
  200.090225  2.5
  2062.285699  2.5
  244.407427  1
  214.124369  1.5
