  57.716947  10
  59.229411  10
  126.766468  10
  166.307657  10
  234.418347  10
  319.460149  10
  422.228686  10
  542.425952  10
  679.960660  10
  834.786347  10
  0.000018  10.5
  97.920070  10.5
  111.425630  10.5
  168.710412  10.5
  234.272981  10.5
  319.464629  10.5
  422.228608  10.5
  542.425953  10.5
  679.960660  10.5
  834.786347  10.5
  50.778904  9
  53.177597  9
  111.230228  9
  154.515564  9
  222.620087  9
  308.020388  9
  410.960771  9
  531.266045  9
  668.872756  9
  0.000069  9.5
  84.066084  9.5
  101.110653  9.5
  155.682442  9.5
  222.567156  9.5
  308.021594  9.5
  410.960756  9.5
  531.266045  9.5
  668.872756  9.5
  43.689219  8
  47.336222  8
  97.708139  8
  144.000918  8
  212.231918  8
  297.877300  8
  400.945165  8
  521.330403  8
  0.000263  8.5
  70.977326  8.5
  91.583835  8.5
  144.505085  8.5
  212.215396  8.5
  297.877560  8.5
  400.945163  8.5
  521.330403  8.5
  36.516611  7
  41.784357  7
  86.281753  7
  134.787375  7
  203.186904  7
  288.999864  7
  392.159564  7
  0.000982  7.5
  58.965609  7.5
  82.958476  7.5
  134.975441  7.5
  203.182730  7.5
  288.999905  7.5
  392.159564  7.5
  29.432332  6
  36.612850  6
  76.902667  6
  126.875805  6
  195.434366  6
  281.360731  6
  0.003580  6.5
  48.289464  6.5
  75.334951  6.5
  126.933230  6.5
  195.433602  6.5
  281.360734  6.5
  22.697981  5
  31.919926  5
  69.408424  5
  120.249964  5
  188.934933  5
  0.012635  5.5
  39.151930  5.5
  68.796269  5.5
  120.262880  5.5
  188.934856  5.5
  16.604035  4
  27.806920  4
  63.584345  4
  114.883529  4
  0.042545  4.5
  31.704175  4.5
  63.404827  4.5
  114.885157  4.5
  11.398661  3
  24.376734  3
  59.231138  3
  0.133871  3.5
  26.040338  3.5
  59.200729  3.5
  7.241402  2
  21.737911  2
  0.383145  2.5
  22.175105  2.5
  4.182144  1
  0.971612  1.5
