  76.008795  10
  95.567490  10
  202.962022  10
  336.554939  10
  519.814185  10
  749.444567  10
  1025.286701  10
  1347.243022  10
  1715.270728  10
  2129.348268  10
  0.011337  10.5
  126.069687  10.5
  198.700229  10.5
  336.737713  10.5
  519.810627  10.5
  749.444605  10.5
  1025.286701  10.5
  1347.243022  10.5
  1715.270728  10.5
  2129.348268  10.5
  65.452851  9
  88.222214  9
  190.902281  9
  326.007401  9
  509.462986  9
  739.217433  9
  1015.130156  9
  1337.130818  9
  1705.188195  9
  0.023792  9.5
  111.496696  9.5
  188.353116  9.5
  326.092386  9.5
  509.461711  9.5
  739.217442  9.5
  1015.130156  9.5
  1337.130818  9.5
  1705.188195  9.5
  55.393516  8
  81.376675  8
  180.457768  8
  316.626468  8
  500.246466  8
  730.096525  8
  1006.063996  8
  1328.099057  8
  0.049218  8.5
  98.441300  8.5
  179.039972  8.5
  316.662087  8.5
  500.246072  8.5
  730.096527  8.5
  1006.063996  8.5
  1328.099057  8.5
  45.985479  7
  75.086305  7
  171.509039  7
  308.396919  7
  492.149202  7
  722.071903  7
  998.081111  7
  0.100015  7.5
  86.973934  7.5
  170.789499  7.5
  308.409931  7.5
  492.149104  7.5
  722.071903  7.5
  998.081111  7.5
  37.364214  6
  69.407146  6
  163.946602  6
  301.302968  6
  485.157876  6
  715.134820  6
  0.198780  6.5
  77.145419  6.5
  163.623182  6.5
  301.306885  6.5
  485.157859  6.5
  715.134820  6.5
  29.637464  5
  64.396655  5
  157.677745  5
  295.329332  5
  479.261111  5
  0.384396  5.5
  68.982260  5.5
  157.555437  5.5
  295.330205  5.5
  479.261109  5.5
  22.880075  4
  60.115410  4
  152.629270  4
  290.462078  4
  0.719086  4.5
  62.480332  4.5
  152.594107  4.5
  290.462188  4.5
  17.130999  3
  56.629764  3
  148.747270  3
  1.293935  3.5
  57.599375  3.5
  148.741384  3.5
  12.391436  2
  54.015305  2
  2.229115  2.5
  54.262066  2.5
  8.623786  1
  3.666006  1.5
