  44.159421  10
  44.172416  10
  111.644175  10
  115.492329  10
  150.680127  10
  180.350858  10
  221.109748  10
  269.294338  10
  324.866020  10
  387.667743  10
  0.000000  10.5
  82.148412  10.5
  82.512231  10.5
  131.189123  10.5
  146.329096  10.5
  180.836643  10.5
  221.083527  10.5
  269.295105  10.5
  324.866009  10.5
  387.667743  10.5
  39.432128  9
  39.468065  9
  95.956978  9
  102.484294  9
  133.455102  9
  165.582724  9
  206.740377  9
  255.275186  9
  311.067312  9
  0.000000  9.5
  72.379304  9.5
  73.214510  9.5
  112.314785  9.5
  131.594832  9.5
  165.722532  9.5
  206.735256  9.5
  255.275279  9.5
  311.067311  9.5
  34.680947  8
  34.776986  8
  80.508141  8
  90.304515  8
  119.061835  8
  152.617922  8
  194.121023  8
  242.899353  8
  0.000000  8.5
  62.344250  8.5
  64.112279  8.5
  95.621058  8.5
  118.416524  8.5
  152.649504  8.5
  194.120320  8.5
  242.899359  8.5
  29.876798  7
  30.121896  7
  66.032858  7
  79.222833  7
  107.087919  7
  141.402582  7
  183.164231  7
  0.000000  7.5
  52.019827  7.5
  55.366265  7.5
  81.581053  7.5
  106.913673  7.5
  141.407619  7.5
  183.164179  7.5
  24.965719  6
  25.551434  6
  53.218793  6
  69.474503  6
  97.150934  6
  131.862233  6
  0.000005  6.5
  41.664331  6.5
  47.191882  6.5
  70.281498  6.5
  97.117666  6.5
  131.862663  6.5
  19.887098  5
  21.155956  5
  42.595156  5
  61.225296  5
  88.996987  5
  0.000048  5.5
  31.857954  5.5
  39.835074  5.5
  61.419217  5.5
  88.993557  5.5
  14.691569  4
  17.077440  4
  34.444187  4
  54.552821  4
  0.000469  4.5
  23.246988  4.5
  33.536694  4.5
  54.578151  4.5
  9.722237  3
  13.501558  3
  28.662665  3
  0.004242  3.5
  16.330581  3.5
  28.498851  3.5
  5.534684  2
  10.633406  2
  0.033488  2.5
  11.432745  2.5
  2.557180  1
  0.206252  1.5
