  38.051973  10
  38.051973  10
  102.108425  10
  102.108425  10
  150.043325  10
  150.045727  10
  181.009282  10
  181.965948  10
  195.351563  10
  205.161889  10
  -0.000000  10.5
  72.089600  10.5
  72.089600  10.5
  128.099738  10.5
  128.099783  10.5
  167.857266  10.5
  167.927034  10.5
  188.890507  10.5
  193.526225  10.5
  205.289598  10.5
  34.046059  9
  34.046059  9
  90.088051  9
  90.088061  9
  129.964291  9
  129.993119  9
  151.714066  9
  155.057641  9
  165.845514  9
  -0.000000  9.5
  64.077299  9.5
  64.077299  9.5
  112.065581  9.5
  112.066328  9.5
  143.457139  9.5
  143.982057  9.5
  157.451845  9.5
  165.639048  9.5
  30.040118  8
  30.040118  8
  78.066136  8
  78.066329  8
  109.743684  8
  110.003933  8
  123.712384  8
  130.324745  8
  -0.000000  8.5
  56.064745  8.5
  56.064747  8.5
  96.019610  8.5
  96.030060  8.5
  118.439802  8.5
  120.705336  8.5
  130.649802  8.5
  26.034135  7
  26.034135  7
  66.039876  7
  66.043053  7
  89.033785  7
  90.449168  7
  99.704777  7
  0.000000  7.5
  48.051733  7.5
  48.051771  7.5
  79.907935  7.5
  80.021834  7.5
  94.074990  7.5
  99.210241  7.5
  22.028077  6
  22.028081  6
  53.988026  6
  54.030304  6
  68.484865  6
  72.284594  6
  0.000000  6.5
  40.037497  6.5
  40.038243  6.5
  63.475967  6.5
  64.269825  6.5
  73.004908  6.5
  18.021820  5
  18.021932  5
  41.765668  5
  42.149597  5
  50.530120  5
  0.000000  5.5
  32.015579  5.5
  32.027902  5.5
  46.896077  5.5
  49.534990  5.5
  14.014132  4
  14.016473  4
  29.273045  4
  30.947487  4
  0.000000  4.5
  23.923943  4.5
  24.072950  4.5
  32.242572  4.5
  9.987908  3
  10.026889  3
  18.091789  3
  0.000000  3.5
  15.589765  3.5
  16.508067  3.5
  5.828566  2
  6.203554  2
  0.000002  2.5
  8.026282  2.5
  2.004379  1
  0.001461  1.5
