  80.286461  10
  108.604376  10
  235.431658  10
  402.567983  10
  629.464873  10
  913.614922  10
  1254.847713  10
  1653.077489  10
  2108.266202  10
  2620.394700  10
  0.030539  10.5
  137.088245  10.5
  232.316452  10.5
  402.673175  10.5
  629.463238  10.5
  913.614936  10.5
  1254.847713  10.5
  1653.077489  10.5
  2108.266202  10.5
  2620.394700  10.5
  69.156382  9
  101.034466  9
  223.858962  9
  392.181592  9
  619.260060  9
  903.516193  9
  1244.809697  9
  1643.077615  9
  2098.291853  9
  0.058530  9.5
  122.628018  9.5
  222.009717  9.5
  392.230398  9.5
  619.259474  9.5
  903.516197  9.5
  1244.809697  9.5
  1643.077615  9.5
  2098.291853  9.5
  58.661907  8
  94.010711  8
  213.776191  8
  382.936605  8
  610.164936  8
  894.504061  8
  1235.845220  8
  1634.143079  8
  0.110608  8.5
  109.737471  8.5
  212.753536  8.5
  382.957027  8.5
  610.164756  8.5
  894.504062  8.5
  1235.845220  8.5
  1634.143079  8.5
  48.925892  7
  87.582740  7
  205.084581  7
  374.819051  7
  602.167462  7
  886.570638  7
  1227.948636  7
  0.205470  7.5
  98.464018  7.5
  204.567737  7.5
  374.826502  7.5
  602.167416  7.5
  886.570638  7.5
  1227.948636  7.5
  40.050009  6
  81.801153  6
  197.698115  6
  367.815220  6
  595.257159  6
  879.708982  6
  0.373843  6.5
  88.836494  6.5
  197.466493  6.5
  367.817461  6.5
  595.257151  6.5
  879.708982  6.5
  32.110624  5
  76.718582  5
  191.546025  5
  361.912306  5
  589.425036  5
  0.663518  5.5
  80.860757  5.5
  191.458614  5.5
  361.912805  5.5
  589.425036  5.5
  25.156296  4
  72.391363  4
  186.573196  4
  357.098906  4
  1.143989  4.5
  74.515226  4.5
  186.548103  4.5
  357.098968  4.5
  19.206175  3
  68.881789  3
  182.739182  3
  1.908654  3.5
  69.748401  3.5
  182.734985  3.5
  14.248939  2
  66.260742  2
  3.072430  2.5
  66.480514  2.5
  10.242316  1
  4.763947  1.5
