  41.041947  10
  41.042572  10
  107.778999  10
  108.293965  10
  146.168853  10
  160.367413  10
  188.713298  10
  221.605173  10
  260.213508  10
  304.115989  10
  0.000000  10.5
  77.163864  10.5
  77.191166  10.5
  130.765235  10.5
  135.032173  10.5
  163.079416  10.5
  188.443183  10.5
  221.618293  10.5
  260.213188  10.5
  304.115992  10.5
  36.691615  9
  36.694042  9
  94.092237  9
  95.423126  9
  125.014698  9
  143.312278  9
  171.702525  9
  205.308207  9
  244.286170  9
  0.000000  9.5
  68.396064  9.5
  68.485904  9.5
  111.558295  9.5
  119.087183  9.5
  144.207699  9.5
  171.646469  9.5
  205.309845  9.5
  244.286152  9.5
  32.336844  8
  32.345970  8
  79.958969  8
  82.929908  8
  106.842867  8
  128.218824  8
  156.971338  8
  191.013666  8
  0.000000  8.5
  59.543599  8.5
  59.820078  8.5
  93.102108  8.5
  104.361356  8.5
  128.438783  8.5
  156.963323  8.5
  191.013773  8.5
  27.970233  7
  28.003111  7
  65.630865  7
  71.129533  7
  91.980806  7
  115.173814  7
  144.299347  7
  0.000000  7.5
  50.501727  7.5
  51.273812  7.5
  76.478758  7.5
  91.220481  7.5
  115.210739  7.5
  144.298747  7.5
  23.570189  6
  23.681752  6
  51.936377  6
  60.398497  6
  80.070358  6
  104.141210  6
  0.000000  6.5
  41.151809  6.5
  43.011849  6.5
  62.544421  6.5
  79.914316  6.5
  104.144463  6.5
  19.082440  5
  19.428427  5
  39.855962  5
  51.094219  5
  70.554880  5
  0.000002  5.5
  31.647688  5.5
  35.301160  5.5
  51.669332  5.5
  70.538144  5.5
  14.424695  4
  15.351561  4
  30.155997  4
  43.473617  4
  0.000030  4.5
  22.685465  4.5
  28.479566  4.5
  43.553126  4.5
  9.673267  3
  11.647831  3
  23.212628  3
  0.000529  3.5
  15.133201  3.5
  22.884234  3.5
  5.378640  2
  8.586380  2
  0.008158  2.5
  9.613019  2.5
  2.265270  1
  0.093350  1.5
