  38.077663  10
  38.077663  10
  102.161957  10
  102.161959  10
  150.062485  10
  150.068972  10
  180.446327  10
  182.062102  10
  195.577120  10
  207.131674  10
  -0.000000  10.5
  72.133873  10.5
  72.133873  10.5
  128.148788  10.5
  128.148939  10.5
  167.758657  10.5
  167.910579  10.5
  188.080594  10.5
  194.262205  10.5
  207.206806  10.5
  34.068824  9
  34.068824  9
  90.131487  9
  90.131521  9
  129.934740  9
  129.998106  9
  151.030723  9
  155.572827  9
  167.312744  9
  -0.000000  9.5
  64.115489  9.5
  64.115490  9.5
  112.097223  9.5
  112.099249  9.5
  143.128041  9.5
  144.038973  9.5
  157.434236  9.5
  167.181848  9.5
  30.059946  8
  30.059946  8
  78.098599  8
  78.099123  8
  109.579640  8
  110.040551  8
  123.550222  8
  131.497957  8
  -0.000000  8.5
  56.096725  8.5
  56.096731  8.5
  96.024916  8.5
  96.048033  8.5
  117.913095  8.5
  121.051376  8.5
  131.720224  8.5
  26.051005  7
  26.051006  7
  66.058236  7
  66.065294  7
  88.669876  7
  90.670550  7
  100.435600  7
  0.000000  7.5
  48.077251  7.5
  48.077355  7.5
  79.844191  7.5
  80.048712  7.5
  93.852774  7.5
  100.070758  7.5
  22.041948  6
  22.041961  6
  53.974997  6
  54.051567  6
  68.263430  6
  72.887713  6
  0.000000  6.5
  40.055711  6.5
  40.057373  6.5
  63.258919  6.5
  64.403162  6.5
  73.460287  6.5
  18.032559  5
  18.032807  5
  41.661048  5
  42.223610  5
  50.781186  5
  0.000000  5.5
  32.021174  5.5
  32.043603  5.5
  46.711579  5.5
  49.933050  5.5
  14.020719  4
  14.024991  4
  29.141187  4
  31.188526  4
  0.000000  4.5
  23.888211  4.5
  24.109054  4.5
  32.360716  4.5
  9.982066  3
  10.040196  3
  18.137072  3
  0.000000  3.5
  15.511369  3.5
  16.634882  3.5
  5.794587  2
  6.253429  2
  0.000005  2.5
  8.039289  2.5
  2.006546  1
  0.002185  1.5
