  39.590179  10
  39.590215  10
  105.206977  10
  105.271224  10
  147.999517  10
  153.666469  10
  176.997417  10
  200.648823  10
  229.873579  10
  263.410450  10
  0.000000  10.5
  74.722777  10.5
  74.725045  10.5
  130.307016  10.5
  131.220033  10.5
  160.650430  10.5
  175.705723  10.5
  200.747489  10.5
  229.870054  10.5
  263.410499  10.5
  35.408290  9
  35.408482  9
  92.472324  9
  92.709476  9
  125.406884  9
  134.983881  9
  156.899807  9
  182.053603  9
  211.805424  9
  0.000000  9.5
  66.338282  9.5
  66.348606  9.5
  112.445226  9.5
  114.870206  9.5
  137.868671  9.5
  156.599117  9.5
  182.066645  9.5
  211.805213  9.5
  31.225164  8
  31.226159  8
  79.495034  8
  80.269700  8
  104.609717  8
  118.067138  8
  139.910982  8
  165.831662  8
  0.000000  8.5
  57.931175  8.5
  57.975367  8.5
  94.160265  8.5
  99.257377  8.5
  118.897286  8.5
  139.864913  8.5
  165.832545  8.5
  27.038975  7
  27.043911  7
  66.081085  7
  68.175184  7
  86.867200  7
  103.284884  7
  125.493085  7
  0.000000  7.5
  49.458511  7.5
  49.632028  7.5
  76.448744  7.5
  84.891009  7.5
  103.437504  7.5
  125.489482  7.5
  22.842968  6
  22.866077  6
  52.445777  6
  56.811316  6
  72.719038  6
  90.776634  6
  0.000000  6.5
  40.807784  6.5
  41.405132  6.5
  60.661479  6.5
  72.259164  6.5
  90.790782  6.5
  18.612445  5
  18.711834  5
  39.608584  5
  46.665030  5
  61.737443  5
  0.000000  5.5
  31.842201  5.5
  33.503080  5.5
  47.857391  5.5
  61.684772  5.5
  14.275219  4
  14.647251  4
  28.763334  4
  38.186423  4
  0.000002  4.5
  22.859204  4.5
  26.287915  4.5
  38.366794  4.5
  9.755064  3
  10.842421  3
  20.742328  3
  0.000077  3.5
  14.862465  3.5
  20.208537  3.5
  5.403428  2
  7.601992  2
  0.002233  2.5
  8.824030  2.5
  2.136373  1
  0.046795  1.5
